# Network	H1	L1	
2.992653195449842940e+01 2.432180748171883167e+01 1.743694341465331021e+01
3.010580217365983913e+01 2.453575451699740384e+01 1.744580393106557281e+01
3.015815621414187930e+01 2.456195020568253540e+01 1.749928536627013287e+01
3.025546958247769780e+01 2.469574696970629191e+01 1.747894508442874084e+01
3.034954460173994661e+01 2.478030297395570969e+01 1.752231269130773583e+01
3.007858295067858023e+01 2.448661316352868056e+01 1.746788275952629732e+01
3.054571933326663569e+01 2.506140470841303625e+01 1.746330334237574888e+01
3.013180346031552759e+01 2.454998670205711164e+01 1.747065347088945586e+01
3.001543110336393738e+01 2.438881195065880192e+01 1.749605543990386991e+01
2.997889809659688964e+01 2.434820899049650933e+01 1.748996998400070524e+01
3.006808265317761553e+01 2.445066085965847336e+01 1.750013651273285475e+01
3.014651464841217177e+01 2.453078418365588576e+01 1.752292706090588581e+01
2.992207077244409419e+01 2.426485465244735096e+01 1.750848788464490013e+01
3.006023649353783256e+01 2.442710482721880183e+01 1.751954245428480306e+01
3.020575082655629728e+01 2.462482766969834103e+01 1.749300560891882128e+01
3.004353788823705784e+01 2.440731807788800722e+01 1.751847576379683247e+01
3.012883833729240735e+01 2.448676229259956827e+01 1.755406995486872290e+01
3.001096460942011390e+01 2.436892540854903544e+01 1.751609177928797578e+01
3.032228241891789366e+01 2.473769856746948648e+01 1.753530954039976919e+01
3.014015235263458692e+01 2.451564084915554531e+01 1.753317249088824070e+01
3.036517556728701450e+01 2.475575397495759944e+01 1.758398511042179635e+01
3.012667125778131094e+01 2.451882766146175996e+01 1.750552516155868332e+01
3.018972909756791978e+01 2.458371949800752887e+01 1.752314123174904736e+01
3.003434045741986935e+01 2.439957176985738840e+01 1.751349491562967131e+01
3.022515332392494258e+01 2.458229221395353292e+01 1.758609686549493034e+01
3.028658236201431464e+01 2.467171968122270442e+01 1.756653976007354956e+01
3.028358511213517090e+01 2.466875359313839411e+01 1.756553794806628233e+01
3.009299677928599337e+01 2.446163845866710673e+01 1.752759821183653699e+01
3.015486160213929523e+01 2.453955180113473489e+01 1.752501285715933221e+01
3.024510067121470058e+01 2.464830270576311477e+01 1.752790028317660997e+01
3.016683930057502039e+01 2.455893398059638955e+01 1.751847468027469290e+01
2.998479511130816988e+01 2.432805088404199978e+01 1.752808826000694964e+01
3.006104172267295382e+01 2.439711770581821781e+01 1.756265575306694160e+01
3.030152299449392927e+01 2.471668160896295774e+01 1.752906004402393947e+01
3.029041018706134025e+01 2.465992164197137981e+01 1.758969055760393019e+01
3.024124903858354330e+01 2.462731319235706806e+01 1.755074324178852763e+01
3.024671903821149499e+01 2.463504830745460694e+01 1.754931358959328591e+01
3.031873604483097751e+01 2.468465912101034121e+01 1.760378821264485794e+01
3.018761200964170399e+01 2.458473753140292217e+01 1.751806494327191999e+01
3.008139663666463193e+01 2.445619413881602000e+01 1.751527881185107560e+01
3.055416100880588459e+01 2.500114248758346136e+01 1.756415751658994040e+01
3.018446061738158548e+01 2.455316913943098811e+01 1.755686612048840445e+01
3.031787764445804001e+01 2.472091626469585179e+01 1.755135333523385555e+01
3.009459477287601104e+01 2.445093383615970595e+01 1.754526913681738165e+01
3.035280497194339233e+01 2.476809558702992931e+01 1.754520477670693879e+01
3.026405799016606224e+01 2.465510117063578122e+01 1.755104533347937945e+01
3.027870938863971162e+01 2.467873848156430228e+01 1.754309292001430620e+01
3.026002994352683118e+01 2.465561225409616242e+01 1.754338041994197894e+01
3.036863446657247678e+01 2.480129887517491838e+01 1.752568211136276943e+01
3.002821950725708078e+01 2.438832505111458815e+01 1.751866341868554500e+01
3.020522722076032096e+01 2.459510789558744648e+01 1.753386492083739867e+01
3.043116950390701447e+01 2.481699848317901669e+01 1.761171949757918398e+01
3.003836599543882002e+01 2.438549564623954424e+01 1.753998385869175536e+01
3.029037839680040278e+01 2.465772972237976290e+01 1.759270838613038279e+01
3.003007276834572892e+01 2.437090615737086452e+01 1.754605948755339995e+01
3.016492239714886736e+01 2.454764443348208403e+01 1.753099244176864957e+01
3.014115671218997861e+01 2.450077434032297319e+01 1.755566531560016230e+01
3.014539254357857345e+01 2.449115606497088038e+01 1.757634678218664348e+01
3.045891402650361002e+01 2.488387096354732364e+01 1.756526144250248933e+01
3.017346558076616603e+01 2.455007260345970010e+01 1.754229062347724977e+01
3.034068975937322321e+01 2.476388109069897325e+01 1.753019248041096034e+01
3.027226690768767270e+01 2.467162062758911389e+01 1.754198618568038626e+01
3.041518051941342904e+01 2.481263468508581838e+01 1.759023496184693514e+01
3.008526593015686146e+01 2.441529156244030929e+01 1.757887266036386720e+01
3.018620402021258542e+01 2.457611072190965018e+01 1.752774072532840677e+01
3.016379630058977313e+01 2.454512831469208223e+01 1.753257777050409771e+01
3.017948446532248852e+01 2.452840213594949503e+01 1.758291134169166980e+01
3.024224344894980732e+01 2.461969581739195689e+01 1.756313943133859112e+01
3.022739216725593181e+01 2.461958766250366892e+01 1.753770625142815831e+01
3.034765045796583749e+01 2.473728739106524799e+01 1.757971845197523209e+01
3.013880877353924603e+01 2.449525206969605051e+01 1.755933997421365689e+01
3.040111298866757039e+01 2.483780710511473089e+01 1.753028833644342299e+01
3.018843755618029334e+01 2.458123487285460840e+01 1.752440167905749746e+01
3.022329512184445477e+01 2.461589114516597121e+01 1.753583391662473190e+01
3.034495496534112746e+01 2.476475992597953280e+01 1.753633250304006452e+01
3.023040153868350544e+01 2.459137197213057391e+01 1.758242309007347970e+01
3.035865216680814527e+01 2.477090691312689685e+01 1.755135128947190282e+01
3.016344352396950868e+01 2.453029048960635095e+01 1.755272553534710056e+01
3.046325026287479076e+01 2.488882179039512366e+01 1.756576689087310683e+01
3.004142397471223447e+01 2.438753243565747653e+01 1.754238912258446348e+01
3.025282995703280875e+01 2.462238826699805117e+01 1.757759131503342331e+01
3.038472823652757171e+01 2.480513195330653886e+01 1.754813775836874612e+01
3.014068870921426679e+01 2.450471333333972979e+01 1.754936296042105681e+01
3.017396934271698328e+01 2.455060680420010399e+01 1.754240951069116861e+01
3.029698821205178660e+01 2.466559280907551610e+01 1.759306755793563326e+01
3.016804883696837436e+01 2.454695283805996553e+01 1.753733950734171643e+01
2.994335883375152108e+01 2.425939066010540301e+01 1.755239878327734360e+01
3.017755694850996662e+01 2.452635992247238761e+01 1.758245182942078344e+01
3.008498168363367142e+01 2.442664103533477160e+01 1.756261172592143183e+01
3.014863704759318352e+01 2.451657564501757847e+01 1.754644791602103737e+01
3.042772391413896216e+01 2.485659368285087112e+01 1.754981860535094995e+01
3.026396058018523405e+01 2.463364909661710911e+01 1.758097386903640214e+01
3.023284735659817812e+01 2.460932436698700698e+01 1.756149804224528310e+01
3.013787913616003422e+01 2.449279071119532958e+01 1.756117769408914242e+01
3.030019610593094725e+01 2.469555885314700561e+01 1.755651608345532111e+01
3.013115475677260235e+01 2.449011336473073186e+01 1.755337102551009920e+01
3.005803017098110175e+01 2.440699162235803499e+01 1.754377204895671838e+01
3.028039803896748339e+01 2.466349077847512206e+01 1.756743373456630763e+01
3.017257064911395048e+01 2.454804332707535863e+01 1.754359109155829444e+01
3.022938408325800808e+01 2.459384136766266593e+01 1.757721903019295340e+01
3.038391040154429845e+01 2.478747657560584017e+01 1.757165377256402650e+01
3.026093227461010926e+01 2.464611528210137337e+01 1.755827507558498013e+01
3.029973194073912524e+01 2.469940350651979344e+01 1.755030547035477184e+01
3.036285282737637559e+01 2.476758109942300479e+01 1.756330715726459957e+01
3.020506542882966272e+01 2.458350417434705193e+01 1.754985185321351793e+01
3.042678713949110048e+01 2.485564979735452340e+01 1.754953129810511570e+01
3.009699449960861273e+01 2.444510970874829425e+01 1.755749666771237116e+01
3.036494222523896624e+01 2.475711155375226369e+01 1.758167067878267886e+01
3.020928243207274733e+01 2.456456881676270498e+01 1.758359189435618575e+01
3.040059476971694963e+01 2.479716083921977798e+01 1.758684100873168532e+01
3.047756748680946615e+01 2.489973303476529054e+01 1.757513626434923282e+01
3.032762864788998414e+01 2.472869484844877164e+01 1.755724097051186661e+01
3.022618320615079668e+01 2.460479284957042267e+01 1.755637548133214665e+01
3.013178014508383029e+01 2.449508428392315196e+01 1.754750753341252079e+01
3.030641431239206085e+01 2.467787705488466443e+01 1.759207584506045308e+01
3.017707888880609701e+01 2.453909782820337782e+01 1.756384832657954220e+01
3.043377328928398740e+01 2.486560403593604462e+01 1.754754377545691213e+01
3.001140353657269344e+01 2.434864095802658213e+01 1.754502851898845606e+01
3.029684866691459533e+01 2.469348488695007049e+01 1.755365612298170319e+01
3.038311669051461195e+01 2.477422917538780922e+01 1.758895530140408781e+01
3.020320828693084891e+01 2.458078437156991214e+01 1.755046525030355298e+01
3.012398079435974196e+01 2.448071867950778824e+01 1.755416280640444526e+01
3.038108259524275212e+01 2.479282113904075757e+01 1.755921978979976927e+01
3.042043017523279858e+01 2.484044455337363289e+01 1.756003662971647472e+01
3.014022951071293832e+01 2.447929640814761498e+01 1.758401212239408906e+01
3.036867299213385962e+01 2.477300130127613542e+01 1.756572531466125753e+01
3.043226750618320153e+01 2.485763295144894158e+01 1.755622367193280553e+01
3.019221558580545661e+01 2.455209570627247118e+01 1.757169537665022219e+01
3.026828509228030128e+01 2.464229337713315360e+01 1.757630392155465415e+01
3.043867455192654603e+01 2.486826390359813033e+01 1.755227503485228979e+01
3.021818040338765243e+01 2.456885268317606119e+01 1.759289358587932739e+01
3.023605017177860077e+01 2.460760045708466137e+01 1.756942599332145605e+01
3.022251752992011475e+01 2.459171148313786048e+01 1.756838900344690302e+01
3.027649701047623054e+01 2.466375958632225363e+01 1.756033126946849876e+01
3.024442848125342564e+01 2.461514316648513656e+01 1.757328031561249304e+01
3.025228253289552782e+01 2.464078641935921965e+01 1.755084736090135422e+01
3.031721376402312629e+01 2.469228392663044502e+01 1.759046801253852976e+01
3.035007861278895192e+01 2.474046603250004850e+01 1.757943720080880823e+01
3.006177945544356334e+01 2.437676806903113658e+01 1.759215059440978735e+01
3.020909201220670326e+01 2.458139135595058278e+01 1.755973915545355624e+01
3.043720284399384823e+01 2.485829672101018772e+01 1.756383788061827289e+01
3.007114287687081600e+01 2.440939085264349018e+01 1.756289475354398277e+01
3.009704917824464587e+01 2.444823609160573596e+01 1.755323677407626448e+01
3.031104431335191052e+01 2.470984449380511450e+01 1.755514148213998737e+01
3.039403461050244104e+01 2.480857977689088756e+01 1.755937667908689903e+01
3.019457975799647897e+01 2.456813513487715639e+01 1.755332967719871817e+01
3.046205692084424754e+01 2.489450956254347957e+01 1.755563457950712092e+01
3.023435992828007812e+01 2.461054707733144653e+01 1.756238858547552084e+01
3.030243473594285319e+01 2.467031368479819875e+01 1.759582830160986688e+01
3.033558775029566235e+01 2.472984131009411612e+01 1.756937201306440244e+01
2.999700796005223324e+01 2.431420827735868428e+01 1.756814624257948410e+01
3.037974860309596181e+01 2.478730983256280496e+01 1.756469175510479630e+01
3.022763614850411784e+01 2.460126038250968961e+01 1.756382574265390772e+01
3.049799365860207701e+01 2.490761141541407042e+01 1.759938950017491877e+01
3.037314304394489284e+01 2.476212465454570122e+01 1.758877485672830687e+01
3.049150824071352517e+01 2.491814942391127374e+01 1.757321553049216689e+01
3.017342162870360767e+01 2.453533113226625773e+01 1.756282719306788920e+01
3.028917457295830573e+01 2.468058678154575958e+01 1.755855154703065679e+01
3.016023608406058543e+01 2.449725683311060820e+01 1.759330123367658061e+01
3.023103476804256928e+01 2.459004316380658750e+01 1.758537006573155637e+01
3.026048990143279482e+01 2.463382832845983827e+01 1.757474753612937945e+01
3.027973973416820996e+01 2.466335348520824766e+01 1.756649177361920877e+01
3.040205145179724155e+01 2.480021534601627664e+01 1.758505192681970541e+01
3.003737053373614430e+01 2.437293760702759826e+01 1.755572672904486353e+01
3.014667018698966316e+01 2.449797499046320581e+01 1.756903368799122944e+01
3.017674838171705076e+01 2.454376013952456503e+01 1.755676453982759710e+01
2.990035959439282465e+01 2.420304038118555567e+01 1.755688868167422356e+01
3.024164622389489310e+01 2.461900688001518489e+01 1.756307679687648360e+01
3.068287668795779766e+01 2.515182526847814870e+01 1.757340625810397938e+01
3.058697366862871903e+01 2.502243340151329676e+01 1.759092905085510949e+01
3.018922570787292159e+01 2.453846031553183948e+01 1.758559962537428945e+01
3.031400081609287156e+01 2.471285308051365703e+01 1.755601145189379153e+01
3.016828370414035732e+01 2.452302512055653239e+01 1.757118608944922400e+01
3.030177032528603576e+01 2.469427885678809531e+01 1.756103290212662316e+01
3.020779867129186513e+01 2.455576939484418375e+01 1.759333083848923707e+01
3.031142884695092121e+01 2.470012447685068580e+01 1.756947835229749444e+01
3.024931070152652879e+01 2.460321531653735860e+01 1.759836907232000058e+01
3.046281977272558450e+01 2.488238213272917321e+01 1.757414145574118436e+01
3.037654062537529143e+01 2.477900441700738199e+01 1.757086111910865611e+01
3.029416946120541709e+01 2.468049216383792910e+01 1.756729944797906384e+01
3.044273080812640941e+01 2.485251033876804883e+01 1.758159801944851708e+01
3.044389708105055803e+01 2.484564359813217038e+01 1.759331872263424046e+01
3.024942963977301247e+01 2.463022212185363102e+01 1.756075601333068903e+01
3.038034138541518558e+01 2.476472025487368001e+01 1.759755020996445296e+01
3.017513822008739766e+01 2.453920459985375757e+01 1.756036458072256679e+01
3.010562018761212144e+01 2.445626227070827596e+01 1.755675376107694063e+01
3.010730748428145631e+01 2.445346232173600853e+01 1.756354589576112701e+01
3.021116265506250187e+01 2.457526483977744292e+01 1.757187261009599055e+01
3.012910134610863366e+01 2.446270961466449734e+01 1.758802394337368824e+01
3.019067719847905806e+01 2.455700147697384494e+01 1.756219428666781823e+01
3.018547035635699771e+01 2.452331995588613012e+01 1.760026701433089613e+01
3.027869928619706386e+01 2.466305116027427502e+01 1.756512277012728873e+01
3.030246629593547780e+01 2.468954737857429294e+01 1.756888482111032701e+01
3.013400092480707926e+01 2.447262244967403788e+01 1.758262671423084811e+01
3.052671639481955879e+01 2.494534269376537239e+01 1.759574641043544219e+01
3.036349890524870787e+01 2.476549746275263786e+01 1.756736181648889783e+01
3.024382241592983078e+01 2.461667192772303281e+01 1.757009554695570230e+01
3.036295847296936756e+01 2.476797367443544928e+01 1.756293618088202635e+01
3.028242549111534743e+01 2.467086582984178378e+01 1.756057154055350722e+01
3.019706254564269798e+01 2.456484836517839909e+01 1.756219835844160926e+01
3.024418821161739501e+01 2.462381449236232100e+01 1.756071412060067516e+01
3.022338799760755990e+01 2.459801953640808492e+01 1.756105398147887087e+01
3.008951980995397690e+01 2.442251453355013879e+01 1.757611977235433542e+01
3.010133047480558943e+01 2.441909075821830299e+01 1.760108243533212757e+01
3.067994709463759406e+01 2.512808802354834725e+01 1.760222559821819033e+01
3.016242491472461040e+01 2.449038220700822777e+01 1.760661966679165502e+01
3.032492423150366179e+01 2.471801116111274510e+01 1.756761093278035091e+01
3.011231918886484848e+01 2.446016553614206046e+01 1.756280355969986928e+01
3.015800137301412320e+01 2.451724859451110206e+01 1.756159355439207204e+01
3.040459351781031572e+01 2.480482090416233021e+01 1.758295102921305642e+01
3.031032138243932295e+01 2.469977696915915644e+01 1.756805623797218630e+01
3.042501231905212933e+01 2.482201801094089788e+01 1.759399887686138086e+01
3.012717020404736701e+01 2.446891401760234075e+01 1.757608122713430987e+01
3.042697935642590679e+01 2.481887815792134688e+01 1.760182830670220255e+01
3.031608093791529512e+01 2.471126902560318328e+01 1.756183209629609365e+01
3.010927256934353835e+01 2.442863497380571758e+01 1.760142289622005052e+01
3.008423300031084580e+01 2.442904612327042102e+01 1.755798339001716002e+01
3.017376495717669727e+01 2.452910039163585409e+01 1.757211784811364552e+01
3.035881623064108226e+01 2.475205219875581975e+01 1.757821478068531462e+01
3.033033476367727488e+01 2.470039863345078501e+01 1.760169066383546976e+01
3.011025260577387641e+01 2.445053378075724737e+01 1.757266939937018435e+01
3.034044336916786122e+01 2.473501700725229213e+01 1.757047061090345252e+01
3.018392885097996015e+01 2.454521836502600607e+01 1.756706624038887554e+01
3.024086285679719666e+01 2.460956326749159473e+01 1.757495895036300482e+01
3.029135111254471724e+01 2.466545284319606068e+01 1.758355448319637659e+01
3.031466584230986427e+01 2.470321821910276228e+01 1.757071355267900614e+01
3.040059375275146891e+01 2.480748500471371187e+01 1.757227328095986252e+01
3.011428249830735027e+01 2.446320117558162721e+01 1.756194176709632160e+01
3.038992002136347637e+01 2.479016141224771275e+01 1.757825748075084960e+01
3.053934526916266989e+01 2.496146977680957590e+01 1.759479002575905682e+01
3.038598187100620507e+01 2.479288088534627832e+01 1.756761086972695907e+01
3.036919244356904102e+01 2.475309532584503813e+01 1.759466173201859007e+01
3.016152360272243982e+01 2.451012884507754563e+01 1.757757349679643255e+01
3.029108152626796624e+01 2.467127027853824828e+01 1.757492653965665141e+01
3.030050772479136256e+01 2.467074965266032294e+01 1.759189813396784885e+01
3.019070465300835338e+01 2.453738123257465631e+01 1.758964381937489208e+01
3.002332982904921010e+01 2.434539940192896523e+01 1.756991354516102533e+01
3.032493452763170794e+01 2.471083671725375552e+01 1.757771893160125742e+01
3.022026763545952122e+01 2.456376829042244481e+01 1.760357529972928248e+01
3.012415431242606800e+01 2.446911667462185136e+01 1.757062896434276311e+01
3.050429786291807588e+01 2.492449166496526658e+01 1.758641246396504698e+01
3.021788262042536388e+01 2.458192605436671130e+01 1.757410997801744656e+01
3.035159388763302246e+01 2.475083135083895058e+01 1.756745852313675016e+01
2.990356927413623822e+01 2.418717798855907475e+01 1.758419393326940039e+01
3.019710433105418090e+01 2.455003126215165210e+01 1.758297685285252854e+01
3.023779550029325591e+01 2.460174313176035810e+01 1.758062887374729399e+01
3.017253886486217240e+01 2.453078153152631913e+01 1.756766515516918403e+01
3.028847681904364464e+01 2.465691197810578572e+01 1.759058042594637072e+01
3.008551706882242271e+01 2.441365121038372976e+01 1.758158047150865499e+01
3.036402318921802035e+01 2.474396898298655856e+01 1.759857673803108469e+01
3.034991239946894481e+01 2.474688884617334139e+01 1.757010742968239470e+01
3.014790386030973579e+01 2.449679406175718910e+01 1.757279681400591542e+01
3.028246392282869692e+01 2.464913987775286230e+01 1.759112061593561904e+01
3.033427131926800158e+01 2.472867552085519094e+01 1.756873995069716088e+01
3.013951340010569524e+01 2.449109512161129132e+01 1.756634645392542282e+01
3.034107508022234612e+01 2.470853894479945367e+01 1.760877452399848764e+01
3.012998989176179165e+01 2.447741752573773155e+01 1.756907288812859136e+01
3.039307319464155910e+01 2.480006327781992681e+01 1.756973988512541851e+01
3.034598501612288857e+01 2.474195855618470219e+01 1.757026731164877731e+01
3.024580159853393013e+01 2.461109988326855458e+01 1.758130475458679598e+01
3.023427915760149531e+01 2.459804676305420656e+01 1.757975345738314488e+01
3.015523063470943299e+01 2.450274124031913914e+01 1.757707616022875285e+01
3.003937520560318575e+01 2.435404769852633322e+01 1.758534683880052540e+01
3.033957196947917367e+01 2.473034969654888471e+01 1.757553501824655484e+01
3.019590948633493710e+01 2.455854252674375360e+01 1.756903351550820958e+01
3.013179849195999083e+01 2.447038275531230411e+01 1.758196940529122188e+01
3.029918798206085029e+01 2.468053892532900662e+01 1.757588662706892535e+01
3.008945845330815771e+01 2.442075652758583360e+01 1.757845728821877174e+01
3.026162529529669598e+01 2.463111382332650834e+01 1.758050617403477034e+01
3.009931568904546850e+01 2.443467691776436723e+01 1.757598841810303369e+01
3.031996064785765554e+01 2.470255155773369182e+01 1.758078383420789237e+01
3.025112859452438840e+01 2.462415804524946594e+01 1.757218318266194146e+01
3.012042227567442509e+01 2.444269835597152607e+01 1.760097540319657838e+01
2.993745712901406009e+01 2.421562824332606922e+01 1.760268979822639324e+01
3.029641533126871522e+01 2.467416260655964066e+01 1.758005920325036442e+01
3.011406114059511907e+01 2.445261529965548419e+01 1.757629891036663849e+01
3.023652744001145010e+01 2.460591217145191223e+01 1.757261158283992941e+01
3.032820377884034002e+01 2.469792354710421378e+01 1.760149189450316598e+01
3.028073540794452612e+01 2.465011478209033768e+01 1.758677850192344749e+01
3.015812931460914470e+01 2.450516426438053941e+01 1.757867139838544546e+01
3.017626367132196563e+01 2.452780440222659308e+01 1.757821664354093727e+01
3.026636825038005441e+01 2.462895192589152771e+01 1.759169616892407007e+01
3.060105068372727644e+01 2.504390927465548344e+01 1.758484891009504025e+01
3.031066796907576233e+01 2.469400109078515371e+01 1.757677168480768159e+01
3.038661258448787450e+01 2.478370578079156061e+01 1.758164247534671887e+01
3.011959556651319048e+01 2.446133867682764063e+01 1.757364353877297702e+01
3.025153506766559985e+01 2.461728525483145447e+01 1.758250950895403975e+01
3.015275412080025674e+01 2.450434660510268614e+01 1.757058845134190150e+01
3.050789055885512369e+01 2.492947720536582423e+01 1.758557797225406105e+01
3.012018865329796213e+01 2.445201873020461036e+01 1.758762475515048607e+01
3.026551715120970698e+01 2.464034218712122737e+01 1.757427282511975974e+01
3.042590317517501930e+01 2.483523125815424137e+01 1.757688460390873075e+01
3.067037435452838778e+01 2.513915336971817283e+01 1.756971345528151218e+01
3.031163003064960293e+01 2.467056565808437085e+01 1.761130617600883852e+01
3.030034704218753205e+01 2.465191572899312433e+01 1.761800447745499199e+01
3.025908255211291120e+01 2.462673410935392582e+01 1.758226504187580730e+01
3.042369535686159665e+01 2.483496896295528344e+01 1.757343323816292369e+01
3.016892598167617123e+01 2.450204831469601530e+01 1.760152616315294338e+01
3.036453312335862620e+01 2.474878417076360293e+01 1.759268466916019591e+01
3.021657175999989065e+01 2.458094472273155162e+01 1.757322865796831124e+01
3.003580482216317904e+01 2.435142382725114629e+01 1.758288170069587864e+01
3.032749000912767201e+01 2.469736417470893386e+01 1.760104693123515673e+01
3.045351197028710644e+01 2.486755938938744848e+01 1.757898977016905917e+01
3.054243356430466960e+01 2.496167533858841736e+01 1.759985830399982021e+01
3.025238425024168976e+01 2.462266644599758791e+01 1.757643450513829109e+01
3.016132617510142211e+01 2.449787897186373797e+01 1.759430369525246718e+01
3.036169249009001803e+01 2.473453410399247332e+01 1.760781626213829654e+01
3.007203644039721979e+01 2.439845625942023233e+01 1.757961057104894920e+01
3.022293314553879284e+01 2.459247117641436020e+01 1.756804056680585546e+01
3.039308498804567549e+01 2.479698067989219723e+01 1.757411062476905173e+01
3.056734087427109969e+01 2.499944051534854950e+01 1.758949408150882832e+01
3.014447907493453016e+01 2.448527796780842181e+01 1.758296850757349006e+01
3.049417609449086441e+01 2.489107487965041088e+01 1.761616209670694388e+01
3.026323937593123858e+01 2.461136466825242053e+01 1.761091669082593114e+01
3.042552900623326195e+01 2.481546489844547665e+01 1.760413352548662402e+01
3.042002442641809168e+01 2.482465621576688974e+01 1.758164753010535009e+01
3.051885745101051484e+01 2.494920813784276703e+01 1.757662292392085845e+01
3.021746861524729155e+01 2.455532395364917875e+01 1.761055010625158701e+01
3.035069817469265985e+01 2.473506535729892875e+01 1.758810454430615167e+01
3.045406787889046285e+01 2.486924284611144031e+01 1.757757123817744116e+01
3.029744360052735885e+01 2.466128264702733119e+01 1.759989281020100194e+01
2.989409900779550355e+01 2.416129474752235140e+01 1.760366415298897280e+01
3.031713630799823633e+01 2.469838732481761667e+01 1.758176377588532446e+01
3.058299398337669217e+01 2.501572482716342449e+01 1.759355087408151519e+01
3.030370312286444090e+01 2.468743628368659060e+01 1.757398397340850238e+01
3.024592382240484412e+01 2.461364463771704791e+01 1.757795225613324419e+01
3.062371085003271176e+01 2.507032457742246834e+01 1.758665664101901172e+01
3.035224324016308728e+01 2.474358877728570150e+01 1.757877936975735622e+01
3.044043847634933897e+01 2.484990286696309880e+01 1.758131457357237437e+01
3.029769949594586009e+01 2.467120501815331579e+01 1.758642196977215022e+01
3.037745619889893334e+01 2.476995953770277481e+01 1.758519120216185172e+01
3.032217965092470280e+01 2.470904269582035084e+01 1.757548826744449144e+01
3.030947586639251057e+01 2.468976733821885361e+01 1.758066312970166578e+01
3.052798230847297134e+01 2.494712257094108665e+01 1.759541926914162602e+01
3.000977948655890515e+01 2.432174275560985066e+01 1.757952485597467529e+01
3.034166711757200474e+01 2.472862336880857015e+01 1.758157984247049654e+01
3.016852530578470848e+01 2.451838174149854765e+01 1.757807941454137080e+01
3.044200035279389738e+01 2.485303145862568286e+01 1.757959649127550250e+01
3.040111456255375799e+01 2.480259527993917956e+01 1.758007491522880272e+01
3.042082829500763452e+01 2.482562380847447514e+01 1.758167218083770678e+01
3.008162302431215451e+01 2.441008106851433723e+01 1.757987445931810910e+01
3.017166807437144982e+01 2.452277938586235706e+01 1.757733897899137432e+01
3.023332304942408655e+01 2.459667273779363939e+01 1.758003165073137097e+01
3.052877404033507247e+01 2.494003723073891976e+01 1.760683354084978447e+01
3.029887584009102142e+01 2.466783058359673930e+01 1.759318082304109154e+01
3.034887297392599592e+01 2.473909756032049501e+01 1.757928163175162695e+01
3.044820576836151815e+01 2.485637433457494083e+01 1.758561598159040429e+01
3.016346181106598578e+01 2.451346420223550027e+01 1.757624821266913173e+01
3.049389866120451487e+01 2.490906514929071847e+01 1.759023390828561872e+01
3.042416389379814134e+01 2.482622113951116560e+01 1.758659980123444200e+01
3.024150506744517486e+01 2.460766389335588755e+01 1.757872311790424646e+01
3.032288316954016949e+01 2.470506681694696738e+01 1.758228987600217152e+01
3.042606828768100158e+01 2.483275521330227420e+01 1.758066835938941708e+01
3.006902262595680497e+01 2.438943966832983890e+01 1.758696546722035237e+01
3.037093349296280209e+01 2.476423716399584762e+01 1.758198393012963479e+01
3.022540072595008098e+01 2.457393211577294423e+01 1.759820188012532682e+01
3.012078800527411815e+01 2.445141436569248583e+01 1.758949133931599462e+01
3.035910075530136965e+01 2.475523991084920894e+01 1.757421678558787548e+01
3.031670863382623793e+01 2.469714404648692607e+01 1.758277277153377582e+01
3.040867799025058105e+01 2.478763851554258224e+01 1.761421794850796374e+01
3.027075784373931100e+01 2.464017557785221868e+01 1.758353001893874890e+01
3.045203314317294385e+01 2.485673181033178736e+01 1.759173687451421841e+01
3.037460463054840787e+01 2.474433013898703848e+01 1.761632005939238255e+01
3.028150761552934256e+01 2.465104963246860947e+01 1.758679776101752168e+01
3.059584818164783471e+01 2.502040136920632918e+01 1.760924306375095938e+01
3.033970011362606911e+01 2.472515055456572242e+01 1.758306949991439794e+01
3.040887919286016938e+01 2.481136829550333900e+01 1.758112445410861113e+01
3.018659801699524792e+01 2.451785525249245978e+01 1.760981185752673639e+01
3.042037838112791448e+01 2.480795598109822464e+01 1.760581554177162644e+01
3.025940676009071595e+01 2.462184338122335348e+01 1.758967100269733663e+01
3.039859685331644457e+01 2.479572189793146109e+01 1.758541629336373902e+01
3.014798402445695658e+01 2.448084636022585414e+01 1.759514427977016027e+01
3.026817708673272023e+01 2.463376415142756670e+01 1.758807004436967603e+01
3.028657209034611952e+01 2.466079770026984264e+01 1.758185160243647971e+01
3.023358988633183131e+01 2.458916978640089113e+01 1.759098310585443059e+01
3.018126737465235010e+01 2.453238147128388036e+01 1.758041978132665761e+01
3.028799652168241607e+01 2.465422550353204301e+01 1.759351863950006845e+01
3.028276925636988182e+01 2.465299874338499819e+01 1.758623799432950108e+01
3.024183690377788736e+01 2.460684434453320790e+01 1.758044114118346357e+01
3.009110598475109555e+01 2.441673856990989222e+01 1.758685693903824898e+01
3.043746900290404511e+01 2.484557542606668079e+01 1.758228941436171766e+01
3.010777322294415725e+01 2.443635060306778684e+01 1.758814309835412359e+01
3.014092326078538520e+01 2.447737014152777846e+01 1.758788236164883045e+01
3.025848117000851190e+01 2.462223492520731583e+01 1.758753052601930378e+01
3.014364046867716240e+01 2.446624901824543485e+01 1.760800158115837277e+01
3.026183690752329269e+01 2.463215756923314359e+01 1.757940802478881537e+01
3.045088374110403961e+01 2.484725102382039807e+01 1.760313714010916186e+01
3.046226170591793192e+01 2.485561719988642793e+01 1.761101024508656820e+01
3.027035944994108974e+01 2.464078052227668536e+01 1.758199637360978684e+01
3.040810696781187517e+01 2.480919539696879994e+01 1.758285509014139691e+01
3.063050473527947659e+01 2.506460055630057937e+01 1.760663566076935638e+01
3.052864568916562149e+01 2.494378692261410890e+01 1.760129829228048592e+01
3.022544569863720199e+01 2.457656408362865719e+01 1.759460330682564688e+01
3.025163014761708524e+01 2.461717519940775034e+01 1.758282718421240887e+01
3.018651129095365704e+01 2.452630725439264481e+01 1.759788954340830713e+01
3.026801542410492019e+01 2.462291283935891784e+01 1.760298045841064862e+01
3.036528732890097615e+01 2.473984176256625034e+01 1.760655855441082451e+01
3.043761865305934222e+01 2.482700412391738354e+01 1.760876189571700579e+01
3.012627605745451476e+01 2.446443106259898670e+01 1.758078843150382653e+01
3.031505086755991485e+01 2.468427439700160519e+01 1.759798018513136952e+01
3.041298912193588677e+01 2.480624942611513717e+01 1.759545102406735495e+01
3.037277110365749877e+01 2.476511526715993483e+01 1.758392135786138510e+01
3.032629618287324291e+01 2.471137435111788250e+01 1.757931221209366512e+01
3.031208917924550050e+01 2.468778652812382290e+01 1.758794890691691748e+01
3.030878291571599092e+01 2.467775898102645016e+01 1.759632159021782627e+01
3.016312383143724674e+01 2.449152275110052557e+01 1.760623050522010047e+01
3.035797058790666370e+01 2.474504889082520265e+01 1.758661234026827813e+01
3.051865794321022918e+01 2.492812545952662262e+01 1.760616493529381898e+01
3.045242662474460715e+01 2.486471391853339341e+01 1.758113446524273371e+01
3.005689219614857066e+01 2.437504244082010629e+01 1.758618988010522699e+01
3.032314645068820624e+01 2.470304073184248139e+01 1.758559038732609991e+01
3.026732024250807029e+01 2.461945274657681537e+01 1.760662435339636289e+01
3.038277027665144914e+01 2.477783907193152402e+01 1.758327104407022290e+01
3.036666596567972221e+01 2.476004652712716592e+01 1.758051472072615340e+01
3.028307461267822731e+01 2.463204777773644594e+01 1.761609577268316329e+01
3.012793384853354439e+01 2.446480523190745515e+01 1.758310845517501164e+01
3.011911516520081378e+01 2.445027071252623685e+01 1.758821652183107531e+01
3.051627764685941813e+01 2.493819089611024964e+01 1.758777519328057792e+01
3.003986577923486578e+01 2.435628692843222254e+01 1.758308343534567797e+01
3.040695214215547182e+01 2.480117876110008623e+01 1.759216503547221677e+01
3.040272775103730751e+01 2.480026201523871521e+01 1.758615531260888787e+01
3.019474948951694415e+01 2.454428161615356885e+01 1.758695927901209544e+01
3.039576168505871934e+01 2.479287751586783273e+01 1.758452595033653054e+01
3.033634867804198976e+01 2.472325667823224293e+01 1.757994966824378125e+01
3.041874753757023342e+01 2.482058674200997217e+01 1.758518340924523571e+01
3.036772578009119883e+01 2.474105051593002713e+01 1.760906551816461985e+01
3.037966647700650924e+01 2.477209153777848627e+01 1.758600625776291793e+01
3.026359422761074569e+01 2.462902966340604038e+01 1.758681419167609761e+01
3.031352459776433861e+01 2.467786214980709758e+01 1.760434302251526617e+01
3.024215904808852073e+01 2.460083548155099820e+01 1.758940242019449585e+01
3.043016027844136318e+01 2.483036665698465129e+01 1.759112123348979040e+01
3.036010132492024738e+01 2.474840777203731434e+01 1.758556411402225450e+01
3.016118004636914662e+01 2.450038190711723729e+01 1.759056759160711536e+01
3.022857235646481655e+01 2.458690743728064731e+01 1.758552158397988663e+01
3.007237865672341215e+01 2.439756693466549464e+01 1.758143013926542508e+01
3.022441787800273261e+01 2.457758065988758389e+01 1.759141736674026291e+01
3.043566183493143384e+01 2.484300693915340474e+01 1.758279038012674533e+01
3.035524098804235749e+01 2.473597901739598015e+01 1.759465820904381061e+01
3.016889631073061651e+01 2.451019122607263512e+01 1.759013446989440865e+01
3.046648240473732727e+01 2.487752898975547211e+01 1.758735629598846728e+01
3.024155035192619323e+01 2.460174685976643971e+01 1.758708102943917950e+01
3.002032517478387774e+01 2.432971251081282205e+01 1.758650086688539460e+01
3.035992227994863057e+01 2.473840161802706206e+01 1.759932857326430167e+01
3.021179922521623595e+01 2.455364405001958517e+01 1.760316381477245073e+01
3.024470199618046706e+01 2.458946151913120559e+01 1.760966726082376965e+01
3.023450619944194884e+01 2.459494699501292558e+01 1.758448030044101884e+01
3.025963813659067370e+01 2.462155179859464127e+01 1.759047717336098060e+01
3.020596248080224910e+01 2.455745674564637326e+01 1.758782213855202059e+01
3.041440894868101097e+01 2.481453162905327403e+01 1.758622448760171864e+01
3.025992392065008474e+01 2.461699295830888801e+01 1.759734790740075994e+01
3.025713045941140322e+01 2.462184499767103674e+01 1.758575254427580958e+01
3.035930610974251564e+01 2.473746147242347959e+01 1.759958713622036086e+01
3.043783195667608865e+01 2.483981789915463168e+01 1.759105059283524852e+01
3.039485111531432437e+01 2.479061012653300722e+01 1.758614863682106844e+01
3.029867707341024641e+01 2.467381345953468141e+01 1.758444658676754813e+01
3.038342228205176454e+01 2.476165634720601005e+01 1.760717820981976800e+01
3.044557795656187693e+01 2.484446796147452119e+01 1.759788705556301736e+01
3.012687268555239584e+01 2.445469903764873365e+01 1.759534463400774484e+01
3.050734321493327528e+01 2.490556385221340108e+01 1.761848118417295694e+01
3.034094723535762128e+01 2.472481042860742306e+01 1.758569954275862557e+01
3.029785470329537134e+01 2.466390439954124858e+01 1.759692641890302411e+01
3.017781126486741172e+01 2.452346167313204006e+01 1.758693038322442348e+01
3.012764035933842877e+01 2.446174656718738305e+01 1.758686067791332874e+01
3.045147069584132993e+01 2.485846481113214423e+01 1.758831415381781582e+01
3.020962897746926501e+01 2.455946834307912852e+01 1.759131028836808497e+01
3.034149376807392784e+01 2.472113731488166621e+01 1.759180530635881468e+01
3.063767608541207821e+01 2.508883675664087320e+01 1.758458035078622217e+01
3.086353380999777229e+01 2.535624209706719512e+01 1.759598550680788165e+01
3.034151003174101646e+01 2.471918340003885461e+01 1.759457879693299631e+01
3.044768523519735837e+01 2.483919287039680768e+01 1.760897594208372752e+01
3.038722044581690440e+01 2.476622458477973510e+01 1.760730775101420065e+01
3.021584334050984921e+01 2.456689390766877068e+01 1.759161483513041446e+01
3.016364117098267528e+01 2.449694599394544170e+01 1.759957061014618773e+01
3.011841977158887929e+01 2.444987978787417759e+01 1.758756912981829856e+01
3.043545328978599684e+01 2.483624478794984114e+01 1.759198004170592711e+01
3.022314328154572394e+01 2.457392192076773085e+01 1.759433861356696482e+01
3.019262923014576216e+01 2.453693461844067514e+01 1.759356982989580231e+01
3.021254889811336142e+01 2.456271124427486896e+01 1.759179715808659950e+01
3.000836814471637126e+01 2.430140248122558688e+01 1.760522638747684709e+01
3.024285921170735136e+01 2.459973776382340560e+01 1.759214129235758861e+01
3.030068674702688014e+01 2.466997029863842883e+01 1.759329937236753949e+01
3.024940744708226248e+01 2.460992445715080734e+01 1.758915202938806388e+01
3.036788522254528999e+01 2.475582090445071870e+01 1.758856970411310527e+01
3.044877866242554632e+01 2.485567236121678647e+01 1.758759999275697439e+01
3.026085318772593169e+01 2.461311610679522843e+01 1.760436738887597841e+01
3.037924019600551873e+01 2.477099323850845991e+01 1.758681690540859677e+01
3.026337078021929727e+01 2.462201278404657501e+01 1.759625236927676539e+01
3.041151120320295931e+01 2.480944911749180548e+01 1.758838389816199665e+01
3.011711935112307614e+01 2.444872767439723305e+01 1.758694382526295641e+01
3.056742722920742850e+01 2.499977834012629785e+01 1.758916400393843915e+01
3.031530788067281179e+01 2.469156061971631644e+01 1.758819848827211985e+01
3.044653159089974181e+01 2.485391844207239131e+01 1.758618844407365955e+01
3.027988993889065128e+01 2.464721912227003386e+01 1.758938100815766958e+01
3.037512906976040483e+01 2.474857850631833855e+01 1.761125571676254609e+01
3.020175366473337064e+01 2.455194275732591080e+01 1.758829244884867293e+01
3.019023660319016855e+01 2.453617307863188657e+01 1.759052576849319749e+01
3.022296489713033196e+01 2.457090453621987791e+01 1.759824586273136759e+01
3.023420107761892694e+01 2.459317217234097086e+01 1.758643787989731777e+01
3.018742680680932011e+01 2.453594167915527891e+01 1.758602579133673416e+01
3.024983474766678526e+01 2.460253975815520633e+01 1.760021419499038942e+01
3.025506183281384409e+01 2.461956972661640819e+01 1.758537895479258140e+01
3.033727122811616539e+01 2.471339657194884509e+01 1.759539870096361369e+01
3.025849923726700297e+01 2.462145294405895157e+01 1.758865631636421156e+01
3.020001186815952110e+01 2.454740569179265108e+01 1.759163410941467021e+01
3.050949281477927499e+01 2.492741367014343723e+01 1.759128191839964472e+01
3.029029676767434154e+01 2.464948042457622890e+01 1.760412431994889104e+01
3.032190693178132790e+01 2.468400284902392272e+01 1.761016874788505149e+01
3.030385576528296454e+01 2.467635826483676809e+01 1.758979866367138456e+01
3.022450462473808130e+01 2.456809303184033411e+01 1.760481424467898037e+01
3.024251436772093271e+01 2.460084858897079840e+01 1.758999499671163846e+01
3.028638556689800154e+01 2.465654873770364119e+01 1.758748859422665234e+01
3.047842116851748884e+01 2.488719620018518341e+01 1.759436336498206899e+01
3.039973521258045963e+01 2.478941285717598575e+01 1.759627549203188934e+01
3.018731585333867073e+01 2.452252179493638806e+01 1.760454382385701422e+01
3.023596533230973549e+01 2.459120317941774658e+01 1.759222344575098873e+01
3.027945115202263437e+01 2.464648501736343533e+01 1.758965429895097543e+01
3.038795810974308154e+01 2.477671163710478908e+01 1.759382160109782589e+01
3.032615966550324416e+01 2.469650547729896672e+01 1.759995958141205463e+01
3.004180718567867814e+01 2.434904896875861624e+01 1.759641990003904510e+01
3.002657658218926784e+01 2.432042300481150932e+01 1.761000642001904737e+01
3.023891728938108514e+01 2.459111066176597760e+01 1.759742581330604594e+01
3.008440621832450645e+01 2.440680132946119230e+01 1.758918833753774180e+01
3.024896846715561338e+01 2.460808937053380063e+01 1.759096446641843769e+01
3.053453474493145237e+01 2.495828143541027089e+01 1.759096358589492226e+01
3.021969683382525318e+01 2.457069660983150783e+01 1.759292314642232569e+01
3.029904907693887139e+01 2.466454242346341630e+01 1.759808858961460132e+01
3.036879349959586349e+01 2.475586429047110570e+01 1.759007680065307611e+01
3.010969009676916386e+01 2.442806906203546902e+01 1.760292247395030785e+01
3.038275053058898578e+01 2.476736258986686323e+01 1.759799079855620363e+01
3.059583190326651092e+01 2.503637588212756526e+01 1.758649517504161608e+01
3.018261525686763136e+01 2.451184049994827063e+01 1.761135823976090720e+01
3.041938344621958379e+01 2.480498029634743062e+01 1.760828900677046960e+01
3.023959463660759539e+01 2.458935731249849610e+01 1.760103947909394151e+01
3.041613920766859280e+01 2.481429563497406576e+01 1.758954963722441533e+01
3.010560208851501685e+01 2.443067358357789587e+01 1.759231267811793131e+01
3.044315938391352816e+01 2.483381455056938236e+01 1.760873669921527096e+01
3.036970165502520302e+01 2.474656644058710953e+01 1.760472175346285795e+01
3.037649019130589778e+01 2.475350248187850255e+01 1.760668257287948890e+01
3.047473483533999072e+01 2.488340835482652835e+01 1.759333544076375944e+01
3.013095953579849251e+01 2.446071989154278015e+01 1.759397354026114968e+01
3.040713225348319071e+01 2.480211374909401201e+01 1.759115816135536647e+01
3.024876445895887400e+01 2.460719511069454768e+01 1.759186459923404300e+01
3.034123130177163574e+01 2.471943492045372182e+01 1.759374474411459488e+01
3.010789621459956322e+01 2.443245247041075885e+01 1.759376823623119890e+01
3.040993600021302257e+01 2.480366323852776489e+01 1.759381986627003869e+01
3.034530912893342958e+01 2.471731013837884561e+01 1.760375998625648464e+01
3.038913963718758993e+01 2.476533636764103008e+01 1.761186879595923216e+01
3.027767735573207375e+01 2.463431990813499439e+01 1.760363680383898810e+01
3.022697160823728879e+01 2.457368302211864020e+01 1.760124755048974166e+01
3.038855775119569458e+01 2.476067608314549773e+01 1.761741644235335968e+01
3.013333138670574840e+01 2.446508527029291713e+01 1.759196587020115743e+01
3.041898345191577491e+01 2.481614999778556552e+01 1.759185190749778016e+01
3.029069388785170247e+01 2.466222650038082520e+01 1.758694743983304676e+01
3.048281707821982423e+01 2.489439139051820149e+01 1.759179963278070602e+01
3.007413720555961234e+01 2.439098890447849044e+01 1.759356100738085615e+01
3.021745726096212437e+01 2.456900474667930112e+01 1.759143908484244534e+01
3.016806918953156469e+01 2.449527856583085494e+01 1.760947831727877499e+01
3.011977299985705869e+01 2.445153708091965683e+01 1.758758254972324053e+01
3.026494157542856200e+01 2.462314293329584203e+01 1.759737254963329178e+01
3.044509585409825547e+01 2.484781080646160945e+01 1.759233241192083597e+01
3.035441243607949247e+01 2.473172681003918427e+01 1.759920575859053571e+01
3.047919977775053724e+01 2.488486707602289272e+01 1.759900592933306385e+01
3.021966071856886771e+01 2.457071142136625141e+01 1.759284042425657546e+01
3.027403492848920763e+01 2.463841814762032456e+01 1.759163272793056976e+01
3.020456585421975149e+01 2.454883877628515521e+01 1.759745189446062952e+01
3.031056817583634455e+01 2.467360692281730650e+01 1.760521696998718610e+01
3.052659417432061417e+01 2.494814932896732529e+01 1.759155470511951691e+01
3.027740471220121776e+01 2.464086822436677338e+01 1.759400037671411710e+01
3.052061278799068234e+01 2.494383665671320927e+01 1.758729137183070534e+01
3.047571372568188508e+01 2.488333621790812700e+01 1.759513301331526947e+01
3.025907556625413619e+01 2.460529666918570868e+01 1.761224091209397713e+01
3.039076058791551205e+01 2.477271334053991936e+01 1.760428933128043738e+01
3.017535222311473575e+01 2.451659999760193642e+01 1.759227689489397051e+01
3.037431702248495213e+01 2.474971888454894753e+01 1.760825231867774576e+01
3.040618154868875678e+01 2.479709352108536535e+01 1.759659141079222877e+01
3.053396282569039144e+01 2.494369894419644851e+01 1.761064362315971366e+01
3.029610012656732820e+01 2.466227236175486226e+01 1.759619290737673225e+01
3.045846940226308774e+01 2.485771551575355431e+01 1.760148680272384425e+01
3.015744244307245125e+01 2.448242154452014319e+01 1.760915585778159098e+01
3.013691318402057462e+01 2.445905118019407709e+01 1.760648606695384188e+01
3.047892619442127682e+01 2.488097393284937198e+01 1.760403584743707128e+01
3.044005896375341180e+01 2.483713737791875786e+01 1.759868735409477480e+01
3.025192531698127851e+01 2.461144039336418032e+01 1.759136115109046727e+01
3.025973421371896421e+01 2.460649547862187703e+01 1.761169767357693061e+01
3.034887605688141221e+01 2.471569587256247047e+01 1.761217350161382456e+01
3.008984314623333489e+01 2.440798068280153643e+01 1.759685027364023213e+01
3.029625607304834034e+01 2.466288410148916554e+01 1.759560399191319036e+01
3.037571835499980821e+01 2.475590657549530249e+01 1.760197020812217872e+01
3.037268532660501918e+01 2.474553443321975266e+01 1.761131850723571901e+01
3.038363126214050780e+01 2.476846296913043233e+01 1.759796268948586118e+01
3.035960458833891806e+01 2.473628011086940148e+01 1.760176232758800552e+01
3.013426778782790905e+01 2.446830583590328700e+01 1.758909050034207411e+01
3.047837384103234371e+01 2.488229125545185383e+01 1.760121739745830638e+01
3.022945587667614831e+01 2.457885564485417618e+01 1.759829133152790348e+01
3.017002799470390784e+01 2.450025812219118038e+01 1.760590642787875737e+01
3.017083549481447591e+01 2.450641966473113342e+01 1.759871329589854483e+01
3.027140313035673813e+01 2.463166901348629523e+01 1.759655446644685739e+01
3.045180869928291401e+01 2.484995252711280500e+01 1.760092362513860920e+01
3.041444382343095043e+01 2.480225870752297723e+01 1.760358929575833997e+01
3.045555730312371523e+01 2.485566019843128416e+01 1.759935017959388048e+01
3.030825864778374878e+01 2.467362236082920290e+01 1.760121876053324641e+01
3.043573601811030116e+01 2.482854974192605724e+01 1.760332765918990461e+01
3.034564399552741421e+01 2.470966969077169395e+01 1.761505984310718986e+01
3.027177591976733595e+01 2.463355503831638771e+01 1.759455550762345410e+01
3.049456378752022090e+01 2.490341134330985895e+01 1.759938987740897787e+01
3.044660244251409864e+01 2.483321386776667694e+01 1.761553545284009203e+01
3.037776376552984914e+01 2.476016939606586220e+01 1.759950405188912370e+01
3.013467448562020934e+01 2.446463808687945374e+01 1.759488816765530927e+01
3.041466827366482306e+01 2.480181561057920803e+01 1.760460134782674402e+01
3.042231962543997525e+01 2.481560055047158642e+01 1.759839483338934230e+01
2.998004192434110138e+01 2.426524266903059157e+01 1.760684276065152787e+01
3.033530871934640771e+01 2.470959205007730830e+01 1.759735820561741093e+01
3.032904900080828270e+01 2.469994610493963449e+01 1.760011010495409423e+01
3.018738216548731046e+01 2.452868388509365971e+01 1.759607083613634515e+01
3.018954885647681508e+01 2.452280109542562769e+01 1.760798360380291427e+01
3.036717760021265633e+01 2.474870715023149614e+01 1.759735689798151625e+01
3.016366287947175095e+01 2.448966766519079030e+01 1.760973412504943880e+01
3.012056627928100383e+01 2.443432069897190573e+01 1.761284999551046582e+01
3.020627423475970730e+01 2.455110575254606786e+01 1.759722164072520911e+01
3.029876265800767143e+01 2.466717819498780528e+01 1.759390060512444620e+01
3.044999034571976182e+01 2.484356988324400106e+01 1.760678697294876471e+01
3.049989274895586888e+01 2.490926470385548086e+01 1.760034061065496047e+01
3.049276894179801189e+01 2.489986737749542556e+01 1.760129433652595310e+01
3.024338018590505683e+01 2.459990428594324285e+01 1.759280404573489065e+01
3.029872758766786589e+01 2.466506940839853712e+01 1.759679642749180672e+01
3.022571545235543056e+01 2.456699671964510046e+01 1.760842260918634139e+01
3.013875729151381577e+01 2.446647224230663653e+01 1.759933030240685170e+01
3.022168669644107197e+01 2.456896684170574119e+01 1.759875606709198692e+01
3.037095923889611271e+01 2.475178835468749128e+01 1.759954937876097603e+01
3.053821813320986323e+01 2.495608221799376736e+01 1.760047519472820809e+01
3.035833384020541814e+01 2.472918163069137876e+01 1.760954313517637715e+01
3.007640070691626022e+01 2.439163372132451713e+01 1.759653613322058163e+01
3.028125202097595547e+01 2.463820169859353015e+01 1.760435289970305206e+01
3.034066418881074512e+01 2.471656271175410424e+01 1.759680173026080041e+01
3.030685433304488896e+01 2.467432699171233068e+01 1.759781256493141655e+01
3.024409290977975573e+01 2.459088078689101309e+01 1.760663903362321747e+01
2.995217793794449079e+01 2.423531944276567884e+01 1.760063222538873973e+01
3.044618445755568459e+01 2.483201075832543481e+01 1.761650901063872254e+01
3.043090009146977337e+01 2.482615381391911669e+01 1.759834558089606915e+01
3.014675365655642736e+01 2.447723937169738662e+01 1.759805411884295978e+01
3.027443026831359774e+01 2.463367245383420467e+01 1.759895762561500021e+01
3.051894896673132251e+01 2.492524631067677987e+01 1.761074508321679133e+01
3.028896450618652736e+01 2.464942056077598309e+01 1.760191571605265537e+01
3.029973711273020953e+01 2.466547254612947526e+01 1.759796957539970208e+01
3.024527168816491596e+01 2.458991320452891927e+01 1.761001499387903735e+01
3.039282179309538989e+01 2.477820432052644506e+01 1.760011952223901233e+01
3.027013994436372357e+01 2.462446817164998691e+01 1.760445794436059685e+01
3.019764671311938287e+01 2.453451919390191804e+01 1.760554557332513781e+01
3.026010103386796857e+01 2.461354016029419256e+01 1.760248151135181160e+01
3.046607434535518522e+01 2.486629151221530165e+01 1.760253483013848808e+01
3.026177568413999452e+01 2.461517356218192631e+01 1.760307638058946367e+01
3.028990711215402598e+01 2.465409019583430350e+01 1.759699717220486548e+01
3.031150643524061650e+01 2.467938563208634761e+01 1.759873140872384667e+01
3.055666787423724529e+01 2.498062909879683602e+01 1.759767374981100829e+01
3.049294649314090933e+01 2.490051898637157279e+01 1.760068010171491792e+01
3.024201342155793171e+01 2.458681799673213320e+01 1.760874091425219135e+01
3.064524987479017071e+01 2.508892187469568213e+01 1.759765152097697793e+01
3.039720663996696715e+01 2.478460589008826886e+01 1.759867842725282117e+01
3.009026160688155471e+01 2.440333405132455979e+01 1.760400893972828484e+01
3.044237491880678803e+01 2.484011330401462558e+01 1.759849316677175679e+01
3.061638673388699772e+01 2.505280506047042977e+01 1.759886630556068354e+01
3.027728246935410894e+01 2.463122767645398170e+01 1.760728419943703571e+01
3.038966662646440753e+01 2.477533331997084431e+01 1.759871292316535119e+01
3.046769523262041801e+01 2.486782550508414147e+01 1.760317322065904122e+01
3.022350326929559472e+01 2.456284468202053262e+01 1.761041768374780148e+01
3.019760703319719042e+01 2.453442239094420074e+01 1.760561241406092847e+01
3.053460869754453455e+01 2.495261743217518813e+01 1.759912530768700378e+01
3.023562985054230268e+01 2.458344932247392478e+01 1.760248084414129011e+01
3.042739150204552345e+01 2.481395608478323567e+01 1.760947861355358768e+01
3.017313008741326286e+01 2.451061231019647835e+01 1.759680833137670319e+01
3.023125191238492704e+01 2.458161792742495777e+01 1.759751835515954710e+01
3.043054451566683127e+01 2.481506092074610947e+01 1.761336966680822158e+01
3.040434957293122409e+01 2.479263199599955314e+01 1.759971226082808116e+01
3.046316361337979117e+01 2.485816381667243746e+01 1.760897580778120286e+01
3.032327482343431058e+01 2.469425861611691531e+01 1.759814158989125943e+01
3.039711436843135672e+01 2.478299152039608799e+01 1.760079240339683437e+01
3.037257722184680375e+01 2.474787860406623707e+01 1.760783779160427898e+01
3.031027050435728398e+01 2.467700616800755142e+01 1.759993933601557714e+01
3.030888680790056355e+01 2.466880468526197845e+01 1.760905150581727341e+01
3.029565329085192360e+01 2.465808821675656404e+01 1.760128670904937209e+01
3.007083675785809262e+01 2.436959549723021468e+01 1.761754916607659993e+01
3.025617236697530288e+01 2.460779662800206680e+01 1.760375844571294834e+01
3.052591947602533295e+01 2.493504954737643686e+01 1.760894840490666269e+01
3.031767823027754005e+01 2.468046483666431357e+01 1.760784679399559494e+01
3.054211958693068851e+01 2.496010371396852534e+01 1.760154230317075985e+01
3.036214613152399266e+01 2.474071310465966889e+01 1.759991570391570193e+01
3.005677850947035168e+01 2.435252923651245638e+01 1.761715794764197085e+01
3.032458197615498108e+01 2.469466427707003220e+01 1.759982466592621364e+01
3.010708746902926691e+01 2.442048884098083050e+01 1.760898749602912261e+01
3.059554060924021002e+01 2.502209456318337999e+01 1.760630253184283944e+01
3.039264607523449158e+01 2.477176025516101276e+01 1.760888495377523100e+01
3.033248013171728275e+01 2.470145405368464253e+01 1.760390634418197564e+01
3.049268385256858238e+01 2.489388234648802012e+01 1.760961073538847188e+01
3.017465672899043483e+01 2.450282158858720294e+01 1.761027094937135118e+01
3.018189395080934645e+01 2.451670936461933792e+01 1.760334298900888683e+01
3.047294564039087206e+01 2.487651240358959726e+01 1.759998712034386870e+01
3.021537447402278787e+01 2.455469737293737253e+01 1.760783040379735098e+01
3.033702112167950915e+01 2.470404160791520098e+01 1.760809980581730017e+01
3.057480033075697889e+01 2.499108035830816021e+01 1.761432138318820151e+01
3.045748115649002941e+01 2.484482550916614585e+01 1.761796820910494077e+01
3.037975560152001364e+01 2.475354433108418917e+01 1.761225690980961289e+01
3.025392354335055600e+01 2.460583318767846706e+01 1.760263795307515977e+01
3.036730896654996670e+01 2.474403974195118039e+01 1.760414585030033408e+01
3.029829310174890367e+01 2.464954646927246884e+01 1.761778714080353225e+01
3.016324218312398386e+01 2.449222640795017014e+01 1.760545439855212635e+01
3.035413524614689607e+01 2.472773542277835901e+01 1.760433547176517877e+01
3.032870293671941297e+01 2.469498014722318402e+01 1.760648111781640424e+01
3.005775115338386883e+01 2.435724051842634807e+01 1.761230361782010334e+01
3.048009556203476578e+01 2.488248175158317110e+01 1.760392931572101816e+01
3.039419279599164980e+01 2.477868211429175105e+01 1.760181434962852620e+01
3.036004356781788260e+01 2.473802442939602741e+01 1.760006797630069642e+01
3.018380501372421776e+01 2.451615131435015016e+01 1.760739645258238184e+01
3.011520063791254742e+01 2.443502471714874957e+01 1.760269514972232940e+01
3.052203772475284183e+01 2.493161933029211852e+01 1.760707654440793135e+01
3.039412366083512751e+01 2.477867332305751091e+01 1.760170734500877288e+01
3.040666448382152609e+01 2.478307236553079917e+01 1.761716688791240060e+01
3.035555706831545919e+01 2.472643582161525089e+01 1.760861199774981500e+01
3.020709629611021541e+01 2.454837350769999915e+01 1.760244371582901124e+01
3.006591903378832242e+01 2.437201427978702739e+01 1.760580606766336231e+01
3.037449633824530792e+01 2.475197391990145945e+01 1.760539164206793927e+01
3.026460976403167891e+01 2.461881989687927685e+01 1.760284951518198326e+01
3.034976907189763651e+01 2.472420271218701870e+01 1.760176931345819185e+01
3.043125900991116595e+01 2.481991719001744201e+01 1.760776066423485631e+01
3.027515270926415525e+01 2.462790476094548708e+01 1.760827017781881310e+01
3.039926437451815033e+01 2.478119019349144025e+01 1.760704083898972883e+01
3.030452461343056925e+01 2.466768379940846856e+01 1.760311302066825334e+01
3.027653421678236256e+01 2.463086052548189642e+01 1.760651112384991634e+01
3.042231345643835994e+01 2.481171394438402800e+01 1.760386341641657282e+01
3.028761294875990018e+01 2.464640542287781955e+01 1.760381202651934629e+01
3.023900415435106837e+01 2.458369247268602820e+01 1.760793675179637319e+01
3.028593795622049356e+01 2.464357966535407130e+01 1.760488622983359264e+01
3.053794744053709209e+01 2.494915936193590866e+01 1.760981774504585218e+01
3.031203208315351816e+01 2.467556686628102725e+01 1.760499045264785778e+01
3.034755217369107427e+01 2.471304471923599522e+01 1.761361245287132249e+01
3.033953929185897991e+01 2.470693165031712013e+01 1.760838359614002258e+01
3.033012526408721854e+01 2.468904138468118248e+01 1.761725671155193496e+01
3.048687138104686767e+01 2.488141700762146513e+01 1.761716249278923385e+01
3.013072873794936868e+01 2.444660339835917284e+01 1.761318814307113456e+01
3.040556493856911757e+01 2.479059057048796433e+01 1.760468683049990801e+01
3.026801491784719289e+01 2.461660768472340877e+01 1.761179585287759508e+01
3.018282014535261837e+01 2.451549725673780600e+01 1.760661881741025425e+01
3.041422072467978666e+01 2.480107804128569171e+01 1.760486723266035014e+01
3.017388665913766488e+01 2.450569448464773004e+01 1.760495310824745374e+01
3.004624755524762847e+01 2.434397871604163299e+01 1.761101054522812248e+01
3.041738007565717794e+01 2.480521633613761878e+01 1.760449525503067747e+01
3.043345537763511999e+01 2.482340935171821528e+01 1.760663381738646294e+01
3.038223001005334467e+01 2.475895420978519823e+01 1.760892066032287673e+01
3.047439311229734926e+01 2.487307074199902246e+01 1.760735606007751386e+01
3.045482969646849369e+01 2.484470837509862307e+01 1.761354926178150038e+01
3.036855809944398743e+01 2.474521844638765344e+01 1.760464384984431518e+01
3.007899595729142206e+01 2.438737461334909185e+01 1.760687244421705699e+01
3.036940106840060949e+01 2.474651543719118862e+01 1.760427490611954582e+01
3.022646414723431718e+01 2.457061598058233898e+01 1.760465748541542297e+01
3.027014200981722780e+01 2.462322860160327309e+01 1.760619523144305987e+01
3.024033353436228921e+01 2.458763386529136596e+01 1.760471621969106337e+01
3.033807337746765498e+01 2.469957121536078759e+01 1.761618227749510268e+01
3.018340013342126937e+01 2.451798050695219189e+01 1.760415506279490216e+01
3.029590410517642241e+01 2.464966987738625548e+01 1.761350562738497771e+01
3.022062916372754771e+01 2.456000028134151947e+01 1.760945238308234551e+01
3.029470019809542336e+01 2.465276456873780120e+01 1.760710252173448964e+01
3.051235195492102292e+01 2.491419570780657722e+01 1.761495029950652480e+01
3.035106807159016284e+01 2.472379928998824639e+01 1.760457559143862127e+01
3.044607320742053247e+01 2.483777036375796499e+01 1.760819516897847592e+01
3.029070461633472178e+01 2.464761892300757040e+01 1.760743216883827245e+01
3.040725264057942567e+01 2.478754077483831608e+01 1.761189471589449695e+01
3.019987720454156488e+01 2.453361195603145717e+01 1.761063506975996518e+01
3.012074198512154055e+01 2.443957044986778016e+01 1.760586532835614904e+01
3.040385354103393567e+01 2.478729012768752682e+01 1.760637834054710993e+01
3.029319445009815936e+01 2.465095076169405885e+01 1.760705132996416822e+01
3.053242546061712304e+01 2.494041580071636588e+01 1.761262797527723123e+01
3.029518873321655548e+01 2.464805858002587158e+01 1.761453004246279264e+01
3.047744251607473842e+01 2.487417757241355076e+01 1.761107016670704084e+01
3.049993899590110047e+01 2.490291065519928537e+01 1.760940997458036605e+01
3.036651675894215074e+01 2.474019663295091220e+01 1.760818021926283095e+01
3.014001778044152147e+01 2.446407475777997220e+01 1.760482087529106110e+01
3.044715770473929339e+01 2.484051928276122823e+01 1.760619249184879465e+01
3.033083729887244573e+01 2.469631585863608336e+01 1.760828425091870741e+01
3.008452003037190892e+01 2.439384983345826896e+01 1.760734039429398479e+01
3.054920694103750023e+01 2.496540297586575718e+01 1.760632553882175344e+01
3.032617974511846981e+01 2.469039438579005008e+01 1.760856618261069428e+01
3.050919703660856896e+01 2.491676388275923770e+01 1.760585077266729925e+01
2.992998694645636348e+01 2.419701101954162681e+01 1.761558333792070030e+01
3.026821727213536661e+01 2.462002301121010461e+01 1.760736901870005866e+01
3.038422380212696439e+01 2.476258601319180030e+01 1.760725390278156510e+01
3.018672530703636525e+01 2.452074374532310586e+01 1.760600780809401300e+01
3.027401435670325469e+01 2.462673080590881725e+01 1.760795488076842119e+01
3.018880493228267525e+01 2.452263807118213990e+01 1.760693514695908490e+01
3.054669397302176748e+01 2.495984746152220168e+01 1.760984177609180534e+01
3.051922946692938154e+01 2.492438008935551963e+01 1.761245708061282400e+01
3.029975518902239173e+01 2.465902318657914094e+01 1.760703666147264101e+01
3.023138292863661292e+01 2.457128631527495699e+01 1.761216632304620333e+01
3.023330721664346044e+01 2.457604311056379132e+01 1.760883216694552900e+01
3.024998105738722032e+01 2.459591746337367013e+01 1.760971885372380541e+01
3.027852252989605830e+01 2.463163183204439832e+01 1.760885118013212036e+01
3.023194902507851722e+01 2.457460836626972167e+01 1.760850264785203478e+01
3.039101992968963373e+01 2.476760339377173281e+01 1.761192534891116068e+01
3.026433159601496570e+01 2.461499778904006064e+01 1.760771566101357166e+01
3.051956196703459057e+01 2.492729816435071299e+01 1.760890311419828080e+01
3.018660705237219233e+01 2.451904253205386652e+01 1.760817419966250341e+01
3.034953596913358354e+01 2.471317331826415398e+01 1.761684983426860995e+01
3.035150083706209401e+01 2.472080906683069657e+01 1.760952021332444417e+01
3.042058973102544428e+01 2.480595594043011332e+01 1.760899853668034609e+01
3.033978632245763407e+01 2.470582181480306261e+01 1.761036633768839366e+01
3.046067807092565261e+01 2.485408023409137357e+01 1.761044020625037021e+01
3.042380767602081804e+01 2.480999317061111498e+01 1.760887027556660556e+01
3.025028578305828120e+01 2.459805911537658929e+01 1.760725071421250121e+01
3.012113927225679078e+01 2.443814667714768163e+01 1.760852117711496234e+01
3.052857348447421870e+01 2.493656703318399437e+01 1.761140038714875899e+01
3.052530778757478913e+01 2.493179747066628593e+01 1.761249245302471067e+01
3.048064867238611342e+01 2.487548621078547839e+01 1.761477020192017306e+01
3.052328939390549678e+01 2.492830929606501300e+01 1.761393173212109531e+01
3.009337615428512080e+01 2.440275444604122157e+01 1.761013525812654734e+01
3.049797918320631496e+01 2.489827885827246590e+01 1.761256495105094544e+01
3.014188197284009973e+01 2.446247450201181906e+01 1.761023537897902358e+01
3.009420438246412388e+01 2.440393630344100018e+01 1.760991284223511855e+01
3.048297154585240065e+01 2.487590377316595536e+01 1.761819984372509396e+01
3.056708661174196351e+01 2.498521263508828127e+01 1.760925704023766158e+01
3.033221875940385459e+01 2.469437093986974929e+01 1.761339089308039974e+01
3.038624495289297300e+01 2.476322427943589943e+01 1.760984399770679687e+01
3.027861892337806538e+01 2.462667225342141819e+01 1.761595236226846595e+01
3.033170632277389345e+01 2.469235782025176817e+01 1.761533064485742983e+01
3.033919025742271103e+01 2.470560134221015147e+01 1.760964871301744594e+01
3.032673397655123537e+01 2.468502894705928341e+01 1.761704116948565257e+01
3.011865972252114432e+01 2.442724508508493386e+01 1.761940297042471926e+01
2.999307307058799665e+01 2.427733913301989332e+01 1.761236034261085948e+01
3.018747312274568628e+01 2.451786810182283460e+01 1.761129402622395190e+01
3.039742977926508871e+01 2.477073793506820820e+01 1.761857767634847605e+01
3.021142619903467974e+01 2.454770069950044586e+01 1.761081097926680883e+01
3.030638108569835509e+01 2.466167319723412277e+01 1.761472706641800556e+01
3.045500269933592463e+01 2.484494261595919795e+01 1.761351798552046688e+01
3.063688390582100496e+01 2.506850089473292797e+01 1.761218096515955622e+01
3.033122776476808014e+01 2.469243101702424426e+01 1.761440399751683472e+01
3.027431391148160600e+01 2.462333741429640099e+01 1.761321485114627805e+01
3.035248943789396847e+01 2.472035644479160865e+01 1.761185942255714565e+01
3.033603534122935841e+01 2.470041824274100506e+01 1.761148428889467610e+01
3.019526985753587311e+01 2.452666793938284329e+01 1.761240703483382930e+01
3.039955430502506317e+01 2.477748250018719034e+01 1.761275852605393055e+01
3.032785690639625997e+01 2.468901220309357214e+01 1.761339209154057173e+01
3.000949217723016815e+01 2.429795652629695013e+01 1.761189738164011587e+01
3.024437517842715195e+01 2.458309256342842986e+01 1.761799619569064745e+01
3.012516232153076956e+01 2.444074723471188904e+01 1.761179376178077405e+01
3.036844505625347779e+01 2.473653554656934972e+01 1.761664736231038120e+01
3.038314924412698659e+01 2.475655370045176795e+01 1.761388108474512748e+01
3.029041887359913687e+01 2.464433493497772432e+01 1.761153687645480304e+01
3.010654675922054224e+01 2.441629830647863386e+01 1.761387336091018696e+01
3.052532730177763654e+01 2.493118104802799451e+01 1.761339883245425852e+01
3.014260910720501130e+01 2.446044102175821777e+01 1.761430409669499753e+01
3.025182534258494371e+01 2.459165672625981003e+01 1.761883526275403966e+01
3.003741245479039890e+01 2.433033395190825843e+01 1.761479482616296721e+01
3.027917561769537258e+01 2.462947602142810766e+01 1.761298915565259193e+01
3.033038244288155028e+01 2.469236089076712659e+01 1.761304666352677017e+01
3.030161631933071220e+01 2.465706616550382790e+01 1.761297929578910271e+01
3.037930452263661252e+01 2.475247349541140096e+01 1.761298382268164886e+01
3.054103615384079262e+01 2.494754695384208532e+01 1.761745697698890112e+01
3.027945157277655497e+01 2.462989045266367683e+01 1.761288402953664800e+01
3.034833068434931747e+01 2.471483718820963560e+01 1.761243873195612863e+01
3.025475910686659375e+01 2.459910651469007803e+01 1.761347232357831061e+01
3.054695931398291364e+01 2.495699291840513823e+01 1.761434721472253173e+01
3.042705417464570417e+01 2.480673619177183298e+01 1.761906539117958204e+01
3.045612185831444663e+01 2.484451382580963141e+01 1.761605777146672480e+01
3.035739298372806516e+01 2.472393065779045074e+01 1.761529340082847739e+01
3.038375041772879115e+01 2.475375084067398745e+01 1.761885662478318437e+01
3.050334008000278629e+01 2.490145815388575556e+01 1.761735331559712847e+01
3.014819741923713536e+01 2.446649358656534901e+01 1.761546193569312280e+01
3.032347089981882959e+01 2.468185606667331200e+01 1.761586979164473021e+01
3.013377905734564166e+01 2.444706872391835617e+01 1.761776010408064508e+01
3.016661405373494986e+01 2.448899506547337879e+01 1.761572377594004735e+01
3.059681617527600039e+01 2.501708281221247532e+01 1.761563872332008884e+01
3.054676342753414886e+01 2.495515731197811249e+01 1.761660805694907950e+01
3.039749150753449314e+01 2.477240849539721523e+01 1.761633523999255502e+01
3.029500872692548796e+01 2.464688282781278872e+01 1.761586559430329757e+01
3.041191817569821154e+01 2.479050459478245827e+01 1.761577841202122130e+01
3.025579327987322742e+01 2.459840866847750007e+01 1.761622314722973925e+01
3.030604550739919745e+01 2.466018918229644896e+01 1.761622728594009502e+01
3.032305389064173440e+01 2.468092979309644619e+01 1.761644975024783832e+01
3.021548270142587711e+01 2.454669049420223459e+01 1.761917650351480091e+01
3.022990962531971348e+01 2.456544190251197790e+01 1.761778930766588047e+01
3.047028426098234632e+01 2.486063230009487057e+01 1.761780873390752333e+01
3.057938861317830970e+01 2.499308343414787359e+01 1.761944347615731488e+01
