# Network	H1	L1	
3.034662175767606840e+01 2.483381779622722973e+01 1.744130000221446153e+01
2.941986029959020854e+01 2.414655138373786869e+01 1.680691037400719878e+01
2.781143142464535956e+01 2.260888573539633484e+01 1.619611075818955825e+01
3.158506073151768589e+01 2.593973497160504849e+01 1.802071616269871157e+01
3.288165477650835555e+01 2.690143158597145145e+01 1.890809877980259301e+01
3.046851331929138595e+01 2.505974481663924891e+01 1.733030564106585203e+01
3.010421543584702775e+01 2.452852138967374529e+01 1.745323538614568903e+01
3.009885079249314188e+01 2.463949077030065382e+01 1.728688270362918544e+01
2.862021153121223804e+01 2.330778188236089932e+01 1.660914843740109248e+01
3.084191753618588550e+01 2.510281944511583774e+01 1.791849137664230440e+01
2.935022309414082287e+01 2.407677479200480875e+01 1.678524683437568754e+01
2.834439769694555977e+01 2.317246204823559097e+01 1.632304761451408481e+01
2.982644180176723481e+01 2.404799315868859821e+01 1.764399772143133660e+01
3.162423085296585867e+01 2.555051197212782554e+01 1.863500241491345477e+01
2.979929169176257631e+01 2.436004258244884468e+01 1.716351102519612581e+01
2.937728284230155040e+01 2.407795305085470972e+01 1.683083254261123685e+01
2.772383629029075891e+01 2.264322886950489178e+01 1.599672732198880354e+01
3.119508546221582890e+01 2.536310787779120446e+01 1.816166610678863691e+01
3.205042438555398121e+01 2.614527971560529807e+01 1.853790850896809062e+01
3.205148369225968707e+01 2.605356676244885605e+01 1.866840287303145374e+01
2.754689818199633677e+01 2.246798436288898770e+01 1.593804499047010026e+01
2.902471665582138627e+01 2.379363212481099410e+01 1.662219140967512843e+01
3.063277993753657213e+01 2.473224124151121472e+01 1.807438656976316338e+01
3.090689788524149861e+01 2.503135689463751845e+01 1.812918941657426330e+01
3.308051892318992060e+01 2.695494774888539169e+01 1.917684864836725467e+01
3.252329790513555707e+01 2.662880647788061594e+01 1.867274945447986667e+01
3.260860992162677974e+01 2.663200888368275443e+01 1.881641687038898780e+01
3.124893498504312461e+01 2.555622367008576035e+01 1.798264078004118716e+01
3.095387943119641605e+01 2.540894516353897359e+01 1.767846592658180782e+01
2.963291752257728362e+01 2.400454693925484051e+01 1.737502596087208673e+01
3.026151809804974846e+01 2.484462095689278627e+01 1.727727661140251314e+01
2.923661996530890406e+01 2.360045013281325410e+01 1.725684503391318358e+01
3.218290091489211591e+01 2.627403094131638284e+01 1.858532779889860720e+01
3.116718986870777641e+01 2.533094773751057005e+01 1.815865664171192861e+01
3.300159765848071913e+01 2.690737007990853158e+01 1.910756089601923335e+01
2.874448567163774015e+01 2.355046500700577639e+01 1.648093002475235380e+01
2.860286538082413088e+01 2.339862636177888078e+01 1.645078090472954102e+01
3.320372635833937380e+01 2.704043103017024308e+01 1.926921206957064925e+01
3.052454155593772711e+01 2.485487573645544401e+01 1.771955951273980645e+01
2.968138697328130604e+01 2.392585150260735460e+01 1.756526010433248786e+01
2.849724158571248722e+01 2.323560526245224267e+01 1.649846738585020489e+01
2.845305293181324657e+01 2.302673620922217523e+01 1.671363636948772324e+01
3.200650611236120113e+01 2.599973287124222665e+01 1.866628844051921732e+01
3.171425342819438953e+01 2.581139127784012999e+01 1.842731534461756482e+01
2.859250736872519028e+01 2.328443327269163277e+01 1.659417502620046037e+01
3.173688152253496142e+01 2.602190713038682190e+01 1.816837907114843986e+01
3.142030042590532801e+01 2.578952640276835950e+01 1.794813658224887476e+01
2.881896834565449694e+01 2.363474224440279770e+01 1.649035765374656037e+01
2.964972650827991529e+01 2.433374415719286432e+01 1.694034171166800462e+01
3.010635581638629432e+01 2.440905742641352916e+01 1.762358011576829142e+01
3.116996118834491725e+01 2.547508764691759708e+01 1.796069012774272267e+01
2.751398066032751899e+01 2.240415009430644844e+01 1.597101093633916058e+01
3.116036835649748227e+01 2.536143199031273809e+01 1.810431781408378171e+01
2.773551938424330743e+01 2.254674078728905329e+01 1.615250802149723697e+01
3.137778583909288699e+01 2.541409756986096369e+01 1.840350751551359210e+01
2.957917511208038164e+01 2.407158882102730146e+01 1.718971238684664016e+01
3.170671293798076462e+01 2.595889548100706889e+01 1.820580651159590246e+01
2.787105054415927086e+01 2.260395468042589684e+01 1.630511242648553605e+01
3.241663584686410360e+01 2.641441356941253815e+01 1.879140855317210068e+01
3.108949998688186511e+01 2.536009787365381385e+01 1.798394965720897787e+01
2.977335532004907037e+01 2.435350949162439349e+01 1.712773372210272527e+01
2.919472107654758375e+01 2.383836818468309815e+01 1.685419654059191430e+01
2.807262351538071599e+01 2.282580479417874031e+01 1.634181221695908448e+01
3.222777810409341726e+01 2.627032288446926245e+01 1.866814980313833772e+01
3.024776923097217463e+01 2.481064573320971434e+01 1.730200571469416815e+01
2.991969169096047665e+01 2.452522438541621241e+01 1.713771629264282481e+01
3.248710840785684439e+01 2.625652032434699024e+01 1.913131864668497073e+01
2.844886560165553036e+01 2.309939238618197521e+01 1.660590333014911124e+01
2.965075987018893855e+01 2.398468220417713681e+01 1.743280185295052576e+01
3.247756441166788477e+01 2.656124550044848931e+01 1.868936669817736274e+01
2.884955263915882639e+01 2.331209313290710838e+01 1.699538176218060670e+01
3.084659970598276857e+01 2.525374469985683490e+01 1.771330268627476912e+01
3.032746673641740287e+01 2.486521922527472483e+01 1.736306745732251855e+01
3.005246026556593364e+01 2.461752327581355004e+01 1.723739875323992621e+01
3.046282583226318152e+01 2.497373960768484480e+01 1.744408460465479038e+01
3.234433973878710589e+01 2.642588073531297965e+01 1.865017802867031449e+01
3.144535967878096017e+01 2.579136996388724867e+01 1.798932685549401356e+01
2.914836148042288144e+01 2.364598525470434254e+01 1.704389504566680102e+01
3.217521841451001308e+01 2.629859454266902219e+01 1.853722215170664001e+01
2.986188453682013488e+01 2.404300582225925709e+01 1.771061882377871655e+01
2.834812194665229867e+01 2.302579647233647009e+01 1.653568005002536978e+01
3.134229240621089829e+01 2.565789922043661875e+01 1.800031946578569375e+01
2.918935078351389834e+01 2.369365390012467287e+01 1.704784338337639227e+01
3.041403986861474351e+01 2.456176869805836205e+01 1.793692670311075332e+01
2.809782119022675673e+01 2.287160560562880818e+01 1.632106652944360903e+01
2.987228420646557581e+01 2.418760736821122137e+01 1.753034550467009112e+01
3.080185437228892908e+01 2.483742865987514392e+01 1.821692538101057934e+01
2.827714270516512229e+01 2.307363258496854996e+01 1.634638427610677169e+01
3.149313081195863262e+01 2.564217625399756884e+01 1.828376562139379047e+01
2.907881475633783808e+01 2.379515454691191323e+01 1.671430787445261146e+01
3.084341476285965555e+01 2.519571949001697320e+01 1.779022072977645408e+01
2.831367269604696091e+01 2.298114915275284886e+01 1.653876794558173913e+01
3.136548144223134216e+01 2.570691484611297994e+01 1.797075277214771205e+01
3.112560051893978752e+01 2.523323787335623791e+01 1.822324652994754146e+01
2.906417919764859903e+01 2.374880686824769427e+01 1.675472126797998129e+01
3.108759116122444155e+01 2.543799748742638300e+01 1.787027162740200126e+01
3.022301597849215327e+01 2.460557505016435798e+01 1.754982539192117486e+01
2.878508782199080329e+01 2.349018473535489804e+01 1.663708213655937485e+01
2.994848237630311871e+01 2.441589917651863573e+01 1.734287934703505840e+01
2.842296399622804870e+01 2.318369502083208644e+01 1.644327119255537184e+01
2.888458901832792236e+01 2.347028255157256638e+01 1.683642835363422208e+01
3.134324768355087087e+01 2.536443852742954519e+01 1.841315924931581449e+01
3.091541335520109257e+01 2.533035333704371439e+01 1.772388170642831895e+01
3.171394757850154633e+01 2.598421866346388853e+01 1.818226750054126484e+01
3.094212702730766651e+01 2.520518293214842842e+01 1.794753404596233892e+01
2.973399989688142853e+01 2.434846446524111485e+01 1.706642985666995216e+01
3.081430725437418516e+01 2.509854484914646733e+01 1.787692865182273749e+01
3.223593546312741154e+01 2.624923981746585611e+01 1.871183967941369275e+01
3.195767031670632363e+01 2.585946617456134433e+01 1.877713240188741040e+01
2.842380615262162991e+01 2.318036140719686244e+01 1.644942555937894824e+01
3.187728157934640905e+01 2.594018798366261080e+01 1.852748575120714847e+01
2.912558016225105817e+01 2.385404432312576972e+01 1.671179192121729429e+01
3.118008248627799617e+01 2.532213953871695367e+01 1.819304243475640703e+01
2.958729374689594493e+01 2.414259443181461151e+01 1.710389094229795148e+01
3.239304184472459269e+01 2.647237764560625450e+01 1.866875415614241973e+01
3.129079071017008573e+01 2.541992658570371333e+01 1.824666861772581683e+01
3.083367225673154621e+01 2.510128545860517946e+01 1.790644613431578946e+01
2.952178938385053542e+01 2.405012026794403823e+01 1.712097437419545898e+01
3.008168807099914588e+01 2.441915121283449963e+01 1.756738487213209865e+01
3.262928252941964047e+01 2.653063675449154957e+01 1.899461481014848374e+01
2.994299293885986302e+01 2.447157796202815305e+01 1.725470075617046106e+01
2.938499039553379788e+01 2.395594908557401226e+01 1.701734891089088819e+01
2.936334034689519257e+01 2.406284945841101219e+01 1.682810245599461041e+01
3.175804744342642039e+01 2.593387253914967161e+01 1.833051642867875941e+01
2.830950549415416617e+01 2.302196892286424657e+01 1.647473970168323376e+01
2.924289049914563066e+01 2.380028545064204337e+01 1.699096987264054093e+01
2.977495388343774607e+01 2.445055551404921346e+01 1.699171014981252625e+01
2.879365695439769368e+01 2.330427370589625724e+01 1.691110605040979920e+01
3.182192772428821570e+01 2.596082514354856841e+01 1.840300632929086078e+01
2.984664948476608615e+01 2.453668792127032106e+01 1.699333490874215613e+01
2.806935792147109154e+01 2.286149697614168019e+01 1.628621534100285828e+01
2.933545154811597300e+01 2.400864634383186669e+01 1.685685671377284578e+01
3.153532698664037426e+01 2.577015321451395735e+01 1.817624965318216468e+01
3.003572494556287253e+01 2.457953650901220044e+01 1.726242039830000508e+01
3.159579460544410168e+01 2.579929900261288367e+01 1.823980284222360737e+01
3.000630882305923564e+01 2.460516671665905974e+01 1.717452590408875324e+01
2.835268616049372525e+01 2.309950107050101664e+01 1.644043377801738259e+01
2.871363288964756677e+01 2.337888905867962208e+01 1.667034073147279116e+01
2.811676608862491378e+01 2.270291884263722437e+01 1.658704347697550219e+01
3.030614674110686479e+01 2.462629542114273562e+01 1.766375113400623320e+01
2.952008909841809725e+01 2.404030751948822697e+01 1.713182053218456957e+01
3.096359724645750688e+01 2.518940439431753120e+01 1.800661713649644469e+01
2.933915647128018378e+01 2.391106472772989378e+01 1.700138482690669406e+01
3.017860084783853125e+01 2.445177440874474328e+01 1.768781154911528830e+01
3.116828044057393043e+01 2.541804721527628175e+01 1.803841959219956337e+01
3.031007724852032226e+01 2.454940401643550274e+01 1.777716358840998012e+01
3.076773431295072569e+01 2.510727472072997202e+01 1.778421296684560104e+01
3.117598998252673681e+01 2.544996425798525408e+01 1.800671182248109758e+01
2.835144566222211893e+01 2.315839325359572953e+01 1.635522219505883967e+01
3.149948192224915999e+01 2.561317888070425042e+01 1.833527826336833755e+01
3.099726944219590408e+01 2.493066534636846754e+01 1.841989788949640783e+01
2.957225660682098933e+01 2.412905107590260911e+01 1.709699549617273107e+01
2.923607877230719509e+01 2.374857744423783146e+01 1.705149176334989747e+01
3.266147933270858772e+01 2.661735152587869990e+01 1.892851895814231966e+01
2.850508788308135166e+01 2.325769258723870436e+01 1.648089107844879919e+01
3.156407165853013908e+01 2.590809427605865523e+01 1.802945563924996364e+01
2.921807311963026521e+01 2.379249707563774763e+01 1.695915327278546059e+01
3.044426720752926840e+01 2.496685561106285078e+01 1.742152480983743956e+01
3.190556791484519294e+01 2.584681232164835762e+01 1.870581612168487240e+01
3.209678575310371684e+01 2.606334873345208081e+01 1.873247203331966659e+01
3.147982526797926184e+01 2.571839744400388739e+01 1.815333114926183455e+01
3.107427643907551840e+01 2.539136182919001428e+01 1.791338607497857183e+01
2.870310487392655219e+01 2.348402849704447348e+01 1.650359460704331838e+01
3.029181142935273030e+01 2.442670968806324439e+01 1.791451069626357295e+01
2.898863081453196600e+01 2.368142311232260866e+01 1.671917808614959711e+01
2.969565949054428700e+01 2.416647021745439972e+01 1.725728570219669677e+01
2.968751185762018352e+01 2.409482704654641694e+01 1.734323124141964101e+01
3.106196837597231664e+01 2.530383295569577840e+01 1.801560204767380213e+01
2.945455994147685885e+01 2.423394397472807427e+01 1.674177591463325498e+01
3.244241721531888345e+01 2.652729713099931530e+01 1.867653452052855556e+01
2.887651897523488742e+01 2.354623740787881303e+01 1.671610158077860575e+01
3.024277221418815387e+01 2.466474738875364991e+01 1.750072876906104824e+01
3.128793899716301397e+01 2.554145984244398448e+01 1.807121899062194714e+01
2.962358224735787715e+01 2.420871005254867114e+01 1.707322414652855258e+01
3.203928771879602522e+01 2.598809828837897484e+01 1.873858865766970538e+01
2.935077408530537113e+01 2.404599144138392575e+01 1.683027733008355398e+01
3.220429840483790684e+01 2.630507738930797146e+01 1.857847516052822101e+01
2.929946430115094103e+01 2.387658488670304635e+01 1.698138105345033821e+01
3.137176330940156177e+01 2.571468978017519191e+01 1.797059438778994434e+01
2.959842389417302044e+01 2.420609913844722882e+01 1.703324577169062692e+01
3.199879829722952351e+01 2.611622086543924226e+01 1.848962141782180879e+01
2.861934695230151604e+01 2.337225337899803534e+01 1.651680332159116560e+01
3.021192098678757176e+01 2.475693400862659388e+01 1.731630411503572375e+01
2.848713746528843060e+01 2.324400607134953844e+01 1.646915853106361993e+01
3.012015699491970722e+01 2.441651997641503868e+01 1.763681971444783869e+01
3.031675632581822555e+01 2.467082415535855944e+01 1.761976587853584775e+01
3.073518453408614093e+01 2.488609356290256258e+01 1.803701515004041767e+01
3.124047539376700300e+01 2.527399542544991107e+01 1.836280093185400730e+01
3.169867132876778371e+01 2.585581265255535754e+01 1.833801287177002237e+01
3.042499266752186315e+01 2.473796493831617482e+01 1.771195273055454678e+01
3.212886866023812615e+01 2.619340645180925264e+01 1.860563516349681379e+01
3.058351020433537926e+01 2.497030385115530748e+01 1.765885109512123918e+01
3.090449853188929907e+01 2.533153517802799826e+01 1.770314534290101349e+01
2.868660572325897107e+01 2.330755155677744028e+01 1.672361768128761739e+01
3.245242330067923575e+01 2.647940747421419516e+01 1.876168323741230637e+01
3.104659472668618392e+01 2.523776699452074013e+01 1.808165261400013435e+01
3.123545420933778516e+01 2.541776125823061605e+01 1.815464161814350774e+01
3.077421204745144223e+01 2.515140884446323355e+01 1.773298509219928576e+01
2.979781660440709956e+01 2.432513642865821168e+01 1.721039256138698903e+01
3.022531349115357457e+01 2.448401906205740985e+01 1.772293390517833345e+01
3.012654015480609360e+01 2.463769583989561340e+01 1.733759975890360749e+01
2.974646405498623380e+01 2.435526929343871672e+01 1.707843615260686576e+01
2.891707283688625552e+01 2.345363058552937474e+01 1.691520954086309558e+01
3.211603930644637472e+01 2.613513298737207080e+01 1.866533697701663641e+01
3.271867483724686565e+01 2.676134968342920573e+01 1.882396999112340907e+01
2.809360421534606189e+01 2.273874033805403272e+01 1.649849343567661819e+01
2.984743459799837950e+01 2.438718226033708802e+01 1.720856453870835523e+01
2.995672805114822879e+01 2.423800091946383972e+01 1.760468309736137726e+01
2.977688884858343243e+01 2.438144892944134057e+01 1.709409423169113396e+01
3.183196971075234671e+01 2.590801746749068002e+01 1.849456478456448494e+01
3.042801881840611244e+01 2.490202998663010092e+01 1.748580086122027666e+01
2.849702794569697772e+01 2.328672536942730886e+01 1.642586446147371149e+01
3.133090879655557259e+01 2.549083991643487224e+01 1.821655638074260253e+01
3.243566433482213540e+01 2.655495964061232073e+01 1.862542454084479715e+01
3.051199366674958213e+01 2.495145750834092269e+01 1.756150693218620162e+01
3.210632917705326150e+01 2.607484650159807771e+01 1.873282555151250861e+01
3.035699928906301182e+01 2.482985639206833994e+01 1.746498317735906980e+01
2.943281923451625914e+01 2.384017648078734197e+01 1.726084683486370253e+01
2.913196310069001527e+01 2.373679738996121102e+01 1.688892310859088397e+01
3.223849602101907408e+01 2.631722864216749969e+01 1.862052905513538548e+01
2.925573153945842009e+01 2.371442637534166309e+01 1.713253657802491858e+01
2.929712839069459562e+01 2.389267327738674496e+01 1.695470128315130864e+01
2.958485887468622622e+01 2.415281382125959198e+01 1.708524097432260191e+01
3.063516692854668122e+01 2.484336525481180402e+01 1.792541925746591858e+01
3.166848487572810456e+01 2.586948788943700350e+01 1.826643179886241342e+01
3.103578170106521128e+01 2.517849056797127005e+01 1.814561540744088575e+01
3.129415529916920491e+01 2.543431018118514331e+01 1.823238935235263725e+01
3.035189972966932359e+01 2.475367162905401841e+01 1.756398468687748959e+01
2.928368722246538525e+01 2.395691547897632034e+01 1.684044352374269593e+01
2.885273678283839516e+01 2.366765756838480428e+01 1.650219394763718483e+01
3.064108808119406291e+01 2.491896676580880410e+01 1.783034980374780076e+01
3.201993108318311698e+01 2.617049658718157445e+01 1.844941990828204936e+01
2.932239967991085550e+01 2.397698527759195741e+01 1.687919725539620330e+01
3.107756109786017973e+01 2.543475250805757426e+01 1.785744014815929148e+01
3.190276222341639212e+01 2.609031399472855384e+01 1.835978630432052228e+01
3.170444026948516481e+01 2.585277406741822759e+01 1.835226432406584962e+01
2.975924752713815025e+01 2.425820042396739851e+01 1.723811258729058693e+01
2.937223802962648023e+01 2.382435773742333751e+01 1.717929990623345660e+01
3.207689961416079427e+01 2.601478554685828115e+01 1.876588451973214333e+01
3.068615490540014079e+01 2.507225367186302378e+01 1.769243337395860394e+01
2.897213109271958587e+01 2.367121957305904445e+01 1.670502151982317329e+01
2.933830593705100043e+01 2.394979250943449145e+01 1.694531303962950020e+01
3.028041628450865375e+01 2.477174117801804698e+01 1.741448963858607968e+01
3.069112350260616040e+01 2.468742337758209260e+01 1.823392960467483803e+01
2.894170062005940380e+01 2.356730623580156703e+01 1.679893185798119148e+01
2.918481798849530406e+01 2.362855730320952574e+01 1.713023294618443870e+01
3.027618524440861592e+01 2.451034911200836675e+01 1.777329961940710490e+01
2.883727744234856161e+01 2.346014535832475190e+01 1.676932169329633027e+01
2.885117779080352207e+01 2.352322692675491567e+01 1.670473749775634431e+01
3.207473478078109963e+01 2.617169797922876029e+01 1.854267607821163466e+01
3.006476102525068939e+01 2.452116744954386718e+01 1.739546499570687743e+01
2.951883240365879857e+01 2.389973064364594535e+01 1.732525156055367788e+01
3.179074607821447174e+01 2.592369788752260007e+01 1.840145168311362056e+01
3.003847327029605552e+01 2.456479036897830071e+01 1.728817371900344924e+01
3.005484197572292260e+01 2.459216109575608300e+01 1.727770641103897731e+01
3.235142133023625632e+01 2.628176796592102704e+01 1.886486508491255165e+01
2.998212916991920096e+01 2.445707829849697035e+01 1.734299255212053836e+01
3.064907958565462209e+01 2.511819053533714907e+01 1.756253352105812127e+01
2.938667284759767284e+01 2.396386689400195635e+01 1.700910416624847343e+01
2.912747036225657027e+01 2.376593833731828553e+01 1.684012187161719609e+01
2.945303269303526150e+01 2.410400176726843213e+01 1.692566789289345408e+01
3.115052432712854724e+01 2.536042100696426616e+01 1.808878691909861303e+01
2.879490250489491032e+01 2.322229922495805710e+01 1.702560509858358984e+01
3.106964885703068191e+01 2.541711565517477922e+01 1.786878036886281151e+01
2.975518158446498873e+01 2.425022882176619632e+01 1.724230939336330692e+01
2.907829206991409521e+01 2.351513027798697664e+01 1.710513717315733828e+01
2.928788526703888451e+01 2.387408163141840234e+01 1.696491820409411133e+01
3.073232311697172392e+01 2.485183692164219238e+01 1.807932204995686476e+01
2.939091191550712168e+01 2.399033401469808169e+01 1.697909235172242148e+01
3.086399548901444945e+01 2.505889310591084751e+01 1.801771611088480896e+01
2.924665663081050226e+01 2.381103651801044307e+01 1.698238687636414213e+01
3.056154665980361074e+01 2.502016913786786034e+01 1.754990799268867718e+01
3.187593655203763632e+01 2.584834386641076875e+01 1.865310833167796289e+01
3.157336212421369126e+01 2.543856504680388397e+01 1.870178077580472831e+01
3.120687236127235309e+01 2.533464411405207883e+01 1.822154467072071782e+01
2.952182109093708107e+01 2.408155401519618977e+01 1.707678765864604031e+01
3.038663220704341938e+01 2.469743398878240370e+01 1.770266000509144177e+01
3.202161778846559770e+01 2.606777183812066312e+01 1.859718465752974126e+01
2.937636148657194823e+01 2.403335895883073192e+01 1.689284675079183629e+01
2.933580499571820255e+01 2.388679695771608991e+01 1.702969130218309246e+01
2.944550420372009114e+01 2.401178809088144206e+01 1.704323180884135525e+01
2.878696550135412124e+01 2.341049772306647725e+01 1.675225295697422112e+01
2.948885459524279185e+01 2.406736202908541600e+01 1.703979548880530359e+01
2.971425755030741911e+01 2.409085068037205346e+01 1.739448232233482727e+01
2.952900541472551055e+01 2.396854315995513929e+01 1.724735050876673625e+01
2.955098618683250677e+01 2.400680116806799091e+01 1.723178117001301146e+01
2.907602479586893551e+01 2.373314026414058020e+01 1.679741858538431742e+01
3.050351703314029095e+01 2.477859224496413049e+01 1.779005108899025345e+01
3.166431392351146457e+01 2.584022020453555157e+01 1.830059551019568787e+01
3.143283831024707808e+01 2.560143824556782377e+01 1.823704153629402569e+01
3.031898184371810245e+01 2.455600969697500346e+01 1.778322377415798172e+01
3.118251314058041146e+01 2.551002806874685902e+01 1.793286351072291751e+01
3.034827443599678531e+01 2.486970314103326984e+01 1.739297636747246756e+01
3.229306520436037431e+01 2.631522207383146394e+01 1.871766939279578779e+01
2.819846272862050185e+01 2.296207445671310765e+01 1.636754217656893928e+01
2.918983712337809067e+01 2.375743423607358906e+01 1.695968483810887761e+01
3.066091892834282362e+01 2.500457832375998279e+01 1.774437974067742729e+01
2.846467261106224100e+01 2.313601171858148930e+01 1.658199471151215221e+01
3.155790968654931916e+01 2.564868970799838976e+01 1.838603763857837947e+01
3.069051624194792538e+01 2.500899564547563614e+01 1.778926429062905612e+01
2.920706945389773068e+01 2.381394934060752533e+01 1.691001841772457226e+01
2.866136793331110511e+01 2.337300309407980947e+01 1.658845195226997760e+01
3.017003306130025209e+01 2.452669531944265557e+01 1.756906689688385370e+01
2.886758958512464801e+01 2.363638850119923518e+01 1.657283521536293236e+01
3.071341500751916342e+01 2.492271530265385238e+01 1.794915383428886813e+01
3.148879811464816925e+01 2.552995357233525908e+01 1.843273927823741332e+01
3.216198388149202003e+01 2.616808591145334972e+01 1.869824823142930370e+01
3.093110268369485283e+01 2.519989529826348118e+01 1.793595244713346659e+01
3.035851334781307642e+01 2.474212255490460421e+01 1.759166575874569105e+01
3.047677295975977785e+01 2.479524368852551319e+01 1.772087978818717247e+01
2.927834735662638366e+01 2.397410140794924871e+01 1.680666789154343377e+01
2.940154361042358389e+01 2.399018610535054208e+01 1.699769800020830957e+01
2.844518010787994555e+01 2.320143109698697970e+01 1.645666632163071341e+01
2.837749350353133337e+01 2.302622980815925047e+01 1.658538146576078631e+01
2.873315499866117761e+01 2.345229958003636739e+01 1.660071807438803759e+01
3.120657486505172429e+01 2.548079030303194514e+01 1.801609392573737978e+01
2.998468401131949435e+01 2.461254432736226860e+01 1.712611856178469694e+01
3.210687625402145784e+01 2.609989313463644223e+01 1.869885240199528198e+01
2.949171656788372076e+01 2.415516098301645087e+01 1.692009290769252416e+01
3.065706641465206062e+01 2.513989963753483181e+01 1.754540302663530937e+01
3.185919159070367002e+01 2.600473642077042058e+01 1.840548213167532765e+01
3.158379182976688071e+01 2.549814093582295271e+01 1.863815213917299474e+01
2.933743272648246503e+01 2.401112999976994544e+01 1.685676704220094635e+01
3.196304054914925530e+01 2.607704367889983743e+01 1.848306668589683710e+01
3.016401852442982090e+01 2.456931483634267721e+01 1.749905088897158123e+01
2.982738803999689026e+01 2.418584682423697174e+01 1.745617056181269078e+01
2.956659224114555329e+01 2.419868463230057998e+01 1.698843838675668749e+01
2.991302388839136839e+01 2.442921039833953145e+01 1.726275405203736568e+01
3.096301078684338393e+01 2.537428108615700495e+01 1.774412286778003889e+01
2.918754108481775233e+01 2.383365127266934635e+01 1.684843083467155367e+01
2.949418252271347995e+01 2.398211979157347074e+01 1.716871378367515533e+01
3.065699620703057349e+01 2.500770977348339130e+01 1.773318550974725838e+01
3.025616868504148016e+01 2.476738740925655691e+01 1.737850006236108769e+01
2.894379944313616093e+01 2.372504012191884826e+01 1.657908312958922181e+01
3.021871490202801880e+01 2.438693539793443321e+01 1.784511451986292840e+01
3.107240118893287928e+01 2.539664693931601036e+01 1.790263779127891652e+01
3.068676355008691559e+01 2.505866272486457902e+01 1.771273213314155370e+01
2.995526081163374243e+01 2.437333324309077298e+01 1.741431241577589262e+01
3.019898026839975813e+01 2.462330700529725291e+01 1.748345393147695859e+01
2.995558023158637795e+01 2.435620910938678207e+01 1.743880342313752152e+01
3.027020114067454415e+01 2.464045116820427239e+01 1.758218539670865255e+01
3.009073798676848455e+01 2.438495494813338027e+01 1.763027182904045276e+01
3.016940185171464961e+01 2.451600717668494767e+01 1.758289510299641734e+01
2.875513612871561975e+01 2.347003641171225397e+01 1.661370652846219187e+01
2.907457292268616200e+01 2.365542603119775222e+01 1.690418912338379798e+01
3.071954351307211795e+01 2.502671772456850618e+01 1.781442543519997201e+01
2.965197645106601598e+01 2.420692459829023946e+01 1.712496741448766713e+01
2.998686819677846671e+01 2.449094882004812135e+01 1.730334332274394527e+01
2.934714467028346263e+01 2.394140684003637887e+01 1.697244645943554886e+01
3.144258945903801461e+01 2.563178009493365650e+01 1.821121305829381853e+01
3.034330896548497236e+01 2.467537789243836599e+01 1.765905220673648301e+01
2.961037205909934755e+01 2.404871864018194216e+01 1.727522113443578888e+01
2.996539409522990027e+01 2.437678438159875327e+01 1.742691098546962891e+01
2.913501166065077186e+01 2.364677568286008835e+01 1.701995605960113167e+01
3.111883204994352425e+01 2.539189035167723674e+01 1.798981969117513913e+01
2.880514113059082604e+01 2.342915648405272222e+01 1.675740976401261761e+01
2.897074213269163323e+01 2.357833392516462823e+01 1.683348059767631355e+01
3.024400480018635662e+01 2.456909859089026327e+01 1.763687105993604121e+01
3.015375929348077833e+01 2.464929136075909710e+01 1.736840910796338378e+01
2.848077227208272788e+01 2.324581510043165622e+01 1.645559082897906578e+01
2.960210410689437310e+01 2.421704386946587562e+01 1.702408158403201099e+01
2.927777014719920246e+01 2.398482940690695742e+01 1.679034791521009495e+01
3.234168323037233961e+01 2.633732864295171083e+01 1.877044469710034846e+01
3.123803597882322336e+01 2.550724297394469886e+01 1.803317630597569021e+01
3.234950284536431298e+01 2.642301469010836712e+01 1.866318914410265961e+01
3.114892438155691679e+01 2.540670130095410428e+01 1.802096054965017302e+01
2.970539875554751674e+01 2.429509410648368828e+01 1.709266268265963973e+01
3.195642536774161613e+01 2.603054762370103248e+01 1.853709018951659715e+01
2.876818692191335458e+01 2.345851277191843920e+01 1.665253005713804768e+01
2.908461249182675701e+01 2.362552667212395008e+01 1.696317108516225858e+01
2.968223752575776686e+01 2.415822096330612112e+01 1.724574105173736172e+01
2.885978030155813201e+01 2.344662621137453229e+01 1.682684279234484137e+01
3.130242686718047196e+01 2.558882228051187369e+01 1.802925683636352616e+01
3.077095799892520844e+01 2.498603001326280193e+01 1.795968152133967521e+01
3.130366301541073426e+01 2.537532964501696853e+01 1.833062911056565270e+01
2.970998163136027870e+01 2.424756782172208602e+01 1.716794872041365139e+01
2.903770982740240569e+01 2.359334649252527072e+01 1.692756903114170797e+01
3.062605359726983778e+01 2.490793284686310827e+01 1.781993378885013257e+01
2.992473358569359831e+01 2.439806776594161519e+01 1.732697231091626833e+01
3.079198535205196308e+01 2.488100203510557051e+01 1.814062015615935763e+01
3.006967816122945436e+01 2.466785014192725356e+01 1.719542712744697255e+01
3.105938326569864927e+01 2.513821733419599269e+01 1.824158211626089710e+01
3.121067462358069022e+01 2.533107061983790587e+01 1.823302146414050640e+01
3.123550934903029486e+01 2.547670884077194842e+01 1.807192161713555478e+01
2.846206055900585952e+01 2.305601365797351932e+01 1.668859267487392017e+01
2.997584257231928007e+01 2.431290781125284539e+01 1.753378600536659349e+01
2.884410807373832597e+01 2.358629582610841879e+01 1.660328942627927162e+01
3.221602311932419838e+01 2.630452040054727192e+01 1.859957935336236901e+01
3.000865249550885494e+01 2.431759913938747175e+01 1.758333292331893105e+01
2.997385737188321286e+01 2.440129522126054695e+01 1.740715132567315848e+01
2.895161240927626878e+01 2.368949822323972754e+01 1.664342317638055491e+01
3.197296464156116258e+01 2.619176883090957020e+01 1.833744021063775165e+01
3.137678349965842983e+01 2.545213893668754324e+01 1.834914620171716493e+01
3.060971302440322717e+01 2.481735733974198865e+01 1.791796043381821235e+01
3.151435142292135083e+01 2.568065088621863978e+01 1.826632189762194258e+01
2.878604412400859403e+01 2.341818716728410976e+01 1.673991774494186657e+01
2.886331390525212370e+01 2.356448191495955413e+01 1.666751576188439543e+01
2.877961119128066514e+01 2.349377905399101962e+01 1.662252586352447281e+01
3.054029926991768562e+01 2.479688015356653352e+01 1.782763624673200908e+01
2.907728952994975558e+01 2.362591823932867996e+01 1.695006648237941249e+01
3.148575809219327581e+01 2.576842467375394818e+01 1.809257451202517686e+01
3.070903776717413436e+01 2.514624874500875151e+01 1.762700129460122156e+01
3.049237058356192165e+01 2.488375999048068365e+01 1.762336950022398696e+01
3.115542016907885170e+01 2.536251295727680599e+01 1.809428479945563595e+01
3.148590663544447210e+01 2.566724394612506899e+01 1.823608798141838960e+01
2.862346864651170719e+01 2.322381620213186082e+01 1.673192512436738255e+01
3.070199003712319907e+01 2.508633327736228935e+01 1.769994561959775226e+01
3.208227264981908178e+01 2.619139501698002093e+01 1.852789911031047154e+01
3.055447303518211655e+01 2.505180713451081687e+01 1.749236352677773709e+01
2.951377275111529386e+01 2.404518180968810626e+01 1.711408816570487801e+01
2.959123540207874115e+01 2.403129569695422774e+01 1.726667425264018263e+01
3.180922294926286753e+01 2.592948985218417235e+01 1.842520612208692654e+01
2.996507067167700100e+01 2.448486852483210896e+01 1.727416202541481027e+01
3.023564448483024947e+01 2.466554777538544840e+01 1.748727967275710427e+01
3.211702503498698746e+01 2.615047599840655579e+01 1.864553303487845426e+01
2.994440913198430820e+01 2.421235717077474803e+01 1.761900673983916477e+01
3.072817407105248577e+01 2.495915086348741241e+01 1.792376829560619811e+01
2.974691835051515909e+01 2.421486082044117794e+01 1.727772169005156755e+01
2.989217116196640944e+01 2.424983758478734686e+01 1.747819423990164722e+01
3.133097421363916268e+01 2.563550097299100727e+01 1.801252439386271575e+01
3.090605007103107837e+01 2.531511296101848529e+01 1.772932561503550630e+01
2.952398607401178765e+01 2.408407015866791667e+01 1.707698211894606288e+01
2.971559279361879291e+01 2.421411523586147041e+01 1.722478093969820634e+01
3.037754531277731473e+01 2.477673077836200122e+01 1.757580357100090396e+01
3.091851472113504684e+01 2.527125265591750036e+01 1.781343149878280485e+01
2.875527991497419578e+01 2.344464945022413715e+01 1.664976081343583303e+01
3.023238725545961003e+01 2.467477226760962239e+01 1.746862480865851808e+01
3.019006112085184412e+01 2.467777360943965093e+01 1.739101147610494991e+01
2.890125570543200695e+01 2.351517042309980354e+01 1.680236118298075354e+01
2.957696153420349106e+01 2.414081044542507826e+01 1.708853196251241613e+01
2.949892721957788666e+01 2.401536387175619680e+01 1.713035333007175254e+01
3.069175608346084871e+01 2.493672258317349844e+01 1.789256153535599481e+01
3.091110532012077172e+01 2.523787759854558033e+01 1.784785607383782846e+01
2.969553674928804909e+01 2.410498904410941989e+01 1.734284884359204781e+01
3.013604012603366300e+01 2.448156267141279585e+01 1.757367359556898379e+01
2.938713221598697700e+01 2.385834656592999536e+01 1.715758838006891907e+01
3.057773183908316383e+01 2.501321593246083452e+01 1.758797069416957370e+01
3.138132329055843783e+01 2.566657397379383099e+01 1.805586973574838794e+01
2.944791926868057885e+01 2.401190600268664355e+01 1.704723788104307403e+01
2.979728653510718672e+01 2.438691868013437514e+01 1.712181305071963422e+01
2.935487903267860688e+01 2.400910878180956232e+01 1.688998574677992437e+01
3.057994848107096075e+01 2.477474580917297331e+01 1.792610440658595294e+01
2.912311010960332425e+01 2.374978143942804820e+01 1.685536781074439716e+01
3.157226500568690142e+01 2.572863944873856568e+01 1.829877126219505001e+01
2.869435835076885510e+01 2.328844851119888659e+01 1.676348314353483815e+01
3.007492592817407484e+01 2.437392280350283968e+01 1.761854298045219736e+01
2.948743092776313546e+01 2.407493555579270250e+01 1.702662798982905201e+01
3.028326933728065029e+01 2.463072726167604998e+01 1.761827676917384267e+01
3.057274837142613677e+01 2.490916669416542817e+01 1.772643104476530596e+01
3.143847179870491360e+01 2.558330766281016366e+01 1.827216128617419244e+01
3.018341932071093936e+01 2.455783435198976505e+01 1.754854905198996562e+01
3.142883686086911865e+01 2.567885395597042475e+01 1.812093391453838720e+01
2.953282168861793977e+01 2.417872954953006470e+01 1.695808344897452713e+01
2.988829063527013830e+01 2.433170539710031122e+01 1.735736240236679251e+01
2.999507937257405032e+01 2.451665852047568350e+01 1.728115278438925273e+01
3.192756854994818028e+01 2.601956683472710097e+01 1.850275047782922755e+01
2.934357383963365962e+01 2.391461749524835056e+01 1.700401116613354802e+01
3.099648531246985428e+01 2.524175071987776064e+01 1.798988944717865479e+01
2.865756232379711221e+01 2.340056531398512973e+01 1.654295684961523705e+01
3.086240295304374470e+01 2.510384366842022175e+01 1.795229648561880609e+01
3.144800818421716215e+01 2.555947525111092844e+01 1.832185699219479957e+01
2.954820706976623157e+01 2.408731557719050187e+01 1.711425631812901571e+01
3.019956608092865125e+01 2.458193602604882955e+01 1.754258283969664234e+01
3.111631592459213635e+01 2.538026015252054535e+01 1.800187521647130851e+01
2.980294097093574734e+01 2.412991216044003906e+01 1.749178749146377498e+01
3.117504550001483210e+01 2.539496663226004713e+01 1.808256430029750916e+01
3.045981055919058988e+01 2.487605618865578094e+01 1.757788064018580698e+01
2.985115053625437298e+01 2.451394623016360796e+01 1.703401387115694021e+01
2.937166315488966717e+01 2.393699656173742341e+01 1.702101031336489356e+01
3.197677770928723717e+01 2.605410146897776258e+01 1.853909677717282634e+01
2.886144465156698402e+01 2.355921084367927065e+01 1.667172971825447547e+01
3.103761334334461708e+01 2.527242753429704791e+01 1.801770930431136009e+01
3.135880088258340592e+01 2.552307494355261852e+01 1.821941377265773454e+01
3.070415380399207805e+01 2.502648709020204620e+01 1.778819846817410166e+01
3.140426592182081578e+01 2.553845866210915361e+01 1.827607855236396617e+01
3.107088814255338249e+01 2.521338870979178992e+01 1.815723326214675026e+01
2.930872346505398696e+01 2.381251534889507226e+01 1.708699458388287695e+01
3.078673320327004959e+01 2.493974644239531457e+01 1.805081684352153459e+01
3.128463918287585699e+01 2.529781295752805548e+01 1.840514353023786853e+01
2.943749567047678894e+01 2.394086695315908031e+01 1.712895329202795125e+01
2.983895503241720704e+01 2.436690017907500660e+01 1.722258439054983015e+01
2.994178837464222909e+01 2.432334087227902586e+01 1.746097877791451936e+01
3.077854324319331880e+01 2.508374382128843294e+01 1.783604552811792487e+01
3.080378678663850778e+01 2.511815597541761846e+01 1.783119515880181538e+01
3.158399034635942471e+01 2.577148187484815622e+01 1.825867377914667244e+01
3.007286355592719218e+01 2.452471441934805085e+01 1.740446796379698569e+01
3.126097887703379641e+01 2.546036130446889345e+01 1.813887545015555958e+01
3.070247395963600212e+01 2.509044351325639255e+01 1.769495836531459787e+01
3.008206926993756269e+01 2.447422560693168236e+01 1.749123130320823094e+01
3.107927002763001667e+01 2.545808167080857132e+01 1.782714511896905307e+01
2.980173914685149938e+01 2.420808138500121487e+01 1.738138233381161868e+01
3.029480140336340810e+01 2.471844387708847890e+01 1.751495145195831071e+01
3.074659753875620893e+01 2.493834841391634427e+01 1.798421637426456243e+01
3.193057146507258892e+01 2.605555275047976949e+01 1.845723611359712635e+01
2.978188320147668477e+01 2.427805137186109263e+01 1.724925472626782508e+01
3.018122140234472184e+01 2.443863073401357511e+01 1.771043345556167381e+01
2.931574201299147120e+01 2.392789449024006743e+01 1.693719560718988504e+01
3.035354899724678646e+01 2.463614597141623364e+01 1.773127881466345457e+01
3.030240827274161930e+01 2.459378358336970649e+01 1.770259179279391049e+01
2.915834249273523682e+01 2.367753296517627248e+01 1.701714927967196900e+01
2.985428255912932372e+01 2.435615840813396815e+01 1.726429073892751731e+01
3.141013692524312617e+01 2.557651151859083072e+01 1.823290323020205150e+01
2.986769105179842398e+01 2.429079142024809812e+01 1.737919506029209415e+01
3.079402235864562343e+01 2.510648081680263033e+01 1.783077210948219715e+01
3.098515374186542104e+01 2.540417953444168475e+01 1.773999477420698057e+01
3.166849943182846516e+01 2.571855920185497624e+01 1.847835406210197107e+01
3.176842216570357991e+01 2.590734381258968355e+01 1.838592351432577843e+01
3.064676263199054418e+01 2.489988675790720052e+01 1.786672043954820666e+01
3.136531648856571763e+01 2.540812880500564575e+01 1.839048854859855808e+01
3.064176740743421590e+01 2.497918788080743724e+01 1.774705842292238955e+01
3.024284852710230354e+01 2.456896412459413881e+01 1.763507552798286326e+01
3.123372153571057908e+01 2.554365848275654827e+01 1.797406109610764346e+01
3.132285136265197067e+01 2.560420655050086225e+01 1.804288292945661709e+01
3.144478913461036385e+01 2.549344907322559450e+01 1.840811826534594786e+01
3.008071302728529872e+01 2.457200772452042870e+01 1.735124585198422764e+01
3.026350268669479959e+01 2.455384620101563797e+01 1.769147341530527129e+01
3.105447804650262000e+01 2.532837656873979881e+01 1.796813699671799114e+01
2.925983495896952036e+01 2.381141616827790841e+01 1.700454062558610246e+01
2.924156006959363907e+01 2.361138185950482438e+01 1.725026034552231380e+01
3.140452769988716497e+01 2.539823277982626593e+01 1.847089959137721138e+01
3.115300270691568940e+01 2.541198142883445499e+01 1.802056540504955962e+01
3.025111804109475599e+01 2.450404093951791396e+01 1.773928184484024229e+01
3.082722085507762344e+01 2.509300861712372210e+01 1.790693899550359802e+01
3.051342639851519323e+01 2.501441427013632435e+01 1.747421727287388649e+01
2.962961780304893367e+01 2.415704132451949349e+01 1.715667816333371221e+01
3.122349821866195896e+01 2.536353997363391244e+01 1.820982375029097611e+01
3.065408981808686306e+01 2.496989795399668211e+01 1.778137842638553323e+01
2.894364405267967655e+01 2.350636053244445378e+01 1.688743750741826943e+01
3.148048663811134773e+01 2.564378478335857992e+01 1.825971908209691108e+01
3.071062239332657740e+01 2.516641217275703823e+01 1.760096662505779364e+01
2.875404035487474275e+01 2.333248862088566966e+01 1.680445808367547045e+01
3.176861347662569557e+01 2.593797136131242098e+01 1.834302166729844785e+01
2.929262584763803190e+01 2.387979942035462599e+01 1.696505551695433311e+01
3.038226971156916179e+01 2.474386424775136106e+01 1.763018703574595847e+01
2.979010412021192522e+01 2.423194056961709464e+01 1.732810894828436687e+01
3.179900930807712101e+01 2.592770539765256288e+01 1.841008109128565451e+01
3.143472679877335452e+01 2.557198383989215884e+01 1.828156698441941685e+01
3.156952509291791742e+01 2.568185797450035679e+01 1.835965918991870893e+01
2.976806369186422430e+01 2.429526268371699160e+01 1.720109958962141050e+01
3.073488335930358417e+01 2.488561027763443434e+01 1.803716874178682872e+01
3.037554058544058222e+01 2.486529842084103947e+01 1.744678767854610157e+01
3.031479524028962658e+01 2.456849109587964008e+01 1.775883035935558141e+01
3.087241343914599767e+01 2.510991211644877197e+01 1.796101959972711626e+01
2.979925676607321350e+01 2.408353514295279041e+01 1.754933157782706488e+01
3.076625429782940913e+01 2.518402268943967215e+01 1.767278712304582555e+01
2.921417050084627576e+01 2.373867502242163141e+01 1.702771465089699277e+01
2.894360680445901579e+01 2.353419997429160304e+01 1.684855502472480282e+01
3.138807306084321169e+01 2.549977949458506288e+01 1.830225057746643813e+01
2.928393365507011126e+01 2.386842504561325384e+01 1.696605599886107640e+01
3.200060796461362855e+01 2.605617146076417256e+01 1.857726672339479990e+01
2.975029882690231631e+01 2.429167805377525369e+01 1.717540851396900337e+01
3.036288229721968790e+01 2.470159267713493989e+01 1.765604544080384741e+01
3.024883730627126965e+01 2.466056732990449873e+01 1.751709386138338331e+01
3.007826677741813626e+01 2.455676329695943849e+01 1.736857820060817303e+01
3.039220012242559577e+01 2.453790326858331738e+01 1.793257180281776186e+01
3.030904042533765974e+01 2.457271358480996781e+01 1.774315864167505197e+01
3.148920635676723379e+01 2.559523259108453530e+01 1.834268752357063903e+01
3.036701093540919771e+01 2.471621205675355881e+01 1.764268161921117084e+01
3.099651156184744849e+01 2.525419278789915722e+01 1.797246437290570142e+01
3.072473499036317435e+01 2.503291636955513155e+01 1.781466918757982043e+01
2.953741509300725099e+01 2.400212310301212781e+01 1.721502183920961571e+01
3.133360813845956372e+01 2.557543475591646143e+01 1.810226880864383858e+01
3.015027242897009430e+01 2.459174233303970070e+01 1.744377070952543107e+01
3.045722360759373259e+01 2.477082507777952003e+01 1.772141909805798576e+01
2.940977389913213003e+01 2.388006929934652689e+01 1.716616122074125883e+01
3.153035317638108026e+01 2.560051129592354613e+01 1.840589559936205433e+01
3.065073693279807543e+01 2.497276280829568051e+01 1.777157258782114724e+01
3.071867166567053431e+01 2.492179988024640025e+01 1.795941757497219982e+01
3.027065860724145452e+01 2.478967704696460927e+01 1.737195108280463884e+01
3.105856271397864887e+01 2.538683917182410354e+01 1.789253237309023348e+01
3.164347794468756447e+01 2.579126223728265188e+01 1.833358908243680929e+01
2.943534265164582209e+01 2.394403888246327838e+01 1.712081770871024844e+01
3.044474415820513968e+01 2.475765677222848282e+01 1.771837684459542217e+01
2.916239420133623028e+01 2.376876085799212746e+01 1.689648610894318992e+01
2.981779787824926586e+01 2.435134380439410862e+01 1.720793785519703434e+01
2.918243234880030812e+01 2.380711098013135896e+01 1.687707985914671127e+01
2.973107165186222645e+01 2.427640227305261789e+01 1.716370922164237101e+01
3.139834093549215766e+01 2.566750352107271027e+01 1.808411116137927976e+01
2.887537238812357998e+01 2.338574303878582938e+01 1.693795008484467601e+01
2.897142680602307507e+01 2.353874012358849654e+01 1.688997586057829636e+01
2.944519448860007316e+01 2.402470950597062327e+01 1.702447683851720583e+01
3.110201555604438539e+01 2.531680700370167969e+01 1.806639573312143909e+01
3.002090976780480247e+01 2.449389395237131950e+01 1.735811574845223859e+01
3.162019357695904631e+01 2.571360664341437285e+01 1.840236602266454113e+01
2.896476828075925170e+01 2.355014308533662515e+01 1.686263805631399038e+01
3.075039134744817204e+01 2.491692833672680507e+01 1.802035655262226399e+01
2.992426365774335650e+01 2.433828372820002173e+01 1.741004022464548484e+01
3.136022298469220004e+01 2.550196725138363263e+01 1.825139041166381304e+01
2.900516990601286338e+01 2.364827803831146014e+01 1.679460708380491596e+01
2.993010741053211277e+01 2.444493108825505345e+01 1.727010925548680120e+01
2.962814367946079486e+01 2.420621355518421325e+01 1.708467509821561237e+01
3.036512622719221000e+01 2.475897071081718792e+01 1.757937029970677756e+01
2.959208931557160227e+01 2.422542862143894382e+01 1.699471559539416887e+01
3.097382207638804275e+01 2.520258173679280844e+01 1.800576373887042081e+01
2.909989664831097755e+01 2.370533335538034692e+01 1.687783029458088890e+01
3.011688881388446148e+01 2.437087644518971885e+01 1.769427515105311954e+01
3.080915812016498734e+01 2.510914257775194969e+01 1.785315610987178658e+01
2.965445150879974179e+01 2.415311037907877889e+01 1.720505022671518702e+01
3.138097275328363622e+01 2.556543931407522052e+01 1.819818022827192294e+01
3.116515689329180105e+01 2.548525682533981040e+01 1.793791205045794257e+01
3.112968370936575013e+01 2.538735407257212984e+01 1.801497879651837764e+01
3.130418668798077064e+01 2.546658298658017827e+01 1.820453941146486443e+01
2.891721061172543372e+01 2.352441645434626238e+01 1.681686356147806904e+01
2.994898028647745747e+01 2.435789498463181602e+01 1.742510752097281923e+01
2.980150835686310984e+01 2.427652605418260734e+01 1.728525912692010635e+01
3.189269375587392474e+01 2.602867629847891351e+01 1.842964799324614233e+01
2.982855089954447791e+01 2.440512968659599835e+01 1.715027969880218706e+01
3.003755508415773079e+01 2.440565953047181225e+01 1.751052535809535371e+01
3.136501277235053209e+01 2.565976690054172593e+01 1.803719459393769853e+01
3.103304368634087140e+01 2.531932842786999061e+01 1.794384040276761638e+01
3.104363183777349633e+01 2.521282509569119767e+01 1.811133701230553683e+01
2.968441406415883677e+01 2.421311931005159579e+01 1.717234088904705658e+01
3.062117642775043436e+01 2.488480966359154678e+01 1.784384190207477516e+01
2.980125909642640636e+01 2.422330770368581909e+01 1.735933200399407283e+01
2.906881973737412039e+01 2.355006627035029254e+01 1.704085266605109794e+01
2.982791792695341826e+01 2.425261362483114880e+01 1.736419938326335810e+01
2.895772797685033240e+01 2.348807057473821303e+01 1.693695811701077858e+01
2.877749387682317206e+01 2.336127241204702187e+01 1.680461558979335734e+01
2.983519684890677937e+01 2.419678234184582166e+01 1.745436035248370743e+01
3.063838459817229776e+01 2.488051359614769353e+01 1.787933594900636791e+01
2.942206791214277573e+01 2.395713457563887161e+01 1.707963065032350514e+01
3.103005229650553787e+01 2.536348503497408302e+01 1.787617890950172495e+01
3.128604105539348978e+01 2.554614582479356244e+01 1.806130666419651476e+01
3.052337913647042456e+01 2.492654898650360806e+01 1.761657825833819047e+01
3.032583951930716992e+01 2.473471367436051693e+01 1.754566846826234183e+01
3.131722553384615892e+01 2.539333916345163900e+01 1.832885542710452498e+01
2.980338072299343466e+01 2.423725289646232639e+01 1.734350237272233741e+01
3.074663154124809239e+01 2.492474867656727255e+01 1.800311791171823472e+01
2.975212021625483771e+01 2.422750442036813112e+01 1.726895152936397793e+01
3.001314060840907416e+01 2.452996459071577462e+01 1.729362444250377706e+01
2.924370016300736097e+01 2.379056114399661936e+01 1.700597541094408882e+01
3.012759839883178614e+01 2.436868932168063395e+01 1.771550637223502633e+01
2.936427309525459961e+01 2.383632979168650579e+01 1.714905001668172702e+01
3.030536963299338993e+01 2.475966977501636634e+01 1.747495869020865200e+01
3.069945305858213658e+01 2.499158414569708597e+01 1.782910934356032584e+01
3.127770628596351798e+01 2.540315889367287028e+01 1.824758692906573643e+01
2.927999311138872329e+01 2.372668655709751917e+01 1.715699104226084515e+01
3.183470891985109574e+01 2.595335908953001436e+01 1.843561346908631293e+01
3.065427804964854275e+01 2.493172497912495089e+01 1.783518579411051519e+01
3.056222524502987525e+01 2.486769057234494440e+01 1.776647341275268133e+01
2.982809747608290252e+01 2.427305281045433816e+01 1.733592530854923552e+01
3.165320064356525265e+01 2.589371156222367887e+01 1.820551599142862997e+01
2.953487016013868427e+01 2.401876309206127047e+01 1.718742490612499196e+01
3.035423447291187315e+01 2.478191750771116730e+01 1.752815207252351470e+01
2.921031925712829391e+01 2.375439917578794180e+01 1.699915500549028025e+01
3.092374837888936057e+01 2.523097993669796679e+01 1.787948168249871728e+01
3.099531932291833058e+01 2.527095617645504788e+01 1.794682684647519721e+01
2.931226120807807689e+01 2.378996177439366377e+01 1.712443797336096907e+01
2.968197866110086380e+01 2.421931305753776442e+01 1.715939195481668733e+01
3.108974157316703568e+01 2.537312200248988603e+01 1.796598761362910324e+01
2.959560408025273048e+01 2.415288133314455621e+01 1.710374532615909970e+01
3.005297279150227041e+01 2.448011860856528088e+01 1.743287028912197201e+01
3.033542990239883963e+01 2.462178457635455331e+01 1.772021533839085805e+01
3.008185099201116230e+01 2.465801948705598079e+01 1.723078158649602543e+01
3.072055692871829180e+01 2.501998150529795595e+01 1.782563164337156891e+01
2.914358706980291913e+01 2.370472133292846806e+01 1.695390379303215056e+01
3.061985886538888124e+01 2.501178809243771184e+01 1.766313147081584844e+01
3.011628109845751311e+01 2.455477485070756316e+01 1.743712760842130649e+01
2.928905311259286748e+01 2.377856803638729133e+01 1.710053608432164651e+01
3.061068536971483667e+01 2.492949843327511772e+01 1.776328141614063938e+01
3.041679074927418114e+01 2.487242157670192810e+01 1.750839239895952915e+01
3.123593576252291726e+01 2.549161574961463828e+01 1.805162622686546570e+01
3.022799636329113326e+01 2.459982575445957664e+01 1.756645487824362561e+01
2.985863759341964041e+01 2.439179767230916340e+01 1.722145305275677885e+01
2.922676656559562147e+01 2.381865390597047494e+01 1.693740269307592072e+01
2.929891418176650930e+01 2.379433386015932328e+01 1.709549789803719833e+01
3.092788364925742783e+01 2.525482210060770782e+01 1.785295347242751163e+01
3.092498174388636301e+01 2.512001993633347752e+01 1.803715870800923682e+01
2.932577401659683147e+01 2.394546627225554047e+01 1.692972730662777892e+01
3.059646550600595916e+01 2.493435446182210313e+01 1.773193923496312507e+01
3.015588517018525749e+01 2.452325172754987648e+01 1.754957364452541668e+01
2.924237107046327822e+01 2.383799183412638101e+01 1.693713113661199898e+01
3.038729166653643787e+01 2.472063429217758923e+01 1.767138180843728890e+01
2.947397025984045982e+01 2.407361262949736869e+01 1.700517855957016167e+01
3.024105092479591761e+01 2.463403685793899101e+01 1.754096317531632465e+01
2.989662804099915050e+01 2.428938945256960480e+01 1.743083268932545948e+01
3.129638640625966417e+01 2.556243436893534593e+01 1.805618318537413813e+01
3.021874179910552982e+01 2.453691389945326051e+01 1.763837328700764928e+01
3.130407621869400359e+01 2.545403911525106722e+01 1.822188466172125132e+01
2.995918735582987225e+01 2.442397886257947093e+01 1.734999030380096841e+01
2.876932550580580283e+01 2.333013826077464259e+01 1.683385691967670894e+01
2.959534408897938107e+01 2.415492271537316782e+01 1.710041228624141141e+01
2.973099569383853691e+01 2.433751153646861098e+01 1.707681577927521133e+01
3.116101403753069121e+01 2.543172440347713703e+01 1.800655963011175231e+01
3.092837828782519694e+01 2.522943166965840334e+01 1.788967191261076906e+01
3.043985519411350893e+01 2.486252353229818723e+01 1.756245164675245718e+01
2.877725166532867718e+01 2.330850939306276715e+01 1.687731030950035205e+01
3.031755353413689136e+01 2.465521654107429228e+01 1.764296884336626903e+01
3.107050013374612973e+01 2.515285518793946906e+01 1.824033591948527544e+01
3.137383134150356057e+01 2.569994260339970182e+01 1.799528391626739676e+01
2.942738924656759281e+01 2.399760504038223985e+01 1.703191680917984385e+01
3.102045316547994602e+01 2.525317775917655183e+01 1.801514717273121846e+01
3.144972742609479255e+01 2.572066477233126847e+01 1.809786614065361121e+01
2.942036616512640634e+01 2.396480326878393896e+01 1.706593535610038970e+01
2.961954041911441848e+01 2.403311154977029673e+01 1.731261747616028046e+01
3.043624537061538149e+01 2.482046897774019456e+01 1.761559967714249808e+01
2.932194131641868395e+01 2.380506691350187864e+01 1.712001845230311403e+01
2.949159849353954854e+01 2.396403474942309231e+01 1.718951483412450898e+01
3.174696843952244762e+01 2.593625668682571472e+01 1.830793800992134379e+01
3.178141146885090507e+01 2.590757711253091955e+01 1.840802985413354520e+01
2.928613718926819942e+01 2.383709885510245030e+01 1.701383406645049590e+01
2.988343516733435123e+01 2.429084331797627172e+01 1.740616638728364407e+01
2.983521539235228204e+01 2.424434647579904123e+01 1.738826447548647991e+01
3.157360918534019945e+01 2.570435302490790974e+01 1.833518564289727948e+01
3.073828935222364578e+01 2.489480500165760546e+01 1.803028330976718507e+01
2.985051496007903893e+01 2.436793902902495645e+01 1.724113658839302943e+01
2.953834416966485676e+01 2.400649908354194650e+01 1.721051359017137372e+01
3.106460227525768758e+01 2.523660746049954540e+01 1.811417009980318227e+01
2.991431806777825031e+01 2.446935898472426629e+01 1.720804742952837785e+01
3.031047093138984749e+01 2.470470696775974417e+01 1.756138097416464205e+01
3.017663087520638499e+01 2.462727934556004783e+01 1.743921337142850447e+01
2.944004722820921671e+01 2.387823129676949918e+01 1.722052411911921865e+01
2.977221012330464589e+01 2.421037919618482803e+01 1.732749360995827104e+01
2.973941056353971035e+01 2.434302744448058320e+01 1.708360487438299913e+01
3.023493251890254996e+01 2.464716716219318116e+01 1.751194721615780381e+01
2.919513637939484241e+01 2.382256616257555137e+01 1.687724295141758191e+01
3.107498919036461871e+01 2.526189320971353780e+01 1.809673187739451805e+01
3.043724433751591718e+01 2.478581092877665171e+01 1.766605274147512361e+01
2.943475769184464497e+01 2.392633565205890989e+01 1.714454498208168332e+01
3.102070871091746440e+01 2.533162201703061100e+01 1.790511923763370561e+01
3.064537599450368788e+01 2.488600660151515598e+01 1.788367258909218194e+01
3.051173166040453211e+01 2.484795891239066279e+01 1.770719364565367471e+01
3.106343678915273188e+01 2.539876354363793709e+01 1.788406876546989466e+01
3.109973658824851128e+01 2.534835515357205438e+01 1.801817157390894053e+01
2.979124703362272442e+01 2.426002905604107696e+01 1.729073133266425444e+01
3.034386645325669463e+01 2.462553000242847645e+01 1.772945299304442202e+01
3.100411800135972129e+01 2.519569192290162363e+01 1.806744147820791468e+01
3.090623682140420314e+01 2.519974661436680563e+01 1.789324579366275003e+01
3.008509857082048455e+01 2.441003911671987225e+01 1.758587917438848081e+01
3.092732278195696338e+01 2.508931146372146159e+01 1.808385314958427159e+01
3.072372164777373982e+01 2.494850595106127145e+01 1.793095431648135119e+01
3.140453772849444292e+01 2.560171518987452899e+01 1.818783025203882886e+01
3.065168878604927372e+01 2.502837456273811156e+01 1.769481540406970765e+01
2.933127899267522665e+01 2.385146039884063285e+01 1.707137265098176471e+01
3.102929365921538007e+01 2.521760783864790056e+01 1.808008074887907668e+01
3.152301768649111935e+01 2.568812789752882964e+01 1.827076159285740076e+01
2.930736372189732464e+01 2.391850248517230781e+01 1.693596195066549726e+01
2.914075849758339487e+01 2.367598901382771004e+01 1.698915389392857023e+01
2.995754125677714441e+01 2.449982532857404038e+01 1.723986186200071202e+01
2.932237096828050227e+01 2.382231226327985496e+01 1.709675049921023771e+01
2.995802825005663195e+01 2.440298003345272093e+01 1.737751484298313187e+01
3.031582393893858196e+01 2.470867086285051073e+01 1.756504384532084728e+01
2.973234836707669615e+01 2.413010618052496525e+01 1.737096759359705800e+01
2.914048546645492266e+01 2.365718386682647534e+01 1.701486246526358670e+01
2.999335648031673784e+01 2.443931503336148126e+01 1.738738950088452739e+01
3.011455821234981300e+01 2.462382942651267825e+01 1.733648293913774197e+01
2.966230722615579296e+01 2.417358545762672151e+01 1.718982943782956951e+01
2.979320889959232233e+01 2.437889336278666974e+01 1.712614536142395139e+01
2.947450876125576613e+01 2.406457145494016814e+01 1.701890323750099299e+01
3.022415658422143636e+01 2.457993032587573268e+01 1.758768507799222647e+01
2.956498335582531567e+01 2.401361463492615655e+01 1.724629099242756425e+01
3.016456616425964299e+01 2.457729847240348420e+01 1.748878073727242821e+01
3.009259002013158124e+01 2.440159695677770912e+01 1.761039579562877577e+01
2.986025468997435084e+01 2.430743845346378862e+01 1.734310370092980946e+01
3.037478892302288358e+01 2.469832248319482204e+01 1.768108222463508383e+01
3.141191146652806765e+01 2.557900418289343136e+01 1.823246354699544725e+01
3.010521617763409097e+01 2.447466246836837200e+01 1.753040039934975525e+01
2.937059426238893067e+01 2.389676913086686127e+01 1.707560342804675813e+01
2.954394568168509494e+01 2.395440273771303197e+01 1.729252196534113750e+01
3.028323536673246963e+01 2.456569760987212447e+01 1.770877876131607209e+01
3.152960810980019346e+01 2.575714003310192979e+01 1.818477178500615921e+01
3.040625931164690954e+01 2.478462907186898079e+01 1.761427736516549203e+01
3.101377214296577378e+01 2.534668815552392118e+01 1.787175039223699713e+01
2.974374373960570850e+01 2.424135752175144987e+01 1.723504793001627178e+01
3.121713332352490156e+01 2.544792721472662222e+01 1.808071938316351890e+01
3.096201004130152867e+01 2.517503482727172326e+01 1.802397534517045941e+01
3.045446117487579940e+01 2.472018954573956862e+01 1.778725482683389458e+01
3.069573652504515593e+01 2.503394317902134603e+01 1.776316215442852808e+01
2.995198797213160447e+01 2.439123160019090975e+01 1.738359584518014955e+01
2.970772482923226576e+01 2.426488082294843096e+01 1.713955872178430795e+01
2.936170436751860180e+01 2.386484003588047642e+01 1.710494353768515907e+01
2.970769375026151948e+01 2.429038181445756805e+01 1.710334526539168820e+01
3.096920869279288979e+01 2.534081117216087264e+01 1.780267328787015302e+01
3.082324036695885283e+01 2.517843447274060864e+01 1.777972396358360285e+01
2.985342924286015887e+01 2.416380767490568005e+01 1.753104777840239237e+01
3.089282996111563406e+01 2.520491479335216312e+01 1.786278850757241088e+01
3.082075897456667235e+01 2.514455705978873112e+01 1.782331153392547307e+01
3.033065876796310434e+01 2.453419437111159240e+01 1.783317604520107125e+01
3.035486746741419495e+01 2.476310948975051218e+01 1.755580779579534578e+01
2.977483496885650283e+01 2.426009658650372813e+01 1.726234372952149698e+01
3.055391195144672167e+01 2.496616534437284329e+01 1.761340749355998980e+01
3.088633491257830244e+01 2.501878293874088754e+01 1.811149316307524160e+01
3.030328389440027337e+01 2.471890984783741629e+01 1.752896205481389913e+01
3.059865192671993128e+01 2.495822867916584897e+01 1.770209933683078063e+01
3.021336301872249663e+01 2.449113542892003181e+01 1.769269878518837302e+01
2.995833910782116050e+01 2.443136751444794541e+01 1.733811879856590465e+01
3.008592698554380362e+01 2.444692033775442752e+01 1.753599408584987529e+01
3.108528721671016726e+01 2.543937645020159977e+01 1.786429979513030730e+01
3.133267902139638039e+01 2.558988215898226315e+01 1.808022969287874560e+01
3.041551733095649368e+01 2.478237429758680577e+01 1.763342333989698218e+01
3.095086146665597937e+01 2.517999038963876757e+01 1.799788625105262696e+01
3.061260503754892071e+01 2.488038043917634923e+01 1.783530925963484748e+01
3.061764072593846109e+01 2.493290415220656797e+01 1.777048716719735921e+01
2.993207314775396810e+01 2.435557710796317821e+01 1.739927776261285075e+01
3.044091448110700426e+01 2.478184334668765487e+01 1.767793864641189217e+01
2.975036905014493627e+01 2.422193965211758382e+01 1.727374013087483107e+01
3.020348113232270038e+01 2.463122297942260630e+01 1.748007800464680628e+01
3.015249516686872511e+01 2.462536214668697809e+01 1.740012942286803721e+01
3.036112076833314077e+01 2.471919686049770348e+01 1.762835672662856012e+01
3.128475104227450387e+01 2.550501084181453137e+01 1.811712090085007887e+01
3.023452704564510540e+01 2.459370396426786698e+01 1.758625460386038242e+01
3.016487169834487148e+01 2.462040599822917741e+01 1.742857117092414398e+01
3.025242329125042318e+01 2.469191223504780197e+01 1.747908994111786640e+01
3.089145099567141983e+01 2.520352066590308482e+01 1.786237080181028958e+01
3.047562110316200190e+01 2.487998030038112063e+01 1.759971766467123189e+01
3.028863120968070177e+01 2.456415973035278810e+01 1.772013649207472596e+01
3.011885993603909739e+01 2.446842750005498601e+01 1.756251062693753795e+01
3.113053768018550116e+01 2.543344172410462178e+01 1.795133472263339769e+01
3.113241055212959907e+01 2.546336771488885375e+01 1.791211577125121224e+01
3.122423693902249298e+01 2.547227196709940955e+01 1.805869134955072752e+01
3.133074590213474053e+01 2.557532572124015147e+01 1.809746813884762418e+01
3.048632781382930901e+01 2.476726870692855442e+01 1.777634901691177305e+01
3.110572533061230516e+01 2.542522622395099319e+01 1.791993358816964843e+01
2.964072777350762422e+01 2.407036587103473835e+01 1.729711622721291775e+01
2.981898472753867324e+01 2.418152458102068536e+01 1.744779983604457385e+01
3.144925400097117318e+01 2.564535953436300986e+01 1.820360160986988518e+01
3.060834233250526992e+01 2.507655903332914704e+01 1.755097739135323920e+01
3.099080238988055669e+01 2.523292839935007592e+01 1.799247501490272683e+01
3.016101364941591711e+01 2.462961479940528520e+01 1.740887185297109951e+01
3.109941530762295869e+01 2.527082261202952651e+01 1.812620084262972142e+01
3.109839734735349026e+01 2.534798713711491303e+01 1.801637770670173921e+01
3.063812881043337555e+01 2.498881091542977018e+01 1.772721822615171661e+01
3.117812498872309135e+01 2.537761876024453045e+01 1.811220427977014680e+01
2.914909525114516953e+01 2.362843989503100417e+01 1.706946343876224859e+01
3.052423402540820874e+01 2.471905024764517478e+01 1.790802662752881957e+01
2.991533344553764806e+01 2.434055886023935500e+01 1.739150279673746269e+01
2.947252083333159689e+01 2.401233774196883530e+01 1.708909361074436717e+01
2.994703019542276223e+01 2.431875768605985755e+01 1.747634521667122698e+01
3.094737028401127077e+01 2.518224089787338471e+01 1.798873177456312078e+01
3.093761464545352169e+01 2.527511852870508235e+01 1.784108694307859011e+01
3.095129396441961234e+01 2.531435454132848406e+01 1.780915641539036542e+01
2.968481918831066579e+01 2.417702434707364034e+01 1.722382024882126927e+01
3.074685011296890025e+01 2.499388663408879196e+01 1.790738458825557444e+01
3.062675889762600789e+01 2.495616653288944065e+01 1.775353802924935209e+01
3.047027281067376947e+01 2.481652492384934305e+01 1.767986470142940902e+01
2.989760465742378770e+01 2.427827278501734298e+01 1.744798655512706276e+01
3.086285059115531126e+01 2.512774677587342254e+01 1.791959510088212326e+01
2.983281232897872215e+01 2.428217093980848063e+01 1.733126844480764817e+01
2.973265448030211289e+01 2.412232161265494312e+01 1.738229968849546836e+01
2.942335331263398857e+01 2.392134119057395836e+01 1.713193380223724560e+01
2.993974989712019052e+01 2.425095976326360159e+01 1.755789208483405517e+01
2.969567344352579852e+01 2.422287995103342695e+01 1.717804145245743896e+01
3.078915886138226909e+01 2.508941135927747368e+01 1.784639294189144465e+01
3.030684402975224145e+01 2.465956826840687555e+01 1.761847007715226709e+01
2.965114677837450330e+01 2.403632947915456697e+01 1.736218219125216677e+01
3.081255458751448373e+01 2.519658971107170942e+01 1.773542745863418091e+01
3.060148164104160884e+01 2.479313207644368333e+01 1.793742680729390315e+01
2.946106094801809405e+01 2.396068319627895704e+01 1.714175524706825726e+01
2.955559886053591967e+01 2.391553755220450483e+01 1.736607288922882475e+01
3.002289511790519327e+01 2.437613242771078248e+01 1.752650561656379935e+01
3.008465149517674675e+01 2.445552724427831492e+01 1.752179907402780046e+01
3.015211392671006863e+01 2.449456045528441450e+01 1.758313061862762439e+01
3.050377388701620518e+01 2.483113066507541689e+01 1.771708698528522419e+01
3.120547421147837852e+01 2.546547189924669041e+01 1.803583548693875471e+01
3.021251393614688041e+01 2.451382933994537083e+01 1.765978962031832822e+01
3.026077902487538651e+01 2.469077929192787124e+01 1.749514690277403872e+01
2.996464546354886949e+01 2.436573842966376446e+01 1.744106557906902566e+01
3.018228977754736420e+01 2.467735368610870239e+01 1.737811357042349769e+01
2.970331284436115382e+01 2.421549275305899585e+01 1.720164831219780766e+01
3.005727251161764002e+01 2.450559592567148925e+01 1.740446492039782100e+01
3.055197936580216833e+01 2.489351865204566394e+01 1.771259925275384717e+01
3.105463641688805509e+01 2.529397942721993786e+01 1.801679904201865767e+01
3.101821302465610941e+01 2.530805728447995406e+01 1.793409534179036768e+01
3.047960825965806464e+01 2.476746729307132000e+01 1.776454568934591904e+01
3.072570828239855700e+01 2.498593739770857169e+01 1.788217217825741656e+01
3.067833323844995519e+01 2.487137332433795223e+01 1.796037079936808212e+01
3.048909677182124156e+01 2.472829520616366494e+01 1.783525828684024361e+01
3.037704050507661790e+01 2.484503736459383205e+01 1.747823527130247356e+01
3.092850692536659096e+01 2.523961556879037715e+01 1.787552367266826536e+01
3.077858539855003528e+01 2.511313110392121928e+01 1.779471734232106428e+01
3.049318772127991295e+01 2.480226000103812467e+01 1.773928962067309811e+01
3.039835141608052638e+01 2.477659781660906901e+01 1.761192690904455205e+01
3.048011689859631801e+01 2.479957904746823516e+01 1.772056447239961230e+01
3.041099637564040137e+01 2.476278173689803097e+01 1.765313969836422459e+01
3.021516815983405380e+01 2.457676873948481600e+01 1.757665569023104979e+01
3.065716287819071795e+01 2.492137447081755752e+01 1.785459969378193534e+01
3.012249796513243183e+01 2.445705155361266847e+01 1.758458168292153800e+01
3.058134782311232414e+01 2.493645500441125407e+01 1.770288243454013966e+01
3.043545584416260041e+01 2.487591662706885032e+01 1.753584170791612706e+01
