# Network	H1	L1	
1.739681804585395497e+01 1.389886635389262182e+01 1.046282907234852289e+01
1.507960167075286506e+01 1.197863486889055373e+01 9.160059673734226138e+00
1.497067044553619652e+01 1.191964868734305227e+01 9.057756276207257429e+00
1.380290411957336438e+01 1.093082075924674790e+01 8.428363996847533457e+00
1.560659939113790706e+01 1.238663791294027483e+01 9.494058445637287846e+00
1.326438822380899829e+01 1.054143784596698197e+01 8.051216249209669940e+00
1.335060122406134830e+01 1.064812699611090885e+01 8.053318851169526837e+00
1.608572926032357842e+01 1.281366876672812616e+01 9.724226374010752849e+00
1.270065240587812738e+01 1.017226581626280080e+01 7.604707732597564274e+00
1.484635502558738906e+01 1.186896361790569188e+01 8.918629949864213202e+00
1.768046018874172276e+01 1.409641287414923916e+01 1.067191719266977046e+01
1.489820499336877013e+01 1.185528218122093058e+01 9.022682329998305661e+00
1.476843689999361331e+01 1.177008486367816786e+01 8.920304410215328161e+00
1.424143570615236776e+01 1.133649049564889033e+01 8.619888294782827032e+00
1.556237001985415880e+01 1.230261539113453217e+01 9.530635612207364105e+00
1.359436986696530170e+01 1.080330546902352751e+01 8.251998728963823027e+00
1.515453610709846366e+01 1.215780175581148193e+01 9.046978561251171058e+00
1.299406412190154114e+01 1.038494660855649876e+01 7.810159175171768275e+00
1.326445072983557161e+01 1.057804812233139202e+01 8.003158819233609833e+00
1.196047347558089236e+01 9.495121445378243763e+00 7.272935755084890985e+00
1.392267395869094315e+01 1.110102265053931880e+01 8.402865360829242292e+00
1.310233626852319766e+01 1.049895751759905593e+01 7.838565349418775696e+00
1.300254600839086727e+01 1.034609876421148122e+01 7.875559857019876375e+00
1.265102241577120168e+01 1.009769896480883844e+01 7.621341337352887990e+00
1.668369200389876994e+01 1.326404677365979801e+01 1.011981432967625238e+01
1.314441134857652926e+01 1.049426863093840012e+01 7.914914756476519209e+00
1.296051428817681028e+01 1.030332882715785914e+01 7.862337164831656011e+00
1.393007294889946834e+01 1.108948879939388554e+01 8.430312599766290660e+00
1.604187344305655216e+01 1.278561869668687301e+01 9.688635513114020270e+00
1.338107857509457688e+01 1.058487385410947290e+01 8.186190159374799435e+00
1.634919777017957543e+01 1.303046060332136236e+01 9.874379180167968784e+00
1.330054880237099013e+01 1.057424971932071855e+01 8.067827546353361967e+00
1.416738579747031324e+01 1.131014833724447222e+01 8.532019979107506202e+00
1.436925665662780638e+01 1.143386045876667900e+01 8.703009357313961303e+00
1.634402525062360212e+01 1.294660673992328448e+01 9.975596990395857233e+00
1.562034008964387688e+01 1.255919311483886425e+01 9.287717309453368486e+00
1.512782718776979962e+01 1.198085568647993782e+01 9.236354932697665276e+00
1.409103182045154412e+01 1.123452448352609956e+01 8.505447512860834891e+00
1.580503458342148448e+01 1.252515834823951302e+01 9.639477503198769170e+00
1.564779259908325137e+01 1.247596371499230017e+01 9.444773295644534272e+00
1.512520643809507881e+01 1.204815830218915274e+01 9.144055518225128409e+00
1.633862124511778546e+01 1.301475065162266809e+01 9.877591288745531273e+00
1.481396364547111943e+01 1.176039959872474405e+01 9.008136331542440089e+00
1.622642417573137763e+01 1.290832301037676366e+01 9.832193986620557880e+00
1.372475252918648003e+01 1.091721916755576771e+01 8.317641350464903383e+00
1.318583447454638957e+01 1.045345521437136505e+01 8.036884027486532744e+00
1.278608874348385349e+01 1.016713550571694036e+01 7.753284527516993485e+00
1.590921020196417146e+01 1.269640444487110287e+01 9.586672176649109645e+00
1.501575850897875952e+01 1.198185513437732297e+01 9.050312212225817277e+00
1.512121798819969065e+01 1.208203329544416960e+01 9.092618153999012520e+00
1.666105129312159860e+01 1.331237616036611193e+01 1.001854635947475636e+01
1.358841013161132594e+01 1.078593123118315056e+01 8.264900324932252573e+00
1.331188849288494680e+01 1.065919612296582919e+01 7.974202985825787238e+00
1.325150828128846925e+01 1.051433255647438791e+01 8.065437534375902828e+00
1.300712903302637713e+01 1.030596810588866852e+01 7.935516812546190124e+00
1.627685697851040558e+01 1.298368552783464125e+01 9.816312098399281538e+00
1.324765037121727218e+01 1.056634343936715226e+01 7.990783858881171930e+00
1.468297210063450997e+01 1.168817729792753646e+01 8.886854401880496468e+00
1.434084217985513554e+01 1.141679388608552870e+01 8.678512072363112395e+00
1.423707548650238053e+01 1.140183569879780556e+01 8.525987397714526850e+00
1.344592905770895896e+01 1.067284204534417746e+01 8.178230303682799018e+00
1.495292861358644743e+01 1.195222379042705185e+01 8.985233474237711349e+00
1.593767424059158522e+01 1.264165431371865544e+01 9.705567289533108877e+00
1.433226957796426859e+01 1.136861241123558841e+01 8.727462580758523103e+00
1.512267587566044647e+01 1.201082745377351557e+01 9.188870959805827354e+00
1.325284217003065734e+01 1.051570798048167887e+01 8.065836054184142512e+00
1.368924940398050794e+01 1.092463485928865552e+01 8.249115251685834593e+00
1.312739674420456915e+01 1.047912009017307433e+01 7.906743161092549599e+00
1.316331972447796694e+01 1.045566676501443304e+01 7.997000604464358453e+00
1.359898797752118682e+01 1.080959891162963160e+01 8.251366273682272379e+00
1.516204509401602074e+01 1.209965803050047661e+01 9.137061178405264883e+00
1.593858494822129401e+01 1.274891578339947884e+01 9.565753315837390858e+00
1.527480519995817154e+01 1.209648107201204326e+01 9.327101348818054305e+00
1.591353504179956957e+01 1.264555622610549790e+01 9.660771462931275977e+00
1.391078344475621797e+01 1.101903276133607967e+01 8.490630898319974307e+00
1.420935378620948164e+01 1.128826530188057831e+01 8.630226039683128292e+00
1.440991850265878504e+01 1.150896229242752256e+01 8.671190126202366955e+00
1.523571760950924059e+01 1.217049283207897048e+01 9.165489365059805493e+00
1.454163610636358150e+01 1.162088036603797292e+01 8.741528480084600261e+00
1.434180756214928465e+01 1.137250670505752836e+01 8.738051006554263367e+00
1.440743049332992065e+01 1.155825928629488963e+01 8.601203153682094538e+00
1.491112457663583335e+01 1.191969160466515554e+01 8.958939010263893721e+00
1.409198550012743034e+01 1.124307109568471219e+01 8.495728789996812580e+00
1.416340798212814889e+01 1.123718964242657670e+01 8.621351089495906450e+00
1.403381465021145758e+01 1.118814234728463042e+01 8.471919761977570573e+00
1.450234324279271014e+01 1.153055933790740362e+01 8.795689903968405332e+00
1.594463917527038177e+01 1.274419984346290846e+01 9.582112960065067853e+00
1.563094437670906700e+01 1.239264500123864110e+01 9.526214987131444545e+00
1.550619421654030283e+01 1.232815399946786705e+01 9.405247367638576605e+00
1.530708393350889018e+01 1.217023674021484148e+01 9.283973084547954002e+00
1.430872161012654331e+01 1.133664179061923782e+01 8.730410473012581107e+00
1.542555292232161435e+01 1.226556431847643935e+01 9.354336689934914517e+00
1.608912235846072392e+01 1.284952598939554314e+01 9.682434617045927894e+00
1.315442553787748459e+01 1.049136232146258685e+01 7.935378243748593796e+00
1.614449748877171587e+01 1.282168647211137191e+01 9.810665378853387963e+00
1.562737191015130378e+01 1.244428727082856057e+01 9.452749184193997678e+00
1.376852103493123813e+01 1.097835937087324609e+01 8.309500406962115449e+00
1.385841972014573997e+01 1.100933590765375847e+01 8.417263213905689767e+00
1.533217356342439430e+01 1.219716542932947334e+01 9.290032382534512578e+00
1.526446176193091198e+01 1.217625959278300307e+01 9.205568706528177714e+00
1.496071624692089941e+01 1.187801782794923078e+01 9.095917936074576104e+00
1.365229990049325970e+01 1.086953490365694819e+01 8.260659994890939828e+00
1.412236363778238335e+01 1.124866461648486471e+01 8.538659090489529646e+00
1.526354055653343345e+01 1.212436242561611088e+01 9.272297778503942212e+00
1.462742950388237517e+01 1.166435259031849725e+01 8.826356696835834015e+00
1.429736593364255981e+01 1.137893552479001791e+01 8.656471507673002108e+00
1.512747315896035083e+01 1.202580688823297983e+01 9.177168019710332914e+00
1.377930071262249712e+01 1.098220431523663976e+01 8.322278324309790420e+00
1.512858901862884231e+01 1.201739089059779886e+01 9.190022953026518948e+00
1.391645022642428486e+01 1.108306258373769104e+01 8.416252768869179945e+00
1.483067367585763385e+01 1.179669415349275674e+01 8.988152687217011660e+00
1.559214423122302762e+01 1.243007262682373693e+01 9.413195855773361487e+00
1.471109630130549561e+01 1.171986494466752049e+01 8.891632024833100445e+00
1.541204858414360857e+01 1.231414603473891134e+01 9.267850289852926693e+00
1.495929025992787587e+01 1.190214237260721397e+01 9.061973958413306107e+00
1.455390960988789217e+01 1.159144158177333672e+01 8.800838993478016903e+00
1.441164694570481508e+01 1.147401514197748718e+01 8.720237623443198416e+00
1.515571494225306282e+01 1.206972914034098388e+01 9.166096982338581611e+00
1.532425678060086227e+01 1.218166079292839221e+01 9.297310697391086620e+00
1.456583704166440896e+01 1.159302370838021901e+01 8.818469823118812556e+00
1.392051912877332320e+01 1.107847712091708203e+01 8.429009283175616929e+00
1.447229295363811374e+01 1.155230503077109638e+01 8.717311042514442221e+00
1.461505688888936305e+01 1.164525858335816721e+01 8.831072437263516761e+00
