# Mf af A2220 A2221 phi2220 phi2221 logL logPrior
5.861179525903445864e+01 4.220277399570051546e-01 1.188130930811763974e+01 1.307082363286171045e+01 1.237506981692973795e+00 4.243224915237011174e+00 1.977753704140210539e+04 0.000000000000000000e+00
6.460030015301124706e+01 6.613474252973984280e-01 8.661690922494624800e+00 8.069552840750461087e+00 1.005921782401937747e+00 4.347492980413843355e+00 1.977949877817882225e+04 0.000000000000000000e+00
7.898333644114131857e+01 8.520702325897566709e-01 6.795621349875591299e+00 6.330634771713932629e+00 1.047650142166914877e+00 4.422539471472889616e+00 1.978048955815774389e+04 0.000000000000000000e+00
6.199592976534015065e+01 6.379842848739900596e-01 9.131508655672080366e+00 9.849098937746303406e+00 5.444160502843817806e-01 3.671399098297081220e+00 1.978061652163663530e+04 0.000000000000000000e+00
7.136985413767789055e+01 7.408725909679328980e-01 9.566201290906768406e+00 1.300289597160978161e+01 1.163570316918424830e+00 4.513943886994597143e+00 1.978068684327303708e+04 0.000000000000000000e+00
7.602632869411000627e+01 7.848697356519978019e-01 7.140786204004979432e+00 8.715002965150661751e+00 1.522406216359265763e+00 4.893546043555227598e+00 1.978082868285762743e+04 0.000000000000000000e+00
5.508186616296666216e+01 3.486901354556443122e-01 1.003574236328282865e+01 1.242044325566655338e+01 1.001135660113968262e+00 3.929889867411839433e+00 1.978101726837193928e+04 0.000000000000000000e+00
6.581317417838998551e+01 7.122228028543711176e-01 9.923920953028298797e+00 1.094303086012996040e+01 4.803193566379907464e-01 3.454118745130907442e+00 1.978113165799972558e+04 0.000000000000000000e+00
7.033721231271459828e+01 6.504489177156412838e-01 7.277964541616011473e+00 7.936676395655998029e+00 1.568007562083832518e+00 4.777826151983361136e+00 1.978130095788633844e+04 0.000000000000000000e+00
5.423961879957236931e+01 2.820779356514287461e-01 1.070726963584835367e+01 1.157183321445843838e+01 1.098575005460650234e+00 4.049055680072363828e+00 1.978148580578194378e+04 0.000000000000000000e+00
6.446047616372047173e+01 6.046644830304204188e-01 1.136744767069967921e+01 1.299219994969994296e+01 1.101445547308085082e+00 4.172294216620817231e+00 1.978161545164651034e+04 0.000000000000000000e+00
5.350039491229335198e+01 3.322164510283015515e-01 1.167766740268539571e+01 1.447583079975479414e+01 9.045012281312083680e-01 3.897090854256521908e+00 1.978182983089268964e+04 0.000000000000000000e+00
5.729902754812457744e+01 4.278193057592219462e-01 1.043345095173842729e+01 1.155550785740520503e+01 8.340501211927621172e-01 3.879279421519387760e+00 1.978190297930926317e+04 0.000000000000000000e+00
5.297456252846405533e+01 2.712471436461416086e-01 1.059845296315043228e+01 1.153453111613250570e+01 9.836303774771300024e-01 4.078804233040794536e+00 1.978211769999528406e+04 0.000000000000000000e+00
5.961468421997105338e+01 4.640465678556702223e-01 1.071022153515210462e+01 1.353559743271916105e+01 1.181026961458582214e+00 4.564576883439302790e+00 1.978214783352522500e+04 0.000000000000000000e+00
5.609104454013228747e+01 2.630105170227170497e-01 1.021814432621432012e+01 1.398788668917214828e+01 1.525108586711009018e+00 4.808894454196035895e+00 1.978224743632131140e+04 0.000000000000000000e+00
6.625890418936872095e+01 6.021523587278407863e-01 8.625642343974451620e+00 8.113528259373470775e+00 1.218699677713255269e+00 4.402356417608810801e+00 1.978232940166952903e+04 0.000000000000000000e+00
6.025106027701880151e+01 4.235745100834214516e-01 8.653610183192816052e+00 9.573683280834972109e+00 1.340158515921455296e+00 4.496250102213829258e+00 1.978235916038247888e+04 0.000000000000000000e+00
5.753392281772869410e+01 4.395645188933657854e-01 8.902356484246777057e+00 8.932910980475920582e+00 9.887208378206412407e-01 4.107485345003573762e+00 1.978248468663325548e+04 0.000000000000000000e+00
6.012640096489179342e+01 5.045014968880872086e-01 8.210051684198225175e+00 9.505276763886937985e+00 1.073029884601165662e+00 4.292282988791401799e+00 1.978259788715122340e+04 0.000000000000000000e+00
6.573618274622099023e+01 6.564756543617941142e-01 9.395590691247942772e+00 1.250050981270186057e+01 1.050997070608482131e+00 4.247346052355940316e+00 1.978260497802984173e+04 0.000000000000000000e+00
6.380599297583595586e+01 5.469167665051022365e-01 8.144649304325653816e+00 8.576447338946032062e+00 1.175003558584790442e+00 4.153983506398640557e+00 1.978261362084124994e+04 0.000000000000000000e+00
7.389576415735143655e+01 7.265259918602690048e-01 7.310409757324873858e+00 9.207645070065741066e+00 1.561510530281960962e+00 4.930948038757334118e+00 1.978272219602553014e+04 0.000000000000000000e+00
6.943427508964683170e+01 6.437312832272561458e-01 7.675921162637113326e+00 9.242912995699988699e+00 1.410334757123273830e+00 4.636589535187386701e+00 1.978280578658292143e+04 0.000000000000000000e+00
6.649574106577162524e+01 6.601150075276928098e-01 1.089687910461774045e+01 1.384629117269989784e+01 1.066201730761442867e+00 4.300699311834125460e+00 1.978301062747326068e+04 0.000000000000000000e+00
6.445378915885548565e+01 6.039239686361810300e-01 8.551558796478122559e+00 1.012745805359406681e+01 8.958388350456187865e-01 3.887733253032901182e+00 1.978304812033817143e+04 0.000000000000000000e+00
7.033608186370770454e+01 7.119196760803538915e-01 7.211712621955948421e+00 7.974429162615383149e+00 1.354868140611159788e+00 4.747511544874232214e+00 1.978306257058157280e+04 0.000000000000000000e+00
5.590413403570139650e+01 2.837282089126809681e-01 1.036832283185971271e+01 1.316310172435267312e+01 1.348512600922363358e+00 4.567406365827753945e+00 1.978313054908674167e+04 0.000000000000000000e+00
6.364697662194740246e+01 6.327422780707822048e-01 1.063830848370700188e+01 1.330197427075285610e+01 7.793659057000741353e-01 3.684433897174240080e+00 1.978316380087645302e+04 0.000000000000000000e+00
6.680967750994318521e+01 7.013585879248448451e-01 8.026694612543177954e+00 8.664943837026383378e+00 9.026315571551201122e-01 4.216202758039453435e+00 1.978327218723766782e+04 0.000000000000000000e+00
6.020317719008270529e+01 4.946960410800498864e-01 1.142212577262303697e+01 1.372253083833088105e+01 1.114598857603408488e+00 4.187907341346149614e+00 1.978331697140251708e+04 0.000000000000000000e+00
5.790514520938392451e+01 4.084020975288895627e-01 9.911647324896003752e+00 1.332580131967769432e+01 1.197702641568798576e+00 4.466694059751432633e+00 1.978340556408965858e+04 0.000000000000000000e+00
5.746640790083220907e+01 4.254333614929305951e-01 9.751408469740555418e+00 1.039175028210181928e+01 1.085013932308484641e+00 4.070050133116220437e+00 1.978341069002691802e+04 0.000000000000000000e+00
6.666960675114489732e+01 6.143226416964910896e-01 8.398292776401824256e+00 9.480624706922720080e+00 1.360879015801333525e+00 4.769983188749516323e+00 1.978360555657348596e+04 0.000000000000000000e+00
6.492565407241967534e+01 6.070144372498335050e-01 1.066139533876920886e+01 1.358376728350901708e+01 1.314761301327226350e+00 4.652730286693663508e+00 1.978361470783362165e+04 0.000000000000000000e+00
7.529342357499076854e+01 8.049947447385319421e-01 7.432999400480320595e+00 6.555039635199310766e+00 9.501649948434199855e-01 3.883036512301168308e+00 1.978368515158144874e+04 0.000000000000000000e+00
6.345100714307807266e+01 5.876619455027655148e-01 1.016043541387943705e+01 1.307783684804264723e+01 1.081969046124852341e+00 4.426646086369848909e+00 1.978368677720162304e+04 0.000000000000000000e+00
6.391309283271235131e+01 5.775745319836915748e-01 8.650544697533396388e+00 9.096362886922472413e+00 1.336270548659966639e+00 4.600112013035402292e+00 1.978376816981024240e+04 0.000000000000000000e+00
6.537686985591433597e+01 6.618031980722460794e-01 9.596375963822342925e+00 1.017987454494212862e+01 1.012913615436396908e+00 4.310038379058416247e+00 1.978381981146164981e+04 0.000000000000000000e+00
5.984085752522586432e+01 5.032400455081380564e-01 1.093461107143504130e+01 1.296127008545652437e+01 8.704234952025048377e-01 3.858657160953419929e+00 1.978385375310824020e+04 0.000000000000000000e+00
5.812225890722611865e+01 4.590068666026914657e-01 1.086373043192441656e+01 1.281118617232054291e+01 8.531646233356053877e-01 3.870567492693449019e+00 1.978395313973174052e+04 0.000000000000000000e+00
6.050436901181592475e+01 4.900743694316342935e-01 1.140672120814254775e+01 1.384138510745475514e+01 1.158631328281592099e+00 4.295078782428309871e+00 1.978400156339068417e+04 0.000000000000000000e+00
6.282049541876214960e+01 5.394211655494923763e-01 1.000072499775644630e+01 1.271783844485974058e+01 1.423378788528209649e+00 4.714174372279515524e+00 1.978401833470984275e+04 0.000000000000000000e+00
6.914577843376463306e+01 7.514892569470228434e-01 9.263405752927875270e+00 9.455854565562054503e+00 7.786945818684251064e-01 3.870325964309714983e+00 1.978402205381362364e+04 0.000000000000000000e+00
5.820488369572870369e+01 4.219640874665855357e-01 9.741513152207019743e+00 1.152985831055346821e+01 1.261496825072471184e+00 4.443163279661900056e+00 1.978403035072223793e+04 0.000000000000000000e+00
6.219613856580558320e+01 6.032177340185590486e-01 8.648597071786902291e+00 9.437775250076583688e+00 9.756168421820565761e-01 4.169696588559218320e+00 1.978403626160779459e+04 0.000000000000000000e+00
6.014512912401171718e+01 5.278779488797467057e-01 8.604341807014350252e+00 9.328576927328498414e+00 9.168299573867791930e-01 4.040026987907267220e+00 1.978404132190647579e+04 0.000000000000000000e+00
6.375591937232368878e+01 5.510674772346433326e-01 1.050332454488074774e+01 1.250837954176345690e+01 1.189831625307487206e+00 4.306315549930039843e+00 1.978411378843040802e+04 0.000000000000000000e+00
6.248490543487232429e+01 5.282511773233770080e-01 1.047255343500003555e+01 1.371530699750367255e+01 1.284254782451666355e+00 4.458419218059804123e+00 1.978415180781866366e+04 0.000000000000000000e+00
7.586228433428759388e+01 7.725122240475674751e-01 7.810921975436472486e+00 8.232319017803172656e+00 1.389304748750182394e+00 4.661379978404256441e+00 1.978415661254227598e+04 0.000000000000000000e+00
6.686992883623379669e+01 6.844128315872243240e-01 1.000944213717538389e+01 1.105980664735059449e+01 8.677794918852933526e-01 3.792176748931817443e+00 1.978419521560835710e+04 0.000000000000000000e+00
6.020947263134321759e+01 4.873602353064782622e-01 9.637805856599836574e+00 1.239213125096405577e+01 1.120420545992081740e+00 4.403248682635735101e+00 1.978422467415585197e+04 0.000000000000000000e+00
7.116091626031412432e+01 7.510896694623194758e-01 7.396256593427484205e+00 8.124116088123194857e+00 8.142852454343613156e-01 3.715952668845815765e+00 1.978422864365074201e+04 0.000000000000000000e+00
6.243829298940978845e+01 6.014682732973378743e-01 8.459126149530419525e+00 8.871579822881264121e+00 9.606095821285128844e-01 4.178018837771765526e+00 1.978423464527362376e+04 0.000000000000000000e+00
6.229054238436426516e+01 5.819856567965457916e-01 8.529524860645352646e+00 9.637067517471686884e+00 1.068042528464553609e+00 4.340426368213327279e+00 1.978429293329414213e+04 0.000000000000000000e+00
6.780845077719541791e+01 6.333166070107635326e-01 9.964324618398507027e+00 1.153207750127694098e+01 1.293684030126657003e+00 4.492709738240923123e+00 1.978432719800945415e+04 0.000000000000000000e+00
6.614969023248407609e+01 7.093234833743142786e-01 8.317921751606334624e+00 1.008409398018218717e+01 5.716445022458424008e-01 3.460903449632775519e+00 1.978433413581526838e+04 0.000000000000000000e+00
6.971383498342134999e+01 7.424942096011197812e-01 8.767714860865588378e+00 1.016360572326353129e+01 9.665838690878200135e-01 4.026346961183969064e+00 1.978436878333266213e+04 0.000000000000000000e+00
5.589237363634539690e+01 3.969638631697492426e-01 1.055157366902078842e+01 1.221982625102623921e+01 9.249296832429383386e-01 3.933696153631548675e+00 1.978444595579270390e+04 0.000000000000000000e+00
6.422631633613924862e+01 5.919627047305177081e-01 8.509677193944206408e+00 8.218271923776111265e+00 1.183728328995357071e+00 4.231714995191849127e+00 1.978450886110115607e+04 0.000000000000000000e+00
5.809978336801373899e+01 4.362299156180415860e-01 9.476327936330392276e+00 1.102919354318724743e+01 1.125437940858939889e+00 4.357743515675861268e+00 1.978451560934568988e+04 0.000000000000000000e+00
6.394364952133984303e+01 5.444734369656032413e-01 9.546676784783594272e+00 1.064197133937846473e+01 1.269970089258508406e+00 4.359132468182438380e+00 1.978454443288067705e+04 0.000000000000000000e+00
6.557949151026591039e+01 5.923859605385691784e-01 1.054465725290116396e+01 1.430714793537808660e+01 1.393078640594162643e+00 4.728768792716762093e+00 1.978455267452521002e+04 0.000000000000000000e+00
6.656534998196319464e+01 6.317030821097485704e-01 8.615142947010342667e+00 1.016688404155312320e+01 1.349457355394479752e+00 4.751411838400469101e+00 1.978456654130262541e+04 0.000000000000000000e+00
5.917283817360785036e+01 5.226702408951894308e-01 1.095053991373158375e+01 1.335822195090083753e+01 8.703757344055640388e-01 3.990732470604947402e+00 1.978457704270721661e+04 0.000000000000000000e+00
7.011361536416973195e+01 6.923722757329958677e-01 7.885001197994933264e+00 9.788988694774516830e+00 1.294080176377054636e+00 4.650212674019654102e+00 1.978464298289601720e+04 0.000000000000000000e+00
6.664581274427662549e+01 6.167052916768870352e-01 8.014041675563873923e+00 8.432729017159111606e+00 1.301270843883123085e+00 4.600272833432970998e+00 1.978464478039616733e+04 0.000000000000000000e+00
6.507873159558542397e+01 5.735063202272031591e-01 8.220652387518327942e+00 9.157310782018647899e+00 1.279776646875094182e+00 4.453698669806863464e+00 1.978466372124577538e+04 0.000000000000000000e+00
6.615299516479529984e+01 7.050318493089314797e-01 8.067706249831410048e+00 8.604524589899943621e+00 7.782387922600418895e-01 3.861614447625931756e+00 1.978470192084501832e+04 0.000000000000000000e+00
6.431328931017506534e+01 6.122919453788528976e-01 8.270499190095069508e+00 8.608336139096428141e+00 1.094076521289438997e+00 4.380396244573895537e+00 1.978475229202393530e+04 0.000000000000000000e+00
6.119996022653270984e+01 5.260594932023953119e-01 1.009539112653091486e+01 1.120770339387023284e+01 9.458771598269215541e-01 3.968686039876057503e+00 1.978477505160525834e+04 0.000000000000000000e+00
6.415831808411103054e+01 6.155061947266088351e-01 9.744738201188743787e+00 9.975046272092527033e+00 9.142140686127742111e-01 3.895213358886957078e+00 1.978484322200181123e+04 0.000000000000000000e+00
6.701159053259405596e+01 6.969757750584926193e-01 9.260429591683186246e+00 1.022727667163522014e+01 9.824236041646750017e-01 4.267943739234045353e+00 1.978489307707317857e+04 0.000000000000000000e+00
6.492570697998438334e+01 5.987878243718757210e-01 1.058320685381283255e+01 1.362820837666667373e+01 1.304123166105013443e+00 4.570254810776350318e+00 1.978490313753941155e+04 0.000000000000000000e+00
6.259982629850297542e+01 5.359073964524716516e-01 9.188607762360470943e+00 1.149984134484676801e+01 1.331381708915691409e+00 4.691687456906699083e+00 1.978494564913465365e+04 0.000000000000000000e+00
6.522801149951837374e+01 5.656390554983776742e-01 9.613361941618771667e+00 1.351835004654548023e+01 1.449871127776786395e+00 4.767222015151711290e+00 1.978495243170365211e+04 0.000000000000000000e+00
6.379012920485341454e+01 5.559502403704622564e-01 9.410737106980141320e+00 1.097882857430388093e+01 1.189848417528014402e+00 4.254770721761876651e+00 1.978495870484228362e+04 0.000000000000000000e+00
6.732921838084922683e+01 7.187046763738684785e-01 9.161010479471858758e+00 1.075535883489844480e+01 7.016320716033893623e-01 3.561475786856314940e+00 1.978501645019890566e+04 0.000000000000000000e+00
6.170392192819792143e+01 5.313219987803701194e-01 9.327021285996462296e+00 9.729609606596076432e+00 1.134028752332705947e+00 4.159964762505881097e+00 1.978507571618362272e+04 0.000000000000000000e+00
6.039340813935169905e+01 5.294951228297324342e-01 1.000191483094695144e+01 1.202276486148769585e+01 9.805965307105741768e-01 4.219198556725586968e+00 1.978512094783372231e+04 0.000000000000000000e+00
6.654938685115897101e+01 6.997307461169708365e-01 8.290209269947030890e+00 8.691924206475933445e+00 7.577933619912925467e-01 3.577879915914911280e+00 1.978512274231962874e+04 0.000000000000000000e+00
6.343019564819604739e+01 6.326261977435796435e-01 9.108948492520049456e+00 9.111688786604684509e+00 8.520769648277441988e-01 3.801513719112715961e+00 1.978514878942599535e+04 0.000000000000000000e+00
6.015871352909642411e+01 4.993915136593973791e-01 9.493057950993181393e+00 1.051067177797399133e+01 1.074390797102495521e+00 4.084124684815430228e+00 1.978516051844618778e+04 0.000000000000000000e+00
6.767341611782583755e+01 6.397396072667231870e-01 8.557155388514029681e+00 1.043293707901398015e+01 1.333066063667567303e+00 4.714088657043779662e+00 1.978516310287345914e+04 0.000000000000000000e+00
6.812979834677405222e+01 6.559924170994755332e-01 8.905880897648048133e+00 1.122405038170644609e+01 1.215732831432001060e+00 4.411623522333447234e+00 1.978523042970258030e+04 0.000000000000000000e+00
6.253209274215248570e+01 6.154399609329761489e-01 9.842336164414071220e+00 1.179803878824767693e+01 8.519176230652667492e-01 3.872702223293966739e+00 1.978523475986647463e+04 0.000000000000000000e+00
7.121555017981165747e+01 7.543546868278052653e-01 8.832422018628998117e+00 9.356964959248424307e+00 9.149902009821194726e-01 3.887009587775706709e+00 1.978527860362307911e+04 0.000000000000000000e+00
6.465788687219655628e+01 6.048009300717347436e-01 1.023188447767023135e+01 1.278286357322903832e+01 1.267598469169383346e+00 4.575700090751498195e+00 1.978528224050225617e+04 0.000000000000000000e+00
6.597928218878789153e+01 5.891469267649569463e-01 9.785421837789874289e+00 1.200069122900604768e+01 1.369161038394854479e+00 4.682832457303608642e+00 1.978528224402396518e+04 0.000000000000000000e+00
7.134629512119018102e+01 7.467219421177981875e-01 9.036344977642066567e+00 1.073994048011754465e+01 1.052638659321237569e+00 4.267156247888717502e+00 1.978529470228225182e+04 0.000000000000000000e+00
6.913739753697420554e+01 6.905282489887604180e-01 8.516750054144694104e+00 1.034734080607178086e+01 1.232997193033118277e+00 4.609872588513216130e+00 1.978537713340105256e+04 0.000000000000000000e+00
6.795870394303470619e+01 6.947854206932859711e-01 9.559469910025002903e+00 1.124398022043273748e+01 1.111732625899171767e+00 4.283784563874389661e+00 1.978544575393616469e+04 0.000000000000000000e+00
6.518442456745039237e+01 6.275168612699385529e-01 9.917884925823736708e+00 1.063961167632844429e+01 1.022633180688538923e+00 4.033259336514173121e+00 1.978547801348164649e+04 0.000000000000000000e+00
6.425485664728363133e+01 5.804436133120107755e-01 8.310488665494389693e+00 9.111683219539342460e+00 1.194181872933041344e+00 4.337975939217598942e+00 1.978551673525405931e+04 0.000000000000000000e+00
6.498897914321763380e+01 6.195612382405851770e-01 1.037727383328095776e+01 1.222628257195570178e+01 1.182344903002423786e+00 4.425344084022405866e+00 1.978554029303598145e+04 0.000000000000000000e+00
6.364995027065151589e+01 6.363409259010528451e-01 1.004918814283777984e+01 1.121072524204518572e+01 8.682901993373031146e-01 3.854161023023285448e+00 1.978554552053209045e+04 0.000000000000000000e+00
6.171820247417367966e+01 5.371268260712714904e-01 8.893007923081448496e+00 9.390348923165014128e+00 1.125477507276297473e+00 4.249391977494632933e+00 1.978561671391488926e+04 0.000000000000000000e+00
6.755265289445141264e+01 6.511178520443827722e-01 8.683156213068702556e+00 1.070698044759219592e+01 1.191461011692951821e+00 4.479862251143720719e+00 1.978570547851792071e+04 0.000000000000000000e+00
7.007771178110183996e+01 7.019832188812155094e-01 9.316907715407571899e+00 1.147732150826738184e+01 1.272483001546511616e+00 4.521884393422302750e+00 1.978573806836550648e+04 0.000000000000000000e+00
6.805214313548628979e+01 6.577045435501622794e-01 9.274826167103215724e+00 1.051750334810549958e+01 1.141282500255569321e+00 4.285433439874076100e+00 1.978575642353598596e+04 0.000000000000000000e+00
6.003572902179546844e+01 5.391206685537363041e-01 1.034311245620529185e+01 1.175464695767851708e+01 9.112413172423803331e-01 4.038226877787184144e+00 1.978576298087745818e+04 0.000000000000000000e+00
6.110656521993442425e+01 5.160263792825861007e-01 9.376667096762298925e+00 1.112528297773748065e+01 1.116872551791366019e+00 4.250448104777931668e+00 1.978581342490944371e+04 0.000000000000000000e+00
6.534104518702390862e+01 6.452234477160264658e-01 8.446951847327232699e+00 8.487560204634895911e+00 1.074354771384861573e+00 4.261274676699425612e+00 1.978581952648321749e+04 0.000000000000000000e+00
6.262913043162896543e+01 5.575280016911710046e-01 1.039135721375725474e+01 1.293635439817149724e+01 1.206632835416291183e+00 4.448059542750922191e+00 1.978591205017377433e+04 0.000000000000000000e+00
6.480931051491856465e+01 6.474128109890150418e-01 9.407510202006010402e+00 1.116836483518880918e+01 8.181888304247535437e-01 3.761860912457141826e+00 1.978593681396544707e+04 0.000000000000000000e+00
6.460214083910814509e+01 5.572311878275509889e-01 9.323923229783288136e+00 1.151354806991235336e+01 1.385708843688960856e+00 4.648900173835403216e+00 1.978597111045656493e+04 0.000000000000000000e+00
6.667839114019349722e+01 6.523396396061980074e-01 9.425627618232093496e+00 1.086466048714041044e+01 1.040187124832755883e+00 4.260317817532406792e+00 1.978598925598563437e+04 0.000000000000000000e+00
6.120838585709307011e+01 5.429782357713281993e-01 9.145433895428739746e+00 1.003180453151314566e+01 9.898095080239078802e-01 4.032491044025375615e+00 1.978603241853044165e+04 0.000000000000000000e+00
6.310222902267706502e+01 5.745687168734877615e-01 1.015498168873498308e+01 1.232341807040074144e+01 1.072209408603102876e+00 4.302066866972110049e+00 1.978604370707054113e+04 0.000000000000000000e+00
6.657189324881103687e+01 6.994830976663274358e-01 8.311344207737185741e+00 8.602050969681476644e+00 8.400028147193034922e-01 3.890099136950754044e+00 1.978617481012297867e+04 0.000000000000000000e+00
6.903367310741411700e+01 6.779837975767510905e-01 8.981051394368984475e+00 1.071979401201420856e+01 1.337316699829277811e+00 4.603882192542621432e+00 1.978625576087604350e+04 0.000000000000000000e+00
6.566689466423972021e+01 6.246112633990893448e-01 9.781515612026684181e+00 1.097892488003683908e+01 1.073350508987778618e+00 4.186594505028000235e+00 1.978627710208240751e+04 0.000000000000000000e+00
6.952845475251172047e+01 6.939514910820053784e-01 8.398400587837395292e+00 8.934136316878275252e+00 1.173554076324802242e+00 4.431590699591239968e+00 1.978631888790453013e+04 0.000000000000000000e+00
6.785748121689607615e+01 6.956032885880525374e-01 8.855698405854603550e+00 8.869545453518110634e+00 9.939411309033703290e-01 4.028290842175617392e+00 1.978636809477349016e+04 0.000000000000000000e+00
6.719650405150551364e+01 6.753873037878340702e-01 9.272328537195813070e+00 1.064364561365895057e+01 1.122343081909398022e+00 4.276013634152263876e+00 1.978639075007968495e+04 0.000000000000000000e+00
6.604446683138540664e+01 6.144524964598332417e-01 9.246859527221424457e+00 1.098142550568990927e+01 1.300671437588024171e+00 4.503991984036027851e+00 1.978642389111745433e+04 0.000000000000000000e+00
6.283916756819604643e+01 6.039209315554410207e-01 9.487742828832065101e+00 1.073128669585599226e+01 8.314639179826605053e-01 3.863759199004451972e+00 1.978644591949240203e+04 0.000000000000000000e+00
6.355997651987514985e+01 5.855647622028881116e-01 9.600334880405391402e+00 1.033058026667388241e+01 1.132584441715258183e+00 4.299129581142795864e+00 1.978646137216430725e+04 0.000000000000000000e+00
6.507678773973722741e+01 6.403466676492516330e-01 9.947342299800332910e+00 1.170985733480982738e+01 9.690517140854735256e-01 4.123701441350540620e+00 1.978650953627827766e+04 0.000000000000000000e+00
6.845524553681381974e+01 6.640737958761439019e-01 8.690714140499435914e+00 9.919766359891594831e+00 1.313412706173213484e+00 4.589918740796057328e+00 1.978662865450367826e+04 0.000000000000000000e+00
6.353386369452763915e+01 6.084209367878252728e-01 9.140723107796050684e+00 1.049773762094364216e+01 9.358871826249628434e-01 4.015987561246591397e+00 1.978668055564918541e+04 0.000000000000000000e+00
6.524749223465393300e+01 6.374795055637174634e-01 8.867769134041441959e+00 9.375959474510203506e+00 1.022855732579876831e+00 4.045919110034093436e+00 1.978669456513847399e+04 0.000000000000000000e+00
7.009881912865157005e+01 7.247324687959341150e-01 8.307067575263248571e+00 8.719076221673013549e+00 1.102393780109056420e+00 4.270524836389001599e+00 1.978697876742374501e+04 0.000000000000000000e+00
