# Network	H1	L1	
1.398296734889385995e+01 1.168321955416712754e+01 7.682822185197223597e+00
1.433192474298227026e+01 1.195037811402664651e+01 7.911544082560644675e+00
1.432413479050209126e+01 1.194181930330744912e+01 7.910359614052069333e+00
1.390668355932064060e+01 1.162017133191989160e+01 7.639860328298292202e+00
1.430137191569799171e+01 1.192854615232905680e+01 7.889171399004517582e+00
1.429142029549924509e+01 1.191964609389607510e+01 7.884588198433432282e+00
1.397176683871135516e+01 1.167336507714715310e+01 7.677422508300267623e+00
1.395839260570146934e+01 1.166330069919169077e+01 7.668385810269072067e+00
1.392378257232038052e+01 1.163810798486469089e+01 7.643700913424167354e+00
1.426189341336860750e+01 1.189359961399073917e+01 7.870444203243310177e+00
1.398709098832826569e+01 1.169073859968834839e+01 7.678889588314881998e+00
1.396866949218786047e+01 1.168056388259489964e+01 7.660819457903926377e+00
1.401984723514843445e+01 1.171519009735292549e+01 7.701326994731696907e+00
1.404667533326803053e+01 1.173275948785232536e+01 7.723434645185508707e+00
1.400334134301549227e+01 1.169762511463711085e+01 7.697995547310872766e+00
1.402782724129643022e+01 1.171870578342038627e+01 7.710503996061984111e+00
1.400701704707446282e+01 1.171239593331414497e+01 7.682207238699100493e+00
1.406496221176849737e+01 1.174619412964147713e+01 7.736283700023667720e+00
1.410289776974314435e+01 1.177135156130397853e+01 7.767046280537571512e+00
1.399415246462094942e+01 1.169755909131346883e+01 7.681368010210565700e+00
1.405471592637455736e+01 1.174029296387647747e+01 7.726613805117940714e+00
1.400074677878703966e+01 1.169661902896191030e+01 7.694804328574039509e+00
1.407284888941371825e+01 1.174929883614594495e+01 7.745905545719780960e+00
1.405352579405615820e+01 1.173811284843625025e+01 7.727761254178185268e+00
1.401129799726128233e+01 1.170398471341095004e+01 7.702805553582463993e+00
1.401278024401272759e+01 1.171648330070460453e+01 7.686483541340836112e+00
1.402242625877309656e+01 1.172126220006887465e+01 7.696781835284522977e+00
1.419396115897335164e+01 1.184420409101692861e+01 7.821979470235265630e+00
1.416992019215763143e+01 1.182038728976346320e+01 7.814415049900724775e+00
1.413134238800259723e+01 1.179792711414890150e+01 7.778415873183249118e+00
1.405236179029040677e+01 1.173284960030851920e+01 7.733635118219247317e+00
1.416145650740629947e+01 1.182055173408013893e+01 7.798808057203053146e+00
1.412548757691303791e+01 1.179113483860796663e+01 7.778080643917882675e+00
1.409310188279973630e+01 1.176140105672953773e+01 7.764339370592632683e+00
1.405143690572494108e+01 1.173802841726443802e+01 7.724090107647723968e+00
1.406753290571069570e+01 1.175709685407124283e+01 7.724387070651061116e+00
1.420628127115762318e+01 1.185641585435271317e+01 7.825843765620255965e+00
1.430733284527685889e+01 1.193188618547797830e+01 7.894926548254757925e+00
1.406484619733925356e+01 1.173622827176311567e+01 7.751183426282508115e+00
1.411394840584651256e+01 1.177349151115617687e+01 7.783857478116538609e+00
1.404205074557663480e+01 1.172897902368060308e+01 7.720766814469256722e+00
1.429913288705297525e+01 1.192150299939197211e+01 7.895756300512837278e+00
1.407553824514042340e+01 1.175049883325145039e+01 7.748971161397302687e+00
1.405756574146393767e+01 1.173821724733068983e+01 7.734947345008166941e+00
1.406069779872690795e+01 1.173980653220856318e+01 7.738227521431301881e+00
1.408448686683204620e+01 1.174278846919431629e+01 7.776868860262554861e+00
1.405866516710191227e+01 1.174495852197240886e+01 7.726707940503012573e+00
1.417120574514306774e+01 1.183297202938882897e+01 7.797682041663247965e+00
1.414515170459223548e+01 1.180147963281977042e+01 7.798102026908134476e+00
1.407540016681143946e+01 1.174633616154120652e+01 7.755029118961764389e+00
1.410089022492908839e+01 1.177546630336727418e+01 7.757157886350038112e+00
1.419544949771916187e+01 1.184085559334840987e+01 7.829746181056246535e+00
1.406795096476175821e+01 1.174886784997488220e+01 7.737657823318881967e+00
1.408042045944359977e+01 1.173927845866526631e+01 7.774804279506692950e+00
1.427081306536575411e+01 1.190425897515316045e+01 7.870497049049657079e+00
1.424051893110658185e+01 1.187266379329434329e+01 7.863347498273398628e+00
1.415069483867365285e+01 1.180877709590008351e+01 7.797111511105298653e+00
1.414474432715196173e+01 1.180381499282844615e+01 7.793827281610489877e+00
1.411738655954641075e+01 1.178622876203755609e+01 7.770805289066271548e+00
1.410695638497843873e+01 1.177981701984721319e+01 7.761580343370922286e+00
1.435915181481803415e+01 1.197021433437618221e+01 7.930902195216318340e+00
1.412882189004538702e+01 1.179930072234687799e+01 7.771750797873678174e+00
1.408792792690276308e+01 1.175144827134190528e+01 7.770017812050505235e+00
1.416691432467325562e+01 1.182027200988581939e+01 7.809137666537973033e+00
1.409129044514035911e+01 1.176879979780876617e+01 7.749826948287318551e+00
1.412275994223176134e+01 1.179319867172483427e+01 7.769994432117287353e+00
1.412146817506703300e+01 1.178031536849502992e+01 7.787171067738967167e+00
1.432969088686756365e+01 1.194881165159135072e+01 7.909863527771516800e+00
1.415638371023167252e+01 1.181279237557605555e+01 7.801354756889655739e+00
1.422825763870690174e+01 1.186856733569294597e+01 7.847319595348701604e+00
1.412480155024453410e+01 1.179612788306276272e+01 7.769259025172194910e+00
1.419523258759156192e+01 1.184735797148199588e+01 7.819510042923623949e+00
1.427102509410872422e+01 1.190380243819926598e+01 7.871571936341693387e+00
1.422824248822092308e+01 1.187046199104606004e+01 7.844425818550772256e+00
1.418945725796252333e+01 1.182991565948338497e+01 7.835419118659517679e+00
1.424128772501018325e+01 1.187058455989801509e+01 7.867877621877232386e+00
1.419732258851947115e+01 1.183799546273733938e+01 7.837463371952394731e+00
1.434527030831585392e+01 1.195914586206866836e+01 7.922475021633979431e+00
1.410859988758506844e+01 1.178407718263812320e+01 7.758100008481005894e+00
1.410616772563536614e+01 1.178102184490741244e+01 7.758317613604845064e+00
1.421487430950811159e+01 1.186142891029334123e+01 7.833846809912165199e+00
1.423428560421818467e+01 1.187687520331939872e+01 7.845681746491497854e+00
1.418772345913809296e+01 1.183479991543841336e+01 7.824896671171847728e+00
1.411263091624072175e+01 1.178346669572117378e+01 7.766354615188736155e+00
1.426878651604615378e+01 1.190152460098292941e+01 7.870958061932400440e+00
1.423658598270363917e+01 1.187777201669366178e+01 7.848497458900188128e+00
1.416594120609792462e+01 1.182216200158882380e+01 7.804509969422325000e+00
1.421414497945549549e+01 1.185753017907998164e+01 7.838424302701874069e+00
1.416958188472657909e+01 1.182374941837701776e+01 7.808713112888752583e+00
1.420841875456624237e+01 1.185373248749664121e+01 7.833785140018613369e+00
1.418581269166174508e+01 1.182863200582251650e+01 7.830756450927500723e+00
1.411527127784947844e+01 1.178241615547825383e+01 7.772744224944459823e+00
1.419537820160020303e+01 1.185046361832751671e+01 7.815067134526874071e+00
1.430510727587380515e+01 1.192798909044797284e+01 7.896782283462793650e+00
1.412697874929820863e+01 1.178228759979512041e+01 7.794179077929713095e+00
1.412768286912946003e+01 1.179169338828504898e+01 7.781220359774465578e+00
1.418819064074761727e+01 1.183871601679220831e+01 7.819818203254211397e+00
1.420079873226021228e+01 1.184578586632250286e+01 7.831988370994768189e+00
1.415237030060558254e+01 1.180211322133090590e+01 7.810231023237993675e+00
1.415665476121881206e+01 1.181551486411427732e+01 7.797722906351174821e+00
1.422793879636217973e+01 1.187224767731119890e+01 7.841171945672848587e+00
1.412756762577551406e+01 1.178892328338506701e+01 7.785207437141405507e+00
1.425828973570467895e+01 1.189255310333247984e+01 7.865494699745107177e+00
1.427284608859842763e+01 1.190396420053838433e+01 7.874628358285866270e+00
1.414062437102517045e+01 1.180637438070113987e+01 7.782466291938229475e+00
1.422653148991140348e+01 1.186943752273268693e+01 7.842872632357745566e+00
1.425169280649207160e+01 1.189200519020733182e+01 7.854359325030894290e+00
1.422547823053840155e+01 1.186003970634163807e+01 7.855169574969193214e+00
1.430929269348779087e+01 1.192850230787535359e+01 7.903587165263344261e+00
1.415230021334139110e+01 1.181847880900103398e+01 7.785316947288419165e+00
1.416425390246564042e+01 1.182341656938061014e+01 7.799545450884248332e+00
1.413121754086642490e+01 1.179510451277638694e+01 7.782468677737999663e+00
1.413444011209314333e+01 1.179502215502438922e+01 7.788443339001154264e+00
1.415326401552236035e+01 1.180064520172678755e+01 7.814067770120928458e+00
1.413800761434188757e+01 1.180462904453564121e+01 7.780359401987465340e+00
1.415330821985483567e+01 1.180517486895107382e+01 7.807302983725969980e+00
1.413597008182682124e+01 1.178235154822757913e+01 7.810367606475519864e+00
1.424628137713351705e+01 1.188702516920617924e+01 7.852080342375518995e+00
1.413459437354456938e+01 1.180146903798104852e+01 7.778951513553253427e+00
1.418527710314824475e+01 1.183973315624234068e+01 7.812989522716489610e+00
1.418312534836471528e+01 1.183160698344183182e+01 7.821388677005905343e+00
1.421592631635201265e+01 1.186077327290310635e+01 7.836747948016260068e+00
1.424961353997452207e+01 1.188667533847845625e+01 7.858653538376232817e+00
1.414867753932722216e+01 1.180338917294691470e+01 7.801607535875036525e+00
1.413657691962045782e+01 1.180745691756957427e+01 7.773465645648936828e+00
1.414918474812460047e+01 1.180771292012408047e+01 7.795982595702523277e+00
1.419612469466339100e+01 1.183803900296446798e+01 7.835227431971822476e+00
1.417446384252162872e+01 1.182995664110382705e+01 7.808172071141648907e+00
1.414876896664960881e+01 1.181134745121348217e+01 7.789719806150913861e+00
1.415287767288062959e+01 1.181216670822147208e+01 7.795938947984862644e+00
1.418668252287788079e+01 1.183857343813775032e+01 7.817297484089245074e+00
1.416807903471557317e+01 1.181152415291952629e+01 7.824471913103504761e+00
1.417541811768398397e+01 1.182248899620112859e+01 7.821204047067598530e+00
1.414230720407394237e+01 1.180149289049692385e+01 7.792921057597870238e+00
1.432064751772471922e+01 1.194197417871047051e+01 7.903809084354678660e+00
1.417539512179329542e+01 1.183062433938031788e+01 7.808851042209934867e+00
1.415801932852835066e+01 1.181899264691217333e+01 7.794929385133539057e+00
1.415130719365284762e+01 1.181252742386552512e+01 7.792540737754004354e+00
1.417178365363760406e+01 1.182189884242227329e+01 7.815507640905028808e+00
1.419443195943922120e+01 1.183939190545522457e+01 7.830114811430982869e+00
1.433656852028589945e+01 1.195072786324418779e+01 7.919425514235969743e+00
1.425016563186800767e+01 1.188472558385482358e+01 7.862602516478800041e+00
1.416097649747849196e+01 1.182191102761843382e+01 7.795875513193620598e+00
1.414880784296182092e+01 1.181308969129750075e+01 7.787148086585914619e+00
1.434452807611054403e+01 1.195920959304353559e+01 7.921034757907527535e+00
1.421371225765814117e+01 1.185431365152555294e+01 7.842503681526467041e+00
1.427406700509105342e+01 1.190805796384804438e+01 7.870650824135462464e+00
1.414744200564128995e+01 1.181210155684873797e+01 7.786165430664524933e+00
1.417153464398546170e+01 1.182421840443968897e+01 7.811546152317727199e+00
1.419043936240207415e+01 1.184176985164184259e+01 7.819274651702452061e+00
1.424920218055861731e+01 1.188370891008746533e+01 7.862393104058347681e+00
1.420893284016963420e+01 1.184777894694070888e+01 7.843717644132765621e+00
1.418452633163956023e+01 1.183324465608076359e+01 7.821451793772821404e+00
1.428949964116526061e+01 1.191457904464655115e+01 7.888764553701128612e+00
1.425396529294382653e+01 1.188932374401032632e+01 7.862538234092058431e+00
1.425810248911259670e+01 1.188568787664594062e+01 7.875526032525734799e+00
1.417044266134459818e+01 1.181987195195267049e+01 7.816141775703506767e+00
1.417616325135243649e+01 1.182749507995162652e+01 7.814983343726034093e+00
1.426757105414656834e+01 1.190345406281514329e+01 7.865835312258366407e+00
1.417176063252030183e+01 1.182689772932868877e+01 7.807899174903075057e+00
1.425794225840631846e+01 1.189487483586684036e+01 7.861352942281022216e+00
1.422396327992558618e+01 1.186337307951064446e+01 7.847388773663095840e+00
1.418187266329893781e+01 1.183651128338594383e+01 7.811690782174043335e+00
1.419289000926814559e+01 1.184166422105062821e+01 7.823881088761061697e+00
1.431833412503805469e+01 1.193987515193079396e+01 7.902788967986865032e+00
1.417726035211685165e+01 1.182724642301804252e+01 7.817349495891261490e+00
1.416066087011944497e+01 1.182073324048679552e+01 7.797088042069457714e+00
1.416626015005270922e+01 1.181505089303975531e+01 7.815849220260833619e+00
1.421369153573871102e+01 1.184993534399823112e+01 7.849080163700191015e+00
1.417458155592063740e+01 1.183035517176575091e+01 7.807781938253711473e+00
1.418789014671645710e+01 1.184070972271769229e+01 7.816253583247709358e+00
1.427074084012300226e+01 1.190468396032527032e+01 7.869723243591784545e+00
1.417712163503200884e+01 1.183615108751972222e+01 7.803608478639760371e+00
1.419868009717018253e+01 1.184865917466295038e+01 7.823796537771935178e+00
1.417159824242200017e+01 1.182992974053725099e+01 7.803009616716523489e+00
1.425316589873147421e+01 1.188063480463671695e+01 7.874214549757737380e+00
1.417666338744293064e+01 1.183367597237150015e+01 7.806529176387052793e+00
1.438641955102679582e+01 1.199187815840664051e+01 7.947573575129442069e+00
1.418211577968020798e+01 1.183382194712993041e+01 7.816205352463579281e+00
1.417929954601332909e+01 1.182319830681650963e+01 7.827165349809916961e+00
1.421218322224029684e+01 1.185899940223156257e+01 7.832642282167622483e+00
1.427057254722257973e+01 1.190245231707673490e+01 7.872793002820370312e+00
1.430184305031532688e+01 1.192551867418763756e+01 7.894600622416231950e+00
1.425616798353012271e+01 1.188605536548908681e+01 7.871468314308162739e+00
1.420260985943370180e+01 1.185061141115636474e+01 7.827971384787628217e+00
1.419460063655423276e+01 1.183425255845410184e+01 7.838185607268329136e+00
1.424309851658570913e+01 1.188389285200688406e+01 7.851047448282662877e+00
1.431407444096030801e+01 1.193688857544444204e+01 7.899583421850616460e+00
1.418350712187126028e+01 1.183418031028089956e+01 7.818187172224302373e+00
1.422194207583071801e+01 1.186451640740541968e+01 7.841995079486582476e+00
1.434113500064594326e+01 1.195700070290516415e+01 7.918225009273071713e+00
1.422407640046709787e+01 1.185680689852013359e+01 7.857511031970009441e+00
1.431133118123019798e+01 1.193621742736587876e+01 7.895626238969193800e+00
1.419573975971860769e+01 1.184752050928674905e+01 7.820184467625143299e+00
1.434322467577842453e+01 1.195739080123946074e+01 7.921420284664427491e+00
1.419071114731309891e+01 1.184299912492980944e+01 7.817906023571017826e+00
1.437490785887202449e+01 1.198340304851094551e+01 7.939523117165113497e+00
1.421696648916594086e+01 1.186183108107023187e+01 7.837033849500940619e+00
1.417908505720470203e+01 1.183914341224912192e+01 7.802636498238521234e+00
1.418843652491374563e+01 1.183177202531793171e+01 7.830766358563536755e+00
1.426625652102618780e+01 1.189734503438573299e+01 7.872690534785382610e+00
1.428324864504334712e+01 1.191343786825115636e+01 7.879161758426588058e+00
1.423466356989556658e+01 1.187162595077399097e+01 7.854307368127473765e+00
1.421528610911820500e+01 1.186215799135387350e+01 7.833490087582188899e+00
1.419886917279465344e+01 1.184491668872481718e+01 7.829804239143315137e+00
1.420856560248740763e+01 1.185136544005722037e+01 7.837631892759808316e+00
1.436596799455916695e+01 1.197569497236117897e+01 7.934971099484955381e+00
1.418747715807506182e+01 1.183710038320705671e+01 7.820969417455931882e+00
1.419859765917467165e+01 1.184391939479150757e+01 7.830820445955968268e+00
1.421352925573155801e+01 1.185921321358011582e+01 7.834760740340683149e+00
1.427321889564633572e+01 1.190090591758979244e+01 7.879924871704795386e+00
1.425231503475616890e+01 1.188826791331627852e+01 7.861143038461477772e+00
1.418436424935235962e+01 1.183723874129570142e+01 7.815111524468060011e+00
1.436740742265278215e+01 1.197721770118574547e+01 7.935278960874728504e+00
1.418596721509890202e+01 1.184246564513752098e+01 7.810100720963746745e+00
1.419291892987374482e+01 1.184631487124086924e+01 7.816890156666261191e+00
1.420730428132980094e+01 1.185511157952560701e+01 7.829675879580835662e+00
1.422665226296235197e+01 1.186025483467673070e+01 7.856970781909463852e+00
1.427311122030794976e+01 1.190749154000986110e+01 7.869774401587013912e+00
1.419021394766652122e+01 1.184580295088333024e+01 7.812753952953672254e+00
1.419753495047276992e+01 1.184775584634008005e+01 7.823086352291547918e+00
1.421134598907057800e+01 1.185961580939900983e+01 7.830189504381452892e+00
1.419313539404490321e+01 1.183617062769541661e+01 7.832634115402714592e+00
1.420976023254973164e+01 1.185492692413904336e+01 7.834410857867680988e+00
1.419336071381643016e+01 1.184315282937232361e+01 7.822481665855022470e+00
1.424702571623763347e+01 1.188466012724546417e+01 7.857009317736507015e+00
1.419320743450106903e+01 1.184426121017687450e+01 7.820525152691211623e+00
1.423150114834656144e+01 1.186495689184865299e+01 7.858652740130627201e+00
1.435257438322967971e+01 1.196384973271943153e+01 7.928599561022740438e+00
1.419968012171298355e+01 1.183960881113581820e+01 7.839297083173077496e+00
1.419299749551951706e+01 1.184546549226690715e+01 7.818319843760370702e+00
1.420981564327966673e+01 1.185037166372981865e+01 7.841399878048873617e+00
1.419441934502871128e+01 1.185012696696609957e+01 7.813835895980164814e+00
1.419737931161016853e+01 1.184272112495462181e+01 7.830423722525490682e+00
1.419545520257625526e+01 1.184455825026394393e+01 7.824154156485775502e+00
1.419836225714906774e+01 1.184851025362199906e+01 7.823445248421537102e+00
1.421610163879837607e+01 1.186343513979662490e+01 7.833035968798081505e+00
1.419659379522174270e+01 1.184275330285424133e+01 7.828950733927468875e+00
1.425845693590014207e+01 1.189400060519469271e+01 7.863608827793199474e+00
1.423085728517374449e+01 1.186306236283309445e+01 7.860346712869318075e+00
1.422783742773914284e+01 1.187210952567491518e+01 7.841197184139278242e+00
1.435534302141523533e+01 1.196719605314680557e+01 7.928561779291540823e+00
1.420661045893636043e+01 1.185442729441934873e+01 7.829452998344488712e+00
1.427042166181195348e+01 1.189826024048827158e+01 7.878853828795646663e+00
1.419964223889237864e+01 1.184619118263596604e+01 7.829278011220094591e+00
1.429179246848034879e+01 1.192080450994837726e+01 7.883511387554789529e+00
1.434022454138415625e+01 1.195737924460610557e+01 7.916004137061801060e+00
1.433133607716138691e+01 1.194677382352956307e+01 7.915919969654590993e+00
1.421290064916900597e+01 1.186106920413226185e+01 7.830809804735014090e+00
1.420399333491121219e+01 1.184880856011380068e+01 7.833208944230715787e+00
1.420227893683991205e+01 1.184609761442224674e+01 7.834200553303839243e+00
1.428109249882427889e+01 1.191211494610691268e+01 7.877253358291286922e+00
1.420857458277873064e+01 1.184606428842992010e+01 7.845658197294294034e+00
1.421946644143995542e+01 1.185438688845605348e+01 7.852817161887718278e+00
1.426967059310230646e+01 1.190565784341912803e+01 7.866308546648888900e+00
1.431279433344892560e+01 1.193593676354048938e+01 7.898702121764706874e+00
1.421097465673882532e+01 1.185746770079796697e+01 7.832768375166351049e+00
1.420490056427902736e+01 1.184612025289871085e+01 7.838917973478076284e+00
1.420653188501605335e+01 1.185610506578527001e+01 7.826769504018796120e+00
1.420480931407310621e+01 1.185560236756477615e+01 7.824404140340051939e+00
1.420937233388201903e+01 1.185572164932337813e+01 7.832504471537613533e+00
1.421755594859015837e+01 1.185951032594863186e+01 7.841614118280062939e+00
1.420622389334610780e+01 1.185469225927428916e+01 7.828350320839001064e+00
1.424702973351835666e+01 1.188437452015776685e+01 7.857448599410687073e+00
1.425116723720538126e+01 1.188238437268635650e+01 7.867954578067616112e+00
1.421399487443839682e+01 1.185861659867617490e+01 7.836508320429636854e+00
1.420988500740294747e+01 1.186017125888887946e+01 7.826695958924252849e+00
1.421296334553315610e+01 1.185429698781450547e+01 7.841171467718391241e+00
1.429298565043153957e+01 1.191901314310315385e+01 7.888381614626425176e+00
1.421673047494368269e+01 1.186155199397168758e+01 7.837028116033445180e+00
1.420960141773351282e+01 1.185322044336678893e+01 7.836704509665135987e+00
1.421155403741821033e+01 1.185689968981937703e+01 7.834679183222434951e+00
1.429184466960076172e+01 1.191598450921486574e+01 7.890889508550166020e+00
1.422929124506276821e+01 1.187330023853434824e+01 7.842032311999238559e+00
1.429163500446671442e+01 1.192163850390661217e+01 7.881964633457171132e+00
1.422294654755763865e+01 1.186431150781998412e+01 7.844126524992573124e+00
1.424881111227299080e+01 1.187995949850419564e+01 7.867349008855157422e+00
1.432890793316621725e+01 1.194519838684356650e+01 7.913901569776037093e+00
1.423774427851092561e+01 1.187851958797120666e+01 7.849467149969795443e+00
1.425478222468433209e+01 1.189046075391344992e+01 7.862299875533903304e+00
1.425155754205556313e+01 1.188875951077142012e+01 7.859026000056426930e+00
1.424146379053785694e+01 1.187783946611584973e+01 7.857240006158757062e+00
1.426086343144709190e+01 1.188657223091466975e+01 7.879189451309899894e+00
1.436595520733319553e+01 1.197507348880957778e+01 7.935885833145142065e+00
1.421709671952008058e+01 1.185900865899268197e+01 7.841540203182358226e+00
1.430008209353444926e+01 1.192045260049577493e+01 7.899060556873716443e+00
1.424518560654226818e+01 1.188207183625598162e+01 7.857587533263081347e+00
1.426618456271895141e+01 1.190106525550504912e+01 7.866935093273048629e+00
1.429684517070861105e+01 1.191748119038269316e+01 7.897684718453177766e+00
1.431340330034666586e+01 1.193505334613147717e+01 7.901140149584152006e+00
1.422297264291970542e+01 1.186903219769303597e+01 7.837029124060237883e+00
1.423297318296869562e+01 1.187295861429680244e+01 7.849227947403577765e+00
1.423129093875677142e+01 1.187495858372386870e+01 7.843149904112722837e+00
1.428305837709067205e+01 1.190742379793303662e+01 7.887903086359389526e+00
1.427340037108463378e+01 1.189828921029796582e+01 7.884203956100193977e+00
1.427438439506192580e+01 1.190727792507108695e+01 7.872406383889377857e+00
1.428272474922499136e+01 1.190876089229940149e+01 7.885279974240891221e+00
1.426301576417418282e+01 1.189606677366074905e+01 7.868749202108679341e+00
1.424590670308256435e+01 1.188304050091858421e+01 7.857430002644713696e+00
1.423440978810051405e+01 1.187607610247756185e+01 7.847116567487264049e+00
1.436361660993168243e+01 1.197470035378146846e+01 7.932214921082968218e+00
1.429388712193748745e+01 1.191421077849438781e+01 7.897264753083721445e+00
1.429676876258460183e+01 1.192145793168351098e+01 7.891542170825366576e+00
1.422718594623380994e+01 1.186418392473909833e+01 7.852003549965777651e+00
1.422416514522348407e+01 1.186807189809754881e+01 7.840646880211980196e+00
1.435451297009757887e+01 1.196723734580104903e+01 7.926996462593148607e+00
1.422858235965705731e+01 1.187344390507583825e+01 7.840528413223272430e+00
1.423030277329107385e+01 1.187662671098357414e+01 7.838829950157555793e+00
1.425835246214349894e+01 1.189169775647909155e+01 7.866901512238708705e+00
1.423486025208995898e+01 1.187611648787586560e+01 7.847872550120423618e+00
1.427388866649631183e+01 1.190611355729872045e+01 7.873268547702376274e+00
1.423808043906503151e+01 1.187843198002314971e+01 7.850209442126343085e+00
1.431576214600091390e+01 1.193718143812620980e+01 7.902198753140027954e+00
1.423616599521312942e+01 1.186800622452094878e+01 7.862496454561657799e+00
1.422410908863425227e+01 1.186889559531617344e+01 7.839298228339821151e+00
1.432737901542462211e+01 1.194538386342111380e+01 7.910852912748933541e+00
1.426645123005658355e+01 1.189495640939965249e+01 7.876651745384273262e+00
1.425814554500820108e+01 1.188753643298714024e+01 7.872813470230358490e+00
1.427730075098959084e+01 1.190460013036260811e+01 7.881739178022735715e+00
1.426676472180143485e+01 1.189810021502732340e+01 7.872470190505947762e+00
1.426330840227131880e+01 1.189128863731010100e+01 7.876498024025859301e+00
1.422803626371802999e+01 1.186726181186505258e+01 7.848892470299533741e+00
1.425215382269021269e+01 1.189089897703686916e+01 7.856870248612151997e+00
1.429226341577895454e+01 1.192053018994957370e+01 7.884779866078334365e+00
1.430617256639830615e+01 1.193202001873210527e+01 7.892621349852264601e+00
1.425781803148447580e+01 1.189628899195054146e+01 7.858987418167826533e+00
1.431529305685137921e+01 1.193930912180370285e+01 7.898133513530408045e+00
1.422962994246661239e+01 1.187065448552923286e+01 7.846650902437743547e+00
1.426494505852466688e+01 1.189681704017201547e+01 7.871111855093920084e+00
1.428215996298874479e+01 1.191258885200313955e+01 7.878471936329351166e+00
1.423303522211765859e+01 1.187445198257779566e+01 7.847081097293191476e+00
1.424368507419822905e+01 1.188241800338911958e+01 7.854343186140489763e+00
1.423722501300045096e+01 1.187255036988152312e+01 7.857552022445143614e+00
1.432519105883889488e+01 1.194517516032605542e+01 7.907204895623181962e+00
1.430624714149550947e+01 1.193249056625357518e+01 7.892045118967445205e+00
1.431356896215464047e+01 1.193754626600475710e+01 7.897673428380826088e+00
1.429573213074080762e+01 1.192127895245165092e+01 7.889934428861139715e+00
1.430629753789669678e+01 1.192934292442821409e+01 7.896893479984617770e+00
1.427789894168654072e+01 1.190911259783834630e+01 7.876003765934958878e+00
1.423803165072693488e+01 1.187904823792704079e+01 7.849188381489161870e+00
1.431361640511525479e+01 1.193549070265727607e+01 7.900865539899173839e+00
1.424249311688658892e+01 1.188205105161257080e+01 7.852736656187730091e+00
1.423180865375610082e+01 1.187216312076394509e+01 7.848319590275331770e+00
1.423417236909927297e+01 1.187664096096420607e+01 7.845830900393942819e+00
1.423804667683740455e+01 1.187072112000769231e+01 7.861803435777566129e+00
1.429057745176042715e+01 1.192109120835028513e+01 7.880874844010472557e+00
1.424925075376749639e+01 1.188189182159615420e+01 7.865226874263067991e+00
1.427881535165524873e+01 1.190468614245088652e+01 7.884352585748776399e+00
1.424278390232571567e+01 1.187899599108126125e+01 7.857884418354845302e+00
1.423680825743185707e+01 1.187136743012487017e+01 7.858584140788361871e+00
1.429680257869970283e+01 1.191942456334324341e+01 7.894674284166775635e+00
1.423605584497438770e+01 1.187309978208634043e+01 7.854602955328211955e+00
1.427208255641992096e+01 1.190497495028907160e+01 7.871715945729716779e+00
1.426058118440979250e+01 1.189462513892026863e+01 7.866515653178894674e+00
1.423918498185057757e+01 1.187754661641762688e+01 7.853551764786757872e+00
1.425694403166814084e+01 1.188325576155038910e+01 7.877098807790677171e+00
1.428669372055574094e+01 1.191659260056642999e+01 7.880636919506713411e+00
1.428030157597128458e+01 1.190885785547318321e+01 7.880743472466452459e+00
1.425139543232000072e+01 1.187931983961649607e+01 7.872993834396499579e+00
1.429866600925979725e+01 1.192258311444636298e+01 7.893279516365804049e+00
1.427885189042185310e+01 1.190963896388702459e+01 7.876935384936689211e+00
1.427590170732504404e+01 1.190359013906843266e+01 7.880730382285570101e+00
1.431697270976859393e+01 1.193485527439210436e+01 7.907903461194606187e+00
1.436963465052396138e+01 1.197899845742502123e+01 7.936623712042032430e+00
1.431062611329528345e+01 1.193389872179598399e+01 7.897852939403531281e+00
1.427909526646791782e+01 1.190332932988695802e+01 7.886907663534509894e+00
1.425627592840221958e+01 1.188903996976922350e+01 7.867155263751338445e+00
1.424565055796428581e+01 1.188246617672155381e+01 7.857834140442035320e+00
1.424452423318066430e+01 1.188045545546389015e+01 7.858832534187853547e+00
1.427890895295581508e+01 1.190636596469072117e+01 7.881985181517162431e+00
1.424431218394540721e+01 1.187716829991970080e+01 7.863415464610662653e+00
1.433648914371527816e+01 1.195435460314998011e+01 7.913806100102080521e+00
1.425060755350597397e+01 1.188295701846501373e+01 7.866075777753134268e+00
1.424948625614551112e+01 1.188227992177410997e+01 7.865067223150965958e+00
1.425798276998038361e+01 1.189299810566982707e+01 7.864265301195746183e+00
1.430409097464237433e+01 1.192605173955278097e+01 7.897867339754164107e+00
1.424302075201027762e+01 1.188413673185236341e+01 7.850537196958744524e+00
1.429257118239486957e+01 1.192028951492698852e+01 7.885701546732919454e+00
1.424276319018203196e+01 1.187970648520798456e+01 7.856772690927974701e+00
1.427503192698593892e+01 1.190654690138427796e+01 7.874685860502902202e+00
1.425222078005946180e+01 1.188937790538257033e+01 7.859293237089421957e+00
1.424602858887493362e+01 1.188233115454503874e+01 7.858723617023969155e+00
1.424665414138992148e+01 1.188494736920391048e+01 7.855900983059528109e+00
1.424732335581825104e+01 1.188922524868143427e+01 7.850639833246722432e+00
1.434757836482178561e+01 1.196043152186416059e+01 7.924713417247361669e+00
1.424922878996574305e+01 1.188522717947990515e+01 7.860146054682492611e+00
1.424956923815961929e+01 1.187734533614974630e+01 7.872667352234995697e+00
1.424584912532811742e+01 1.188601127455901185e+01 7.852830908829500522e+00
1.424677805061471503e+01 1.188021849500992211e+01 7.863274975117008125e+00
1.426451625827530911e+01 1.189706368055606234e+01 7.869961871787846341e+00
1.426791471470365913e+01 1.189540095055466296e+01 7.878631006183780094e+00
1.425640963289291285e+01 1.188275139949436365e+01 7.876892458238629935e+00
1.429476095661274826e+01 1.191733153024012104e+01 7.894137065255764973e+00
1.431719968952680766e+01 1.193951715695236793e+01 7.901274391427408617e+00
1.426661539969284043e+01 1.189764230620216878e+01 7.872891623566351527e+00
1.426632614873350313e+01 1.189116137145324359e+01 7.882153450681831153e+00
1.424754699034856920e+01 1.187671880441234151e+01 7.869952076290479326e+00
1.429415528884647024e+01 1.191461306639229534e+01 7.897143211301886900e+00
1.425429130801899369e+01 1.189037005858511442e+01 7.861546957423102278e+00
1.424877006227055887e+01 1.188201992099805082e+01 7.864162440111673646e+00
1.431688608594617129e+01 1.193913866501929988e+01 7.901278069742909693e+00
1.432982097828015178e+01 1.194540713005260812e+01 7.915239589983756652e+00
1.425897511577003662e+01 1.189092474353958728e+01 7.869198186322868160e+00
1.426862669454931343e+01 1.190292082195935564e+01 7.868556643665451489e+00
1.432723553596570731e+01 1.194740227920329723e+01 7.907544301610103687e+00
1.432741811549566968e+01 1.194227947657549471e+01 7.915609310697265144e+00
1.429407905148575253e+01 1.192331109005045597e+01 7.883866347167717059e+00
1.428498436316691311e+01 1.190734581959673832e+01 7.891507700588986651e+00
1.425684585283459249e+01 1.189086647440348621e+01 7.865427398393181946e+00
1.432088180883584627e+01 1.194130929426113497e+01 7.905238018012999746e+00
1.427203914073745317e+01 1.189924887450905189e+01 7.880290442441631349e+00
1.426951695016164479e+01 1.189688626538472072e+01 7.879290017473079111e+00
1.433470879281657595e+01 1.195315559771589342e+01 7.912392017060709826e+00
1.431836178487785105e+01 1.193885709309840060e+01 7.904376984508294512e+00
1.434013675836345847e+01 1.195515532732220265e+01 7.919203454146534149e+00
1.425422847121984837e+01 1.188432417670457220e+01 7.870569748927311871e+00
1.425466728107725700e+01 1.188161456680640704e+01 7.875453928509027257e+00
1.432476942903230821e+01 1.194473355308831586e+01 7.907108165484064699e+00
1.426900749174417982e+01 1.189326867358421858e+01 7.883827437063285259e+00
1.426565008300260295e+01 1.189055038773931550e+01 7.881851544358381645e+00
1.427369380410670274e+01 1.190271635347891532e+01 7.878050407430743363e+00
1.426639911102321534e+01 1.190014548484337453e+01 7.868715335718139414e+00
1.429692802255605422e+01 1.192369555992562091e+01 7.888449472257433648e+00
1.425897159216294163e+01 1.188515668270345671e+01 7.877900830405212496e+00
1.425522889524266290e+01 1.189167925652387225e+01 7.861266775508969573e+00
1.425940159533086771e+01 1.189455530637932945e+01 7.864482686128047462e+00
1.425624061307689949e+01 1.189133321208445615e+01 7.863624536886305805e+00
1.437913456166713111e+01 1.198556584271536529e+01 7.943911012370726610e+00
1.434171626778076636e+01 1.195850491629587964e+01 7.917006105369300606e+00
1.429606115750096151e+01 1.192379581576795822e+01 7.886726695079667060e+00
1.430061250117949179e+01 1.192837248265937866e+01 7.888057290855949866e+00
1.429846351175686259e+01 1.192535050862225887e+01 7.888730825902555921e+00
1.426055316572267451e+01 1.189616553382355413e+01 7.864135183494210146e+00
1.425732571080610356e+01 1.188411135613030822e+01 7.876498822389769394e+00
1.429134619854555943e+01 1.191693282237038787e+01 7.888554257517277790e+00
1.426649944024543082e+01 1.189620318747135030e+01 7.874855935248571193e+00
1.430556215236722473e+01 1.193131264135593916e+01 7.892584313737898150e+00
1.425700568574217719e+01 1.189462597816619649e+01 7.860030786378551682e+00
1.431788583863328590e+01 1.193900053017273954e+01 7.903298123484310267e+00
1.437506266124090359e+01 1.198255845495461180e+01 7.941077973940199541e+00
1.435068812582831832e+01 1.196440102737545530e+01 7.924352196926070846e+00
1.429211740479366810e+01 1.192080351469978794e+01 7.884101944820810282e+00
1.426671536915433514e+01 1.189233928240679283e+01 7.881080751812457486e+00
1.431584136202078561e+01 1.193658160799784973e+01 7.903248282709625094e+00
1.426351392096202630e+01 1.189842696898253571e+01 7.866083208132657489e+00
1.432004684822119955e+01 1.194078681511993345e+01 7.904514657530079091e+00
1.428929060457536337e+01 1.191774135327965034e+01 7.883607487586750118e+00
1.426486080025147452e+01 1.190041998066447348e+01 7.865510659477420674e+00
1.432646744424609508e+01 1.194701170625392805e+01 7.906742737795052101e+00
1.426097721387586326e+01 1.189496437277425400e+01 7.866720642371747729e+00
1.425975157117945358e+01 1.189420789351835950e+01 7.865642596604581982e+00
1.425855467841944701e+01 1.189528475252091155e+01 7.861843433567003103e+00
1.427708259169068228e+01 1.190286638871255498e+01 7.883962142375751547e+00
1.428739756770189473e+01 1.191307949340552064e+01 7.887221706112670816e+00
1.426284551142078882e+01 1.188881346453655041e+01 7.879395693078915741e+00
1.430694194705433020e+01 1.193098545583678494e+01 7.895579391595897611e+00
1.426931642887094043e+01 1.190339094268222020e+01 7.869096225928171151e+00
1.427361968272261272e+01 1.189733737115770573e+01 7.886037174897201574e+00
1.426735385942825474e+01 1.190335623367032447e+01 7.865589394602550577e+00
1.426243838529308405e+01 1.189701525462683485e+01 7.866268284609798656e+00
1.432807470745320266e+01 1.194582289608287873e+01 7.911449940294272842e+00
1.426632945800639085e+01 1.189793240244387107e+01 7.871935006798336687e+00
1.427350641692870958e+01 1.190567166796712151e+01 7.873243776784131676e+00
1.427559222433430719e+01 1.190222027381134495e+01 7.882238635638247892e+00
1.427436570702015040e+01 1.190514773821484518e+01 7.875593543919774397e+00
1.433793584495031936e+01 1.195190682226005308e+01 7.920121691358335880e+00
1.426681954255548135e+01 1.189807310783180228e+01 7.872610506085809590e+00
1.431509697587661023e+01 1.193723752060011023e+01 7.900908922746078922e+00
1.428967368765383839e+01 1.191497756179175482e+01 7.888477914124211843e+00
1.427604147265103940e+01 1.190394505723384277e+01 7.880447462118531199e+00
1.427814359669848621e+01 1.190949377878999016e+01 7.875870904281285334e+00
1.432032566401565887e+01 1.193871411409568672e+01 7.908149747277041897e+00
1.428197468922062718e+01 1.190596712437510085e+01 7.888139695570681731e+00
1.430962406789176988e+01 1.193018895524599365e+01 7.901641124254752846e+00
1.426580149969753286e+01 1.190026691276823101e+01 7.867448114455285690e+00
1.432312952614102564e+01 1.194235035922781130e+01 7.907737180765699314e+00
1.437581309940802754e+01 1.198414220627442006e+01 7.940046463900793050e+00
1.428366164648788228e+01 1.191238219119160036e+01 7.881506236902317220e+00
1.430763198349934839e+01 1.192634822715813314e+01 7.903831408868457586e+00
1.436671406987552047e+01 1.197532605759835178e+01 7.936878415332137671e+00
1.428871213008043561e+01 1.191790744747448905e+01 7.882307809882833638e+00
1.431855939889869589e+01 1.193681706425326361e+01 7.907815225101197498e+00
1.427491878452128127e+01 1.190857410070309719e+01 7.871414688144818150e+00
1.431432036521110085e+01 1.193638057538356101e+01 7.900796559683286979e+00
1.434822021983893947e+01 1.196005247566690954e+01 7.926447391883001181e+00
1.428278385363103631e+01 1.191000850013378454e+01 7.883502529731594599e+00
1.428068258661421908e+01 1.191131383071855865e+01 7.877721622763736775e+00
1.438277533487323367e+01 1.198880961919229726e+01 7.945606977959588590e+00
1.428349862815303695e+01 1.191459120874203848e+01 7.877870866485221057e+00
1.437119140496399616e+01 1.198006927141412170e+01 7.937826065758189387e+00
1.427619384259416435e+01 1.190711598559783901e+01 7.875931661514335325e+00
1.430004630707089497e+01 1.192041948019903508e+01 7.899045752523738528e+00
1.427141728557366385e+01 1.190374961876557336e+01 7.872362818919692806e+00
1.426956436102648418e+01 1.190291020395451760e+01 7.870272913315814911e+00
1.427411419672169579e+01 1.190176166217127118e+01 7.880254148053984053e+00
1.427214721942562292e+01 1.189643489560042333e+01 7.884733541959366931e+00
1.427274252213551264e+01 1.190405116247357142e+01 7.874309177596900966e+00
1.426978718081913300e+01 1.190146623814651683e+01 7.872860189799427033e+00
1.428382847377073972e+01 1.191542767846424944e+01 7.877203761957146000e+00
1.432048695087824264e+01 1.194208489540310403e+01 7.903350862846662217e+00
1.428774608118865252e+01 1.191734464814213190e+01 7.881407527714817007e+00
1.430849884012832440e+01 1.193322992923240200e+01 7.895008708926525287e+00
1.435406051429734298e+01 1.196751972016721588e+01 7.925750752800577281e+00
1.427502510218736553e+01 1.190713173037109129e+01 7.873789152858320151e+00
1.433920294235445958e+01 1.195240899670896972e+01 7.921657667269979441e+00
1.431284742939537225e+01 1.193583182891169692e+01 7.898956898799243120e+00
1.428193782453973704e+01 1.190956021831369327e+01 7.882646981209976644e+00
1.428796569754244494e+01 1.191030283000264944e+01 7.892442604908854520e+00
1.432457223674072999e+01 1.194064952312427863e+01 7.912917207422005106e+00
1.436351231015835594e+01 1.197338521387221633e+01 7.934011116975876909e+00
1.435754992346166148e+01 1.196889311132868450e+01 7.929996058907135215e+00
1.436197767827201410e+01 1.197117927967226869e+01 7.934561707185149970e+00
1.429016219157425560e+01 1.191460964936344524e+01 7.889918400388803654e+00
1.435518647729631070e+01 1.196789377743918337e+01 7.927225071226583708e+00
1.432011658655067166e+01 1.193667193323113374e+01 7.910853443896919579e+00
1.434443980429665366e+01 1.195966988428866884e+01 7.920179894290843237e+00
1.428337981139486601e+01 1.190876935499362155e+01 7.886453657134317119e+00
1.428071516317844214e+01 1.190390757864050642e+01 7.888967608693788769e+00
1.428027377333328474e+01 1.191117525654560971e+01 7.877190047802965722e+00
1.428142131626061406e+01 1.190853768062452289e+01 7.883255997472678800e+00
1.438049186185819650e+01 1.198712858082875776e+01 7.944009980837646090e+00
1.428097237047633783e+01 1.191102475944593841e+01 7.878683965369748243e+00
1.428157067636917255e+01 1.190957821246462345e+01 7.881954566306238696e+00
1.427897831594422939e+01 1.190283823365415117e+01 7.887437082517135600e+00
1.427808603238138119e+01 1.191064507114541904e+01 7.874025319827439695e+00
1.432861039353240251e+01 1.194837356420745955e+01 7.908567821027594036e+00
1.427979155895718222e+01 1.190528172894850201e+01 7.885221234792954448e+00
1.432844526984481881e+01 1.194403122143581086e+01 7.914825458107393352e+00
1.428120861080775938e+01 1.190774321715631423e+01 7.884070703619893372e+00
1.428192751181494557e+01 1.190462564077584062e+01 7.890078694520040514e+00
1.430114890718810372e+01 1.192075820695425037e+01 7.900530604769552490e+00
1.428245718603086090e+01 1.191282433796185103e+01 7.878654679808499317e+00
1.428257104594735516e+01 1.190740837970397159e+01 7.887043892453584171e+00
1.428856853367204316e+01 1.190999865122525669e+01 7.893992834380799017e+00
1.430874193626105573e+01 1.192951758348586999e+01 7.901057272531142317e+00
1.435144093259018838e+01 1.196523105759176708e+01 7.924462289648840141e+00
1.433707831223436280e+01 1.195541301936170875e+01 7.913274547721536933e+00
1.428768020474380052e+01 1.191461328535500463e+01 7.885416659471446543e+00
1.433350239064108855e+01 1.194882678831793932e+01 7.916743596030466179e+00
1.429019484018707686e+01 1.191741295946785506e+01 7.885742636176821030e+00
1.428383690138363527e+01 1.190620350625738944e+01 7.891154205369015351e+00
1.428836230930313533e+01 1.191391711552411614e+01 7.887704130248289758e+00
1.433601054995644830e+01 1.195320592895991396e+01 7.914674125214512301e+00
1.429490319610067317e+01 1.191899123866819643e+01 7.891888572353264131e+00
1.433220046401499559e+01 1.195041584554924441e+01 7.911986555799827237e+00
1.432535482798116178e+01 1.194640071591385855e+01 7.905649934216415708e+00
1.429298989560439459e+01 1.191992294358348836e+01 7.887014465238494587e+00
1.429115367597086284e+01 1.191988561842538275e+01 7.883742780803497219e+00
1.429885393966151241e+01 1.192137103742509296e+01 7.895450371943055323e+00
1.429550391889221927e+01 1.191625736067974906e+01 7.897103444245143322e+00
1.429536560222968866e+01 1.192310700460794592e+01 7.886507278769272489e+00
1.431055973798490832e+01 1.193009971630552890e+01 7.903470172869726973e+00
1.428692942360322249e+01 1.191648319695582181e+01 7.881229635766811903e+00
1.433041884244894071e+01 1.194802638895348323e+01 7.912368141642981634e+00
1.428644453763469180e+01 1.191100476338549186e+01 7.888628718194328648e+00
1.433049728399281975e+01 1.194939774548803157e+01 7.910439047654127975e+00
1.434887012348948865e+01 1.196352821686004297e+01 7.922377574009129120e+00
1.428662218261263206e+01 1.191190326339724770e+01 7.887593678187619695e+00
1.430107664290331115e+01 1.192346933756817862e+01 7.896307497955366017e+00
1.430382242890958544e+01 1.192707739475164708e+01 7.895831868611514537e+00
1.433391662674910094e+01 1.195108461971518921e+01 7.914085056088378423e+00
1.429124432919496712e+01 1.192125601215798092e+01 7.881834784448001230e+00
1.428852209368469062e+01 1.191755608183195925e+01 7.882494570762838215e+00
1.429105670685915186e+01 1.192038888799847918e+01 7.882806007859528563e+00
1.430435802645731158e+01 1.192941433778558391e+01 7.893271318440121753e+00
1.431368228979322765e+01 1.193551166239572048e+01 7.900953236790866363e+00
1.432565867023372519e+01 1.194456361636585306e+01 7.908975682769026960e+00
1.430386682605106330e+01 1.192847850044064728e+01 7.893795464916062876e+00
1.428983099704743687e+01 1.191757133215547348e+01 7.884843908864890061e+00
1.430169378175292572e+01 1.192350902621105391e+01 7.897365227016782896e+00
1.432922063288585512e+01 1.194740835834975812e+01 7.911131237993466847e+00
1.433531279503841205e+01 1.195213943212927887e+01 7.915020904996551643e+00
1.431140345268354785e+01 1.193204305300314871e+01 7.902064120643534473e+00
1.429474685842246906e+01 1.192103647892084517e+01 7.888515513999927897e+00
1.430411757421185115e+01 1.193027682864509842e+01 7.891531813835016784e+00
1.430840008675083297e+01 1.193364553733306010e+01 7.894201494250194351e+00
1.429014649074270515e+01 1.191948009525427565e+01 7.882530113213851664e+00
1.429480226703981138e+01 1.191698552900698616e+01 7.894734178881808617e+00
1.431677282986218280e+01 1.193694395986728907e+01 7.904388221796033065e+00
1.434984835959858529e+01 1.196491632239163749e+01 7.922053101415085230e+00
1.430431761660548240e+01 1.193091698009222945e+01 7.890926592668117578e+00
1.429560461097635482e+01 1.191569346684547170e+01 7.898136514238315087e+00
1.429178250825915519e+01 1.191861611562831769e+01 7.886801452532408163e+00
1.431027110174029815e+01 1.192806290522547208e+01 7.906021397282424701e+00
1.429268392000255972e+01 1.192129959135997908e+01 7.884378839841486020e+00
1.429254246374300763e+01 1.191582537019840693e+01 7.892393542191937783e+00
1.436772516423410195e+01 1.197729157448477189e+01 7.935742746255194824e+00
1.429299990570119583e+01 1.191371245071357698e+01 7.896410700190732435e+00
1.430903783941687202e+01 1.193204837526894480e+01 7.897770917170592320e+00
1.438744309551181466e+01 1.199248655218849891e+01 7.948508358312809108e+00
1.429802603509145698e+01 1.192384961703572621e+01 7.890206512536290795e+00
1.431859998843662929e+01 1.193957163911902697e+01 7.903729164337684132e+00
1.439061236806391086e+01 1.199510085024033046e+01 7.950300618243169914e+00
1.429983006975117554e+01 1.192031408429135020e+01 7.898813338445539678e+00
1.434652985171069517e+01 1.195948350963687723e+01 7.924245892749019582e+00
1.430243265835521527e+01 1.192613344109454587e+01 7.894740090211469052e+00
1.432471786403258562e+01 1.194228950491092434e+01 7.910705611070905086e+00
1.434740628955228026e+01 1.196240977041430220e+01 7.921415260051753116e+00
1.430035910321778481e+01 1.192706756109818578e+01 7.889570956267717428e+00
1.432891804165578087e+01 1.194872939265646927e+01 7.908587620147852881e+00
1.432562360489339781e+01 1.194165496824280837e+01 7.913303247602785362e+00
1.431916008153100783e+01 1.193670775775311910e+01 7.909067792509279826e+00
1.430416288829158411e+01 1.193012756671793539e+01 7.891839593948613896e+00
1.430568978090172649e+01 1.192909138685904047e+01 7.896172413983974181e+00
1.433665118068394584e+01 1.195329225564313802e+01 7.915704095517225092e+00
1.430689514627350256e+01 1.193175807670830046e+01 7.894326945685143926e+00
1.430199587936963113e+01 1.192679565758121285e+01 7.892948211904588618e+00
1.431135653903946015e+01 1.193441487077963004e+01 7.898396525853939920e+00
1.431787297140440351e+01 1.193573376305594458e+01 7.908207506301232037e+00
1.431549000618458400e+01 1.193851780522471806e+01 7.899686495773301509e+00
1.431702885631293043e+01 1.193667852661890905e+01 7.905252748941820506e+00
1.434956378425800416e+01 1.196372572897527498e+01 7.923335628404488240e+00
1.433436535837916814e+01 1.195167010392479234e+01 7.914013643812542576e+00
1.431433450470888857e+01 1.193648333726192234e+01 7.900666924505041600e+00
1.430418998993618196e+01 1.192405369246939806e+01 7.901062890984817955e+00
1.433876917284201724e+01 1.195569574608074070e+01 7.915910599494628386e+00
1.430561166461267852e+01 1.192598045035049736e+01 7.900728788951059123e+00
1.429931640801201809e+01 1.192529519046277287e+01 7.890360217174317903e+00
1.430649712197228851e+01 1.192843775478668533e+01 7.898622198281228357e+00
1.434963228178180650e+01 1.196124657792032053e+01 7.927201708329615570e+00
1.430342494754099825e+01 1.192811233378784408e+01 7.893548085777175594e+00
1.430131176688985306e+01 1.192599912254212846e+01 7.892912211782578957e+00
1.430985227736591092e+01 1.193292498704656701e+01 7.897922097207216829e+00
1.430287576462795940e+01 1.192195552979858597e+01 7.901849877331684091e+00
1.432271150280037375e+01 1.194335936248750407e+01 7.905455833216208816e+00
1.437331853382190694e+01 1.198182388123302999e+01 7.939029043517989770e+00
1.429997124211351256e+01 1.192553212360995829e+01 7.891188826407617540e+00
1.431957414446621968e+01 1.194062892630094019e+01 7.903896793560168277e+00
1.431278207859504548e+01 1.193605939933693527e+01 7.898494593582497281e+00
1.430859478414914499e+01 1.193337654599872266e+01 7.894960982068734978e+00
1.430414191900751852e+01 1.192645767812121171e+01 7.897346598136091522e+00
1.430547263571500061e+01 1.192729547786559507e+01 7.898491622764285403e+00
1.432803269728932705e+01 1.194794288956970085e+01 7.908171829327743652e+00
1.433273260142419936e+01 1.195139670657767716e+01 7.911468927192492728e+00
1.430218458941467574e+01 1.192866317249662877e+01 7.890467600010364180e+00
1.430541895885940029e+01 1.193014938422465399e+01 7.894083053691419494e+00
1.435142274024683040e+01 1.196540927407824739e+01 7.924160244030661104e+00
1.435386329503614888e+01 1.196734611867274545e+01 7.925655705900579662e+00
1.431667701600367160e+01 1.193920101425174529e+01 7.900805017329429525e+00
1.434150442896477529e+01 1.195833464502493904e+01 7.916879549646600012e+00
1.432651554062175769e+01 1.194767599830396954e+01 7.905826065328527719e+00
1.436514952527906175e+01 1.197416056516590466e+01 7.935804914641677144e+00
1.434364944829913213e+01 1.195970000963573909e+01 7.918702872011987637e+00
1.433690713881440537e+01 1.195498614683627814e+01 7.913609324192097283e+00
1.434481647410508742e+01 1.196060254528665290e+01 7.919453669884000568e+00
1.430557051276262293e+01 1.192771178337363658e+01 7.898040219471735846e+00
1.430810354953172947e+01 1.193317763831307055e+01 7.894371326241713227e+00
1.430506195330353414e+01 1.192774151543600070e+01 7.897074130891569510e+00
1.430535239249998369e+01 1.193121191872567621e+01 7.892356379691896073e+00
1.430639047842718448e+01 1.192640137727750371e+01 7.901503572694584143e+00
1.430857574313266412e+01 1.193398121537093814e+01 7.894012423865196304e+00
1.430733391750209371e+01 1.193233179168353963e+01 7.894254989553104451e+00
1.431066809296677711e+01 1.193469754650942605e+01 7.896721835065438455e+00
1.432488464156847030e+01 1.194412749085079639e+01 7.908232323126735963e+00
1.430859706432539724e+01 1.193335841828069555e+01 7.894992514883762524e+00
1.431960170085675799e+01 1.194159693340096950e+01 7.902484138001690361e+00
1.430759160231776050e+01 1.192869005129930393e+01 7.900223485367154019e+00
1.432251283396318620e+01 1.194359507605630633e+01 7.904739751455688079e+00
1.433072269892993766e+01 1.194598000725964937e+01 7.916007499982456785e+00
1.430904697753442001e+01 1.193209709932486717e+01 7.897713860198406266e+00
1.438112990414173709e+01 1.198789726396597466e+01 7.944005067243905316e+00
1.435567564196694335e+01 1.196874842037482090e+01 7.926820572407212495e+00
1.435583248494086739e+01 1.196743982755349478e+01 7.929080041818840741e+00
1.432166108773372848e+01 1.194231979225215312e+01 7.905123293882829749e+00
1.438841140560908016e+01 1.199338233315755708e+01 7.948909547086672411e+00
1.436645748168285763e+01 1.197689608562825292e+01 7.934044411714870293e+00
1.432882302633622018e+01 1.194800245040717179e+01 7.909513687018141503e+00
1.431045874040166765e+01 1.193086481037383884e+01 7.902132258910988583e+00
1.431355018016687630e+01 1.193228833228291030e+01 7.905581187706592239e+00
1.432432448485648635e+01 1.194591248449148146e+01 7.904520659744623146e+00
1.432478483603666852e+01 1.194027488357722966e+01 7.913867341784349030e+00
1.431088395879165098e+01 1.193308457830045732e+01 7.899550121945425829e+00
1.431621539145063338e+01 1.193368318245953752e+01 7.908301261022522510e+00
1.431466424227266465e+01 1.193251427353604477e+01 7.907257140175612875e+00
1.435913487444466696e+01 1.197121326828497878e+01 7.929363607990917551e+00
1.431507921863315147e+01 1.193515671457499927e+01 7.904019688378694397e+00
1.436361775457837631e+01 1.197329717503979296e+01 7.934334865495864086e+00
1.431963273049669105e+01 1.193764625263361090e+01 7.908507032512194002e+00
1.433919549534260618e+01 1.195677117239841891e+01 7.915058470065513774e+00
1.431752913453659737e+01 1.193905261213051361e+01 7.902573203905411958e+00
1.432064373856774964e+01 1.194252296397638879e+01 7.902973006525854771e+00
1.432317214174096698e+01 1.194511029702055183e+01 7.903644741127861195e+00
1.433510646218272022e+01 1.195325841692666202e+01 7.912957127413537073e+00
1.431445523885448701e+01 1.193589039836870569e+01 7.901781393034004175e+00
1.431946164184973114e+01 1.194215584701030153e+01 7.901385665699622862e+00
1.433805587176187402e+01 1.195271455656421544e+01 7.919119958118012725e+00
1.436459160279670400e+01 1.197492306232791925e+01 7.933644154262560200e+00
1.433299522040882401e+01 1.195097814794908864e+01 7.912576906135294408e+00
1.431383296785185877e+01 1.193703511943239093e+01 7.898924407094958688e+00
1.431476661546700946e+01 1.193441107770468612e+01 7.904579399541033169e+00
1.431999470551978781e+01 1.194162509110248216e+01 7.903153709100337210e+00
1.437113011969359988e+01 1.198047695276126312e+01 7.937099778982292797e+00
1.436748120512344151e+01 1.197780601522308608e+01 7.934524512613280400e+00
1.432829810346744637e+01 1.194648215997438356e+01 7.910859026884666356e+00
1.433701343756536772e+01 1.195400063933669799e+01 7.915290457315366623e+00
1.438690128288140357e+01 1.199226990170430085e+01 7.947854498419792968e+00
1.431750255496996616e+01 1.193461593495203843e+01 7.909223849200397893e+00
1.431837705296688235e+01 1.193977799741834822e+01 7.903013526705700897e+00
1.432935468442066629e+01 1.194645530316392623e+01 7.912813113010757959e+00
1.432783717677626001e+01 1.194274259377984393e+01 7.915669112774271987e+00
1.431768184829388701e+01 1.193656616478058830e+01 7.906604941615554161e+00
1.432897930514082319e+01 1.194762869250865123e+01 7.910361341500019350e+00
1.431878576582309393e+01 1.193619501375361303e+01 7.909163950834590118e+00
1.437769740889904924e+01 1.198455465866652681e+01 7.942835288188774712e+00
1.434053994843326585e+01 1.195730467382791140e+01 7.916688130137725210e+00
1.436344620269712458e+01 1.197404940469036383e+01 7.932888986479564863e+00
1.431809010668723481e+01 1.193616725342823770e+01 7.907946358025089495e+00
1.431869807452429377e+01 1.193938482477190632e+01 7.904189051091329965e+00
1.431958833769263073e+01 1.194090656984473675e+01 7.903503049358657329e+00
1.434049302029650619e+01 1.195683368132295321e+01 7.917314467820122381e+00
1.431948372464824892e+01 1.193918978371440431e+01 7.905906744258728303e+00
1.435092250849229778e+01 1.196263999519094945e+01 7.927434716868297926e+00
1.433984286535514485e+01 1.195743947263648899e+01 7.915221706390266121e+00
1.432698688653958818e+01 1.194293357372675501e+01 7.913841728302860368e+00
1.432975591723711872e+01 1.194880776846833470e+01 7.909987203515754572e+00
1.438381397389845695e+01 1.198985121547733534e+01 7.945915445462101268e+00
1.435806919039072582e+01 1.197064187329651830e+01 7.928296413311461066e+00
1.432293136852486448e+01 1.194319955550240131e+01 7.906095582834852031e+00
1.432983771197484835e+01 1.194581331983625816e+01 7.914656845319272271e+00
1.433905423145522384e+01 1.195613050031341729e+01 7.915770317037324588e+00
1.432285846421580722e+01 1.194110211811903177e+01 7.909131102125667390e+00
1.433084456064476875e+01 1.194771683953005237e+01 7.913606519392517136e+00
1.435068017794698569e+01 1.196272539799530144e+01 7.926867137897461113e+00
1.432147969227194118e+01 1.194331414915009049e+01 7.903292207103878475e+00
1.432277871218015264e+01 1.194021805788830903e+01 7.910321280969494495e+00
1.433678789580906532e+01 1.195019680318160127e+01 7.920623935943784666e+00
1.435600721904986976e+01 1.196812828399735551e+01 7.928357247954615161e+00
1.432295589690261650e+01 1.193971819819531355e+01 7.911396524780002437e+00
1.432948884837676751e+01 1.194662415229130303e+01 7.912801148749045943e+00
1.432316720904492158e+01 1.194395837987109665e+01 7.905376469097895153e+00
1.433606771561312776e+01 1.195238864272017665e+01 7.916011829199016248e+00
1.436578695622797497e+01 1.197537054910474197e+01 7.935132959400531760e+00
1.435039090859831390e+01 1.196513790365563423e+01 7.922701191896890371e+00
1.433589672091680711e+01 1.195000304490046616e+01 7.919303127148426213e+00
1.432601001074945479e+01 1.194188109271470033e+01 7.913661528998870764e+00
1.436906981552613338e+01 1.197747074911390008e+01 7.937906639510517337e+00
1.434162830786955389e+01 1.195493889056494830e+01 7.922230660864593155e+00
1.437946383940582074e+01 1.198591858904426033e+01 7.943974816524965732e+00
1.432598407149247244e+01 1.194634233909947341e+01 7.906878292581425605e+00
1.437649729427837642e+01 1.198379066858817765e+01 7.941815640258366393e+00
1.432674541635442189e+01 1.194206989521951989e+01 7.914707881073319129e+00
1.432735754638380854e+01 1.194705593136716892e+01 7.908288616047443043e+00
1.432726795728280678e+01 1.194684179853102179e+01 7.908449795039145691e+00
1.434435135233086989e+01 1.196040506914888901e+01 7.918909413612080783e+00
1.433865715000084862e+01 1.195535850007657075e+01 7.916217025822204434e+00
1.432957382688037917e+01 1.194692849998054029e+01 7.912495527731306488e+00
1.433176126160316777e+01 1.194997062782618791e+01 7.911863424862730199e+00
1.434053384987258539e+01 1.195427577536762520e+01 7.921250014095007508e+00
1.434038065172838472e+01 1.195365629958955012e+01 7.921907491743947816e+00
1.435291598738960950e+01 1.196530385717784561e+01 7.927023460698802815e+00
1.436713406655439229e+01 1.197732298863406264e+01 7.934625089585880531e+00
1.434064705634745707e+01 1.195661849230406837e+01 7.917918427479495591e+00
1.433077990176749950e+01 1.194577441872772461e+01 7.916421295621752563e+00
1.437017672368051358e+01 1.197887368715873535e+01 7.937793412334771759e+00
1.434671301060405035e+01 1.195914696565357005e+01 7.925085366261647835e+00
1.433064023335801096e+01 1.194850984306943786e+01 7.912039056274436710e+00
1.434848216265796772e+01 1.196002199791942999e+01 7.926967527459487073e+00
1.433186366901896136e+01 1.194868042731872748e+01 7.913997237373537885e+00
1.436160552093007503e+01 1.197102991395801297e+01 7.934113431123330784e+00
1.434522591289445259e+01 1.195924623220111371e+01 7.922243119821680502e+00
1.438746298788048428e+01 1.199269538788196421e+01 7.948229272052076411e+00
1.433184680465707750e+01 1.194853666376169876e+01 7.914183749882342411e+00
1.438055226670335784e+01 1.198759294189827607e+01 7.943418593699925090e+00
1.433334766941126937e+01 1.195006617085127054e+01 7.914592467366434292e+00
1.433986485314407844e+01 1.195645901075315187e+01 7.916742507535319717e+00
1.433408937764096969e+01 1.195278661106752693e+01 7.911827255222688038e+00
1.433436493080878016e+01 1.194988352639311913e+01 7.916710281123022774e+00
1.435177558599521674e+01 1.196377475006473112e+01 7.927266628572674279e+00
1.433487700553777699e+01 1.195280847845452321e+01 7.913221104030984776e+00
1.434367169935778463e+01 1.195943027793443214e+01 7.919150538169013487e+00
1.437307762643104425e+01 1.198050927113001229e+01 7.940576683074126230e+00
1.436009108250926758e+01 1.197243378579475603e+01 7.929252495836061954e+00
1.434319291601079627e+01 1.195910098944237099e+01 7.918780622685588355e+00
1.433536345762907160e+01 1.195044533033999024e+01 7.917670229864467224e+00
1.433496564279685970e+01 1.195322353642721325e+01 7.912754707961625833e+00
1.433551122604384531e+01 1.195229950492199755e+01 7.915138574697886398e+00
1.433673643304584999e+01 1.195521287009530198e+01 7.912957524297212331e+00
1.438820542836631411e+01 1.199343876492336136e+01 7.948451549887151302e+00
1.434629305269975141e+01 1.195900918147450831e+01 7.924533030491421215e+00
1.434729652317409077e+01 1.196132169614278773e+01 7.922859383156257707e+00
1.433995687746812742e+01 1.195680648377526190e+01 7.916384399281992224e+00
1.436261862927878497e+01 1.197241030559458608e+01 7.933864465983684333e+00
1.436250773469687836e+01 1.197242182611662464e+01 7.933646327304611390e+00
1.434751400137913002e+01 1.196264222866416205e+01 7.921259301951371512e+00
1.438503306601774057e+01 1.199055442289089513e+01 7.947061151275693014e+00
1.434647109488057737e+01 1.195852103437333191e+01 7.925591936675423277e+00
1.435410508219626813e+01 1.196682391277063218e+01 7.926881994294713074e+00
1.433754176706268346e+01 1.195585339335248065e+01 7.913448904171234588e+00
1.436468849342076304e+01 1.197552805767730177e+01 7.932906355983196711e+00
1.434529441007008366e+01 1.196090633321022523e+01 7.919860566939266100e+00
1.437208716113741325e+01 1.198083709062396984e+01 7.938288982851394060e+00
1.438415275445952446e+01 1.199024577620947341e+01 7.945933342894112350e+00
1.433883459235383029e+01 1.195412813866368573e+01 7.918396170392834499e+00
1.434523632070620813e+01 1.195769656670573866e+01 7.924600804804135201e+00
1.436443898867518598e+01 1.197548814565879738e+01 7.932514805063866525e+00
1.434017476887969522e+01 1.195692577880455509e+01 7.916598911285886331e+00
1.434007218026651209e+01 1.195697688007691006e+01 7.916335896395490401e+00
1.437837206135583479e+01 1.198578789130636046e+01 7.942195651039571480e+00
1.435040205011724446e+01 1.196407527775240354e+01 7.924325949144378711e+00
1.435725915242040962e+01 1.196977126134251002e+01 7.928143939214181479e+00
1.434083630544421695e+01 1.195372888334122941e+01 7.922622780564566369e+00
1.435080903430298527e+01 1.196337826843449825e+01 7.926115085297549712e+00
1.434807073467790239e+01 1.196327503620999799e+01 7.921312026130215678e+00
1.435578569431860529e+01 1.196933805975659126e+01 7.926129529124855466e+00
1.436481750293021342e+01 1.197364381568291414e+01 7.935983597995179828e+00
1.438408584364712972e+01 1.199034952764705331e+01 7.945655653390967466e+00
1.434463050907834081e+01 1.195710122601047587e+01 7.924402483021664167e+00
1.437004413262481606e+01 1.197953652838549132e+01 7.936552963261983784e+00
1.434617098683002645e+01 1.196056907524097745e+01 7.921957420975751951e+00
1.434904651161815181e+01 1.196335503948908219e+01 7.922958537800903756e+00
1.434257585888927622e+01 1.195513883604934868e+01 7.923644217074494733e+00
1.434263014861978469e+01 1.195586785932025897e+01 7.922642444952947116e+00
1.435268778981818016e+01 1.196626389855124550e+01 7.925160888097164680e+00
1.434577709295694703e+01 1.196117817999699007e+01 7.920324295581093743e+00
1.434340893972699860e+01 1.195961083818405690e+01 7.918401897569408376e+00
1.434296429829873354e+01 1.195750255731517342e+01 7.920780103883275025e+00
1.434496776810167518e+01 1.195981839342538144e+01 7.920911832873780867e+00
1.434929526420905077e+01 1.196409253853773969e+01 7.922295393934629892e+00
1.435026416391937332e+01 1.196448807829003691e+01 7.923452946709796940e+00
1.434438204716582632e+01 1.195728229894615957e+01 7.923679469688440946e+00
1.437319977063190102e+01 1.198215830979037477e+01 7.938309258627707088e+00
1.434367845063556146e+01 1.195787913849025408e+01 7.921504781573168508e+00
1.436009001123884232e+01 1.197245800726765452e+01 7.929213983434559410e+00
1.434558034201151955e+01 1.195927188118028006e+01 7.922846169219622148e+00
1.434504874112393402e+01 1.195800788139696103e+01 7.923791446881319978e+00
1.438211328093989572e+01 1.198799631166357216e+01 7.945635711340427676e+00
1.436115674187985469e+01 1.197213740311584296e+01 7.931629653845156724e+00
1.434921504895678090e+01 1.196311022821857506e+01 7.923633395652518452e+00
1.435432774585258286e+01 1.196586540736342386e+01 7.928731934440505391e+00
1.436486282958456151e+01 1.197410543152244244e+01 7.935369129887087425e+00
1.435399017346550643e+01 1.196750242959446986e+01 7.925649468503812578e+00
1.435124747790311694e+01 1.196349291889782762e+01 7.926735857306090871e+00
1.438984002830940945e+01 1.199466586978136462e+01 7.949558900507485149e+00
1.434643459727799808e+01 1.195825632799545701e+01 7.925925261313768289e+00
1.434579302366820563e+01 1.196113561807610637e+01 7.920417426115776927e+00
1.435815782439122579e+01 1.196971045628806429e+01 7.929863031777732552e+00
1.436378362348304094e+01 1.197476521134977823e+01 7.932419436419552383e+00
1.435256139114766505e+01 1.196599307080009744e+01 7.925340895900102822e+00
1.435128642653845610e+01 1.196548445476469702e+01 7.923799837157128323e+00
1.436872850476953190e+01 1.197869159607474998e+01 7.935446206099856070e+00
1.435106047948153929e+01 1.196561331806008255e+01 7.923195997096127208e+00
1.434949398050830105e+01 1.196138976883147720e+01 7.926735286026500127e+00
1.437913564753334406e+01 1.198611478166176170e+01 7.943084691163350364e+00
1.434957600227969365e+01 1.196272772816290697e+01 7.924864462376855379e+00
1.436225967590782737e+01 1.197353146723040318e+01 7.931522376029164434e+00
1.436344669619881387e+01 1.197465249100314644e+01 7.931979495325032659e+00
1.436064258824714379e+01 1.197181116757873731e+01 7.931191141008683942e+00
1.435175336256927103e+01 1.196617893964204526e+01 7.923596794668790189e+00
1.437296292745854132e+01 1.198177624869961733e+01 7.938457107032533600e+00
1.435152373836503692e+01 1.196292401345841228e+01 7.928094516406527958e+00
1.436570117863952412e+01 1.197489431568826213e+01 7.935696345126995510e+00
1.435263137494995078e+01 1.196448789902186327e+01 7.927739696745669917e+00
1.436316884483371936e+01 1.197313202598091308e+01 7.933771407951718757e+00
1.437184416330640424e+01 1.197977679604002077e+01 7.939449135262815815e+00
1.436359515666568143e+01 1.197323233599738046e+01 7.934391801065568295e+00
1.437231913492366786e+01 1.198014053898798714e+01 7.939760070820127247e+00
1.435295815593385704e+01 1.196583658492068736e+01 7.926295644811758301e+00
1.435581669982877173e+01 1.196747001305993408e+01 7.929005902734207467e+00
1.436544786546268426e+01 1.197534315329732202e+01 7.934560399675672393e+00
1.435905730681028913e+01 1.196954631485797194e+01 7.931739264293292457e+00
1.436778197268139579e+01 1.197765600565305988e+01 7.935295547410425421e+00
1.436585232182898864e+01 1.197590697705903118e+01 7.934441694878610285e+00
1.436733934746629693e+01 1.197729021085304879e+01 7.935046258860563029e+00
1.435422707841732759e+01 1.196524286147822735e+01 7.929489156598523714e+00
1.436948036197415846e+01 1.197922651123235482e+01 7.936000130150509868e+00
1.435559832071229103e+01 1.196867403990563972e+01 7.926792849073724057e+00
1.435587291174620717e+01 1.196777839980741653e+01 7.928642206034496098e+00
1.435498474673826763e+01 1.196786437552010263e+01 7.926904147789675115e+00
1.435599336574943763e+01 1.196647003977020596e+01 7.930834779815040925e+00
1.437613360237800286e+01 1.198362537465021838e+01 7.941406691100848292e+00
1.436275786013371913e+01 1.197388661712207636e+01 7.931888339426984125e+00
1.435576575074437145e+01 1.196801444222506206e+01 7.928091863805404316e+00
1.437064789178807445e+01 1.197980548789612598e+01 7.937240156498157617e+00
1.436250185731310047e+01 1.197369303481223568e+01 7.931717008908678146e+00
1.435935217021384780e+01 1.197147796363636374e+01 7.929357484335919359e+00
1.435852097817275563e+01 1.196890007108701504e+01 7.931743551638591683e+00
1.437191510360035096e+01 1.198102156012118868e+01 7.937699044496909551e+00
1.436584777429801818e+01 1.197476592027367204e+01 7.936155456450912915e+00
1.437271601458003190e+01 1.198106410875892003e+01 7.939084862726565994e+00
1.435990900583403018e+01 1.196993442098628790e+01 7.932695419157410832e+00
1.435855544002586726e+01 1.197008313166839955e+01 7.930020437883123385e+00
1.438824072409341959e+01 1.199342600832388683e+01 7.948534689948862919e+00
1.436309728387936246e+01 1.197265181952713853e+01 7.934366515012790444e+00
1.436899278700457572e+01 1.197874571444283909e+01 7.935843044170345806e+00
1.436711100418379772e+01 1.197611049173030473e+01 7.936413301763364458e+00
1.436173431805061007e+01 1.197227420352224669e+01 7.932468910619718372e+00
1.437700145888481806e+01 1.198499839634745712e+01 7.940905766241347585e+00
1.436533404488640286e+01 1.197604692959133743e+01 7.933292012865670095e+00
1.438196078568543790e+01 1.198846071248328471e+01 7.944658947131618909e+00
1.436465689821118730e+01 1.197442184315361580e+01 7.934518846504290401e+00
1.436495987884541137e+01 1.197592884245674760e+01 7.932792741604369091e+00
1.436497335709509393e+01 1.197486171979090841e+01 7.934427915227300510e+00
1.437792843983609004e+01 1.198568140406597493e+01 7.941553217178269897e+00
1.436121343445313236e+01 1.197313053400956484e+01 7.930233068799743101e+00
1.436137062661481956e+01 1.197194034253980099e+01 7.932314335026248386e+00
1.437941794812756235e+01 1.198613850134811898e+01 7.943559929492152172e+00
1.436359281575678892e+01 1.197264053079610235e+01 7.935280543068308212e+00
1.436823118373513353e+01 1.197818885701852309e+01 7.935304597484332589e+00
1.438266823363186120e+01 1.198928913201353019e+01 7.944689523682173515e+00
1.436465137757292609e+01 1.197498142996836812e+01 7.933664282733452033e+00
1.437207277053201793e+01 1.198022283846053249e+01 7.939189912220045997e+00
1.436311805984810341e+01 1.197470897465774975e+01 7.931299097461013581e+00
1.436557238389915447e+01 1.197568932912602868e+01 7.934263356437257997e+00
1.438438270881266767e+01 1.199045612023206431e+01 7.946032213776778264e+00
1.437283814978680674e+01 1.198097916917160610e+01 7.939434150356251330e+00
1.436759846163791643e+01 1.197754649986468856e+01 7.935128568488312162e+00
1.436614312620524814e+01 1.197686143414649784e+01 7.933527494744604169e+00
1.437731241509529134e+01 1.198442112709560092e+01 7.942339864906172942e+00
1.437133915404399787e+01 1.198002292383936940e+01 7.938163504541918769e+00
1.437072181020285733e+01 1.198022586699195458e+01 7.936739476768591928e+00
1.437213210939582808e+01 1.198103897910206683e+01 7.938065655508492746e+00
1.438476410005278616e+01 1.199056788483039959e+01 7.946553970963847746e+00
1.436651942164630391e+01 1.197693080280170896e+01 7.934104160990078647e+00
1.437339026222899108e+01 1.198078679831779247e+01 7.940723853880910177e+00
1.437400021623293078e+01 1.198142904406694065e+01 7.940858913131091157e+00
1.438187802670496573e+01 1.198846927965523612e+01 7.944496202137790952e+00
1.438587787567192677e+01 1.199143142528825301e+01 7.947267116836855827e+00
1.438641599412953731e+01 1.199196031797079343e+01 7.947443166727270913e+00
1.438650194312139341e+01 1.199184675980691672e+01 7.947770092846417889e+00
1.437104294641240543e+01 1.198031960712523869e+01 7.937179441008015424e+00
1.437413880908151498e+01 1.198189853431240159e+01 7.940401376264657252e+00
1.438569978274819050e+01 1.199111953407266462e+01 7.947415338268302598e+00
1.437563175807319915e+01 1.198306101463314732e+01 7.941349832572668355e+00
1.438071110279042486e+01 1.198686638370714874e+01 7.944802459537387840e+00
1.437098350255077861e+01 1.198032818345381045e+01 7.937058866313705607e+00
1.437662713432500183e+01 1.198412651977089816e+01 7.941543887528026424e+00
1.437578026075721027e+01 1.198352974815646732e+01 7.940911338166774414e+00
1.437898328684781113e+01 1.198609359044637834e+01 7.942840852271240593e+00
1.437584911412838373e+01 1.198385953782171498e+01 7.940538289684480944e+00
1.438797149888312532e+01 1.199327774133030822e+01 7.948271061808607207e+00
1.438522368590246892e+01 1.199113871567223910e+01 7.946524573356312793e+00
1.437282970512633185e+01 1.198143871015951234e+01 7.938725349025058442e+00
1.438812661379382618e+01 1.199334692959500082e+01 7.948447450976595441e+00
1.437311540846285851e+01 1.198180153811394177e+01 7.938695009020238835e+00
1.437490527801859130e+01 1.198206822343543010e+01 7.941532776545449757e+00
1.437339049782514344e+01 1.198220640584604801e+01 7.938581992438703772e+00
1.438786150127394059e+01 1.199313976023962169e+01 7.948280145490615567e+00
1.438083699302063678e+01 1.198702069151151939e+01 7.944797515425142009e+00
1.437507890778989328e+01 1.198300419233509295e+01 7.940434757093934870e+00
1.437727278413213305e+01 1.198435040209615998e+01 7.942374843151397634e+00
1.438209503658248067e+01 1.198885971767959902e+01 7.944299862863303474e+00
1.439048324912984178e+01 1.199501445354313489e+01 7.950197255589187328e+00
1.437661695331293821e+01 1.198465747188292418e+01 7.940724167475269546e+00
1.437829246290280594e+01 1.198576314179280544e+01 7.942088897614322462e+00
1.437737233975418860e+01 1.198481262622785870e+01 7.941857573020189243e+00
1.437987880432417143e+01 1.198688145104181046e+01 7.943273097767781010e+00
1.438160423879807759e+01 1.198827172816100806e+01 7.944298675980800972e+00
1.438177550096184731e+01 1.198854181124684182e+01 7.944201142975465757e+00
1.438805498134686189e+01 1.199327088763369886e+01 7.948432522334089256e+00
1.438177929427502733e+01 1.198786602148576463e+01 7.945227745014296517e+00
1.438182438050868939e+01 1.198821838136216655e+01 7.944777690569096329e+00
1.438276694892370777e+01 1.198921204821315456e+01 7.944984554423798251e+00
1.438355699356110051e+01 1.198958764036182956e+01 7.945847972438390805e+00
1.438445309169044783e+01 1.199015763083622055e+01 7.946610015267066451e+00
1.438679516247853130e+01 1.199211335643452614e+01 7.947898608660048048e+00
1.439219122771040738e+01 1.199642607311934661e+01 7.951159022882560379e+00
