# Network	H1	L1	
1.624320795492496572e+01 1.346903195658199870e+01 9.078930709037853930e+00
1.047903136983360817e+01 8.760307595709374340e+00 5.750400792859003296e+00
1.804973372716015945e+01 1.491700687626262933e+01 1.016246985111967760e+01
1.288052009060212733e+01 1.083566804748745760e+01 6.963913825505339439e+00
1.087774826742867340e+01 9.083213554303492643e+00 5.985034577716725757e+00
1.765826720942249040e+01 1.470609559183000137e+01 9.774720112787054660e+00
1.528910812556053500e+01 1.279724366393594792e+01 8.365846154510157007e+00
1.288520681642609489e+01 1.065778370698492772e+01 7.241560685183829449e+00
1.347938743206459655e+01 1.127990522888101488e+01 7.379540878073902022e+00
1.736428962605722504e+01 1.463943442448918297e+01 9.338389258789739245e+00
1.264615248595718988e+01 1.053965929876278018e+01 6.988616069300449318e+00
1.481344509229502471e+01 1.251327613308590436e+01 7.928182384354072632e+00
1.257491751796220392e+01 1.066581519769861863e+01 6.661001182411987465e+00
1.246930269097230770e+01 1.037358560692646137e+01 6.918976170999389552e+00
1.293314118397154822e+01 1.089825580961158735e+01 6.963774924048614423e+00
1.267641593539096689e+01 1.064504747216964553e+01 6.882912558088231769e+00
1.510131950441606818e+01 1.265862736539868472e+01 8.234622274180932067e+00
1.561631640977995694e+01 1.300559398227786900e+01 8.644296580896586590e+00
1.224234109908625534e+01 1.027782422152412245e+01 6.651409238486873043e+00
1.420316126369490917e+01 1.186466234564570144e+01 7.807661449265113518e+00
1.536083188535163302e+01 1.293744728256240961e+01 8.281160185683761554e+00
1.363174342695045738e+01 1.134578012279093251e+01 7.556302155385870911e+00
1.551253771746861077e+01 1.307421412524111481e+01 8.348877256447837070e+00
1.526184500646678543e+01 1.269560792587934905e+01 8.470268732086639218e+00
1.370625141186023299e+01 1.125740258852788322e+01 7.818709274869242165e+00
1.424567312309224754e+01 1.194725438373082760e+01 7.759015106340324763e+00
1.444824391039555067e+01 1.207730254447741380e+01 7.930354049059944899e+00
1.642750652554586921e+01 1.376825135026920854e+01 8.960927708817999715e+00
1.619684496122625461e+01 1.374747648754473950e+01 8.564150683074464254e+00
1.238179517970335297e+01 1.024059390861262209e+01 6.959819557360034992e+00
1.313651005512089043e+01 1.088421112344182795e+01 7.355395614692484152e+00
1.613471847719215901e+01 1.343236332482600304e+01 8.938722271561823973e+00
1.243613245249375510e+01 1.039982789415086550e+01 6.819161982825305834e+00
1.545536250329613637e+01 1.300577714733477563e+01 8.349729989775521943e+00
1.486649780840640034e+01 1.239069569968149231e+01 8.214829101402347789e+00
1.511372023859637892e+01 1.267599673520338754e+01 8.230652842859482732e+00
1.643692801349060773e+01 1.380792792034105432e+01 8.917047104694368898e+00
1.710734961601311355e+01 1.417698376166580587e+01 9.574682360578242069e+00
1.488975658599240504e+01 1.231750603802587563e+01 8.365637823459744382e+00
1.550733140590052095e+01 1.313606287336891754e+01 8.241430671875322744e+00
1.418793237628402615e+01 1.189819037625789555e+01 7.728550374056733396e+00
1.160113676408789551e+01 9.606054550262033587e+00 6.504620680444159753e+00
1.502375522894012150e+01 1.247008746482097941e+01 8.379149109475275026e+00
1.461444870611562052e+01 1.212607924960753181e+01 8.157224590258756791e+00
1.356636350528866686e+01 1.149247280076416544e+01 7.208972720251066058e+00
1.495805814167240655e+01 1.228928584370689059e+01 8.527423809176930547e+00
1.382176753198870145e+01 1.152501479492146608e+01 7.629894605116007256e+00
1.592465485976474149e+01 1.340664392705089547e+01 8.593982255968308337e+00
1.566662900662297808e+01 1.318261390863922955e+01 8.465338443731120321e+00
1.354399110418984620e+01 1.145522455920190374e+01 7.226169478266563750e+00
1.310670480730589738e+01 1.107450354464852005e+01 7.010070052818507591e+00
1.228215415751071227e+01 1.036041319528022164e+01 6.596449739967791714e+00
1.385865481917389452e+01 1.163211495951179053e+01 7.533672077129041966e+00
1.458956842831296896e+01 1.196420125320295114e+01 8.349454790420958616e+00
1.186891004102249347e+01 9.865584982111501589e+00 6.598580038358296207e+00
1.204930159183276039e+01 1.019410244585388803e+01 6.423857421703822901e+00
1.563764444912521867e+01 1.296971359003400259e+01 8.736272277679081100e+00
1.273678037032612131e+01 1.068238829257414579e+01 6.936292566537231252e+00
1.304346518964686297e+01 1.091378155364866132e+01 7.142923515813933477e+00
1.502946309340756592e+01 1.251011113950752751e+01 8.329578629995026517e+00
1.718620473237484703e+01 1.438093122818131242e+01 9.410337406991478915e+00
1.524388534842736220e+01 1.276138365905048033e+01 8.338052987509600555e+00
1.396107772438486627e+01 1.150052554307895569e+01 7.915150248687881529e+00
1.566810118545784114e+01 1.314924915003167527e+01 8.519779430721001745e+00
1.397723550889993049e+01 1.185173080770270104e+01 7.409425708717496839e+00
1.511187451437065832e+01 1.259633067125975714e+01 8.348724750425429164e+00
1.504954419677700983e+01 1.271177552231772978e+01 8.056025297933738116e+00
1.171564661676965713e+01 9.836845340667700555e+00 6.363399201119672277e+00
1.282198915568606701e+01 1.054750743423785764e+01 7.290644198781627949e+00
1.226167792138735813e+01 1.030027517213133770e+01 6.652298612225172825e+00
1.319609513066571438e+01 1.115876507257201133e+01 7.044067628347013610e+00
1.588489413645858050e+01 1.337060672079855372e+01 8.576522468007224731e+00
1.203728181959687404e+01 1.001818528849557843e+01 6.673238878518301220e+00
1.615825408161136778e+01 1.344499493347432484e+01 8.962214358335788944e+00
1.576817504362526279e+01 1.333572462908629319e+01 8.413904731073904131e+00
1.226288367066623941e+01 1.038540765018562517e+01 6.520860668635590329e+00
1.258490605423427766e+01 1.066872978927611548e+01 6.675182774824596876e+00
1.696929980911448510e+01 1.420064926741656031e+01 9.289709166353613767e+00
1.442520628243171110e+01 1.210068535475260454e+01 7.852387550037450481e+00
1.404102787908886896e+01 1.175681183280969577e+01 7.676447057673020602e+00
1.595757805102533666e+01 1.329346752214645910e+01 8.827684775307897524e+00
1.612260628618494351e+01 1.336530025974380465e+01 9.017049541076197272e+00
1.272447008111341127e+01 1.078918951639051471e+01 6.745778563261570326e+00
1.378615673510481798e+01 1.150887732758533843e+01 7.589720692058968154e+00
1.214417867002144114e+01 1.016350151000846580e+01 6.647128148716510587e+00
1.234755450190164261e+01 1.025602069415612227e+01 6.875764808257543770e+00
1.293917461588252671e+01 1.091763981608058920e+01 6.944593622857316184e+00
1.251950060077721716e+01 1.050800450642237394e+01 6.805860458888957076e+00
1.542133203211012926e+01 1.298183424798254748e+01 8.324029144740745068e+00
1.584579033542019033e+01 1.328226518546544099e+01 8.641209573726852611e+00
1.279691910109360720e+01 1.083615275600540784e+01 6.807270519705441281e+00
1.421480903238879456e+01 1.190786172114247599e+01 7.762964965619245206e+00
1.569839366205951414e+01 1.315594887927991863e+01 8.565078671837392577e+00
1.660329207739563628e+01 1.390262885648978752e+01 9.076685446020817949e+00
1.441952337276566176e+01 1.185544707073867166e+01 8.207985687770726457e+00
1.436248277549458940e+01 1.181468327195376844e+01 8.166649904323961096e+00
1.283331864549375645e+01 1.062984068325195075e+01 7.190309764221525235e+00
1.271959804108124636e+01 1.054393008668858656e+01 7.114331497315898645e+00
1.327205799443747303e+01 1.096653867691842166e+01 7.475463387333523002e+00
1.319780344602932765e+01 1.107016813064161020e+01 7.185637992506333838e+00
1.594348950410692289e+01 1.328357727692622170e+01 8.817110200938682141e+00
1.432407350233406618e+01 1.208131682228898285e+01 7.695509439910143357e+00
1.231407016575492719e+01 1.021871494656216406e+01 6.871258173583831841e+00
1.632067207097992778e+01 1.366189581062873692e+01 8.928434336880640032e+00
1.348864241142009313e+01 1.129641605668721027e+01 7.371191109812595954e+00
1.254823872455060396e+01 1.043913223866897511e+01 6.962960088345578669e+00
1.613119268262673955e+01 1.348661322543123653e+01 8.850233955758101345e+00
1.585103270541280907e+01 1.342182806367992498e+01 8.432660864583642280e+00
1.204358995892173745e+01 9.962560085352166084e+00 6.767233972930768005e+00
1.332917337962516591e+01 1.116808235844881203e+01 7.276042840652641175e+00
1.513828464027338327e+01 1.250519778248927594e+01 8.531570211324661202e+00
1.434106091183501341e+01 1.204910642337909898e+01 7.777214313303103310e+00
1.377455409745952508e+01 1.158038684025066622e+01 7.458751987697953112e+00
1.488850175120866481e+01 1.220900438650120634e+01 8.521014979809493184e+00
1.445124757381874403e+01 1.220586921877780284e+01 7.736621552970952109e+00
1.488569318178248402e+01 1.254933064657005914e+01 8.006132763402254326e+00
1.418325979132282200e+01 1.165665027538414300e+01 8.080059570667874169e+00
1.245935088819354419e+01 1.041516206657852095e+01 6.838115506631420537e+00
1.405153774699964764e+01 1.177360554994662323e+01 7.669936467117704382e+00
1.299260147105107777e+01 1.077834063828050226e+01 7.255002830512866652e+00
1.531274929953204911e+01 1.295087320547812126e+01 8.170383976653001312e+00
1.269949723599394176e+01 1.061808004643421199e+01 6.966606503494612745e+00
1.245497948194444326e+01 1.049067254280462969e+01 6.713590953826582108e+00
1.472139945110682469e+01 1.241953735468443121e+01 7.904093477094408016e+00
1.409015004603001309e+01 1.187480170203848928e+01 7.584287234599132788e+00
1.474155875742291677e+01 1.219099499139632137e+01 8.288135840965814793e+00
1.292390010472341721e+01 1.091311230776959640e+01 6.923234336267818811e+00
1.314857919261557839e+01 1.092932240746042361e+01 7.309927940702753979e+00
1.358289855326221840e+01 1.130554374277978802e+01 7.528599722943546624e+00
1.354515619261847803e+01 1.144354590376262593e+01 7.246827818494677942e+00
1.304177722547942153e+01 1.074905037710935041e+01 7.385517530234362304e+00
1.503723653094276891e+01 1.237667577143604625e+01 8.540279816040436955e+00
1.318607491136162579e+01 1.111643495939240012e+01 7.092069187595323676e+00
1.438770540299917577e+01 1.192383233173281276e+01 8.051601659807500866e+00
1.658908837237772005e+01 1.380479996130479670e+01 9.199203827229657904e+00
1.322179473726488297e+01 1.118975706583365515e+01 7.043095404862206088e+00
1.486062407482887870e+01 1.240378576593985294e+01 8.184390421164644991e+00
1.466058036554826316e+01 1.214400697814932606e+01 8.213142587911141490e+00
1.507898824904251711e+01 1.249200191590854025e+01 8.445458823989353547e+00
1.301804430787660571e+01 1.099420412187480700e+01 6.971151506629982286e+00
1.199523573364064788e+01 9.927624865108525043e+00 6.732603125336323657e+00
1.252790974902061727e+01 1.053378861903576436e+01 6.781432002835272144e+00
1.480695885738683515e+01 1.224958375563728374e+01 8.318276769738647047e+00
1.432801025751178337e+01 1.211609267857821592e+01 7.648017791785412633e+00
1.196053048839886124e+01 1.000294990205635237e+01 6.557078832900326226e+00
1.556815699026324040e+01 1.314989594538707962e+01 8.333531586246891720e+00
1.618060869913805533e+01 1.352966561538502610e+01 8.874696964431533885e+00
1.431023157165967774e+01 1.190913486880470273e+01 7.934433458738274325e+00
1.339280282103642605e+01 1.133452962671112729e+01 7.134115610527277163e+00
1.528138362417403329e+01 1.286920507047606499e+01 8.240403286442203878e+00
1.593265114594440668e+01 1.336956390581332421e+01 8.666264103218711767e+00
1.544108674003218695e+01 1.308965921236932850e+01 8.190725329128833110e+00
1.509384518078859827e+01 1.279781917115056977e+01 8.002498785013724358e+00
1.232641857530224350e+01 1.035153640521717833e+01 6.692255893569791780e+00
1.593736976525551086e+01 1.338768435531292234e+01 8.646945277783947503e+00
1.596259714789051287e+01 1.318509431485760075e+01 8.997655006397618394e+00
1.477913801183101228e+01 1.245482087590697873e+01 7.956152168091056964e+00
1.342730283703187055e+01 1.111939988937721679e+01 7.526712933112439607e+00
1.604708618271926213e+01 1.342329246551099686e+01 8.793417671245641998e+00
1.481575643240174145e+01 1.238227467636462542e+01 8.135472481873001982e+00
1.594762642921426021e+01 1.326165301350061831e+01 8.857502361009174763e+00
1.558729456672742764e+01 1.310270272885848186e+01 8.442922071717521959e+00
1.499421498847838130e+01 1.240932421803140251e+01 8.416362371742858173e+00
1.514184541234562076e+01 1.246429774156617398e+01 8.597485929093487300e+00
1.644345016104237445e+01 1.363805316952059421e+01 9.186433418036278553e+00
1.486042198874741516e+01 1.249726585257203659e+01 8.040552710714893081e+00
1.402031476294976287e+01 1.172007591359213663e+01 7.694741492202613387e+00
1.444533452361297599e+01 1.218549832708353975e+01 7.757662020204873166e+00
1.305166578416494083e+01 1.103505916947605137e+01 6.969465464991153603e+00
1.464701144334352456e+01 1.220394956952158871e+01 8.099293742420382358e+00
1.341287202672749146e+01 1.118501028279231768e+01 7.402748204498039719e+00
1.255272410575356723e+01 1.049317384497778427e+01 6.889425602634867474e+00
1.469470002336990078e+01 1.232741812899218026e+01 7.998060455499336641e+00
1.513834564561416762e+01 1.261963689897944008e+01 8.361475553035003117e+00
1.448540082232360326e+01 1.202775376540043339e+01 8.072172962856347667e+00
1.272649656234411886e+01 1.076862884942372212e+01 6.782355597778384038e+00
1.463740736441982548e+01 1.219962380949076142e+01 8.088440718635318660e+00
1.687416124124987249e+01 1.409788064023997300e+01 9.272921818350807754e+00
1.467278894396138611e+01 1.242781329410308544e+01 7.800012315435798982e+00
1.375745781310225979e+01 1.162263224774631887e+01 7.360846766027383303e+00
1.312499160065512172e+01 1.093193520819668230e+01 7.263483814331610944e+00
1.595236366441892351e+01 1.337087462766805501e+01 8.700437815021482280e+00
1.622949090066015643e+01 1.358563011071494664e+01 8.878458728261689359e+00
1.273088976945325079e+01 1.077001315732046294e+01 6.788399731388358838e+00
1.330103482912229396e+01 1.124281673278992955e+01 7.107503038228201397e+00
1.493417557875675428e+01 1.262240006104994094e+01 7.981517206392595654e+00
1.566319300949803583e+01 1.303160908705849863e+01 8.689808965384827388e+00
1.231384124037854377e+01 1.026398579874896555e+01 6.803034735787179876e+00
1.371059484224010738e+01 1.155883588115380434e+01 7.373854080507180164e+00
1.538639689385764520e+01 1.288252828535488170e+01 8.413184554753541988e+00
1.652213156383009007e+01 1.379500924858790611e+01 9.092774672446504169e+00
1.307993310223750782e+01 1.106086379481062565e+01 6.981542957803526406e+00
1.627711971344437458e+01 1.360386157860808609e+01 8.937537486123915187e+00
1.345326945729164692e+01 1.117005874800010190e+01 7.498016181412432424e+00
1.216746992347435885e+01 1.022478736224089069e+01 6.595532407289958599e+00
1.356375445331456042e+01 1.126984906630442573e+01 7.547578213740340658e+00
1.200605542612707133e+01 1.003426410764535426e+01 6.592337272413743676e+00
1.525298203136774511e+01 1.279144788208299666e+01 8.308569186639884308e+00
1.421737784011328820e+01 1.191847359406231277e+01 7.751375351264044866e+00
1.464470319651321795e+01 1.206894325502416621e+01 8.295055178898520509e+00
1.583745828024740021e+01 1.314792502565847343e+01 8.829334759665675492e+00
1.600421350819265598e+01 1.332779994154321379e+01 8.860282091108439673e+00
1.547056097634616556e+01 1.300547507455472029e+01 8.378297858633382944e+00
1.323504569252065188e+01 1.115399776213809346e+01 7.124238092970212044e+00
1.348386079548175331e+01 1.131727081945769164e+01 7.330339906919818738e+00
1.338433573160978618e+01 1.133905864272808728e+01 7.110990934688352638e+00
1.666293927992889579e+01 1.395321008607991509e+01 9.108318930533508606e+00
1.376924013641627909e+01 1.153847902098809897e+01 7.513685900842176579e+00
1.483197407917513821e+01 1.254061371317260054e+01 7.919625166780971171e+00
1.516472336544716093e+01 1.267097668587480364e+01 8.331577556294861964e+00
1.266729625969630035e+01 1.064091378964027257e+01 6.872506693511429177e+00
1.284975158326355427e+01 1.066137745241434232e+01 7.172945459763046649e+00
1.435643619764330658e+01 1.203941371056797927e+01 7.820471712294009059e+00
1.665827888554811409e+01 1.390928924586673432e+01 9.166783956411004297e+00
1.438875126664280124e+01 1.203964171249075221e+01 7.879288701917676718e+00
1.467994013464739567e+01 1.228636565396664437e+01 8.034043899174323045e+00
1.340731532314703678e+01 1.120655268071240762e+01 7.359978341592514184e+00
1.323164937384833095e+01 1.121798222752620688e+01 7.016653040828445320e+00
1.271186937301172826e+01 1.063612836021962416e+01 6.961637484201931514e+00
1.399220030075317567e+01 1.174351450215236881e+01 7.607334381643432231e+00
1.469305252546191731e+01 1.224782024684976456e+01 8.116445756415785695e+00
1.341809225411416406e+01 1.120637728298729563e+01 7.379858259564665346e+00
1.419037172154282622e+01 1.165266939176185090e+01 8.098268064336892280e+00
1.492747380612422603e+01 1.258459452184077243e+01 8.028540026267547702e+00
1.435120565748312949e+01 1.212289941124666015e+01 7.680651905155651882e+00
1.551735187702515084e+01 1.290769813417620604e+01 8.612754388254669990e+00
1.403625005948309301e+01 1.157774721876331903e+01 7.935495263104713537e+00
1.320130238847747961e+01 1.117704259761860008e+01 7.024820533155310187e+00
1.649205104142956557e+01 1.384789346482345529e+01 8.956762480942423110e+00
1.381033796453029971e+01 1.167197758399141350e+01 7.381759544536037332e+00
1.430196554774345685e+01 1.202824995916758510e+01 7.737404051012572559e+00
1.354335401598072330e+01 1.142258445576551296e+01 7.276469085558273875e+00
1.399892647399193280e+01 1.174625588084680494e+01 7.615472093436101098e+00
1.394454577158537312e+01 1.176193516131305117e+01 7.490476489310091246e+00
1.396749885262065582e+01 1.169157049114977198e+01 7.641871737240505169e+00
1.438738802538943418e+01 1.214988009464188679e+01 7.705669852708727952e+00
1.497972059649328180e+01 1.254320483956496268e+01 8.189019569015519195e+00
1.433743148629339359e+01 1.189443205659706493e+01 8.005274990601717988e+00
1.293576571050077817e+01 1.080803092038159186e+01 7.107777581005411349e+00
1.329948005087365104e+01 1.123714992726793049e+01 7.113552638147028873e+00
1.514477504666134955e+01 1.256622879032479112e+01 8.453053010787794364e+00
1.223525057556537554e+01 1.016673501094456533e+01 6.807264932710261895e+00
1.372712485785042880e+01 1.142072260646295589e+01 7.615842173341119015e+00
1.568199589752473777e+01 1.320158988259021626e+01 8.464219981892860289e+00
1.410648898739634127e+01 1.183315021730932592e+01 7.679165806656769178e+00
1.591001051885537265e+01 1.335951078584290030e+01 8.640133463843934436e+00
1.233742631067009299e+01 1.026190728713813805e+01 6.848747827259800580e+00
1.625962098869775119e+01 1.365828466342289360e+01 8.821934864246468777e+00
1.364886286141170046e+01 1.146010898730050442e+01 7.413323101606850152e+00
1.398118940118003373e+01 1.174001571317896797e+01 7.592475757352134202e+00
1.421526479406813692e+01 1.177896064061210879e+01 7.958004736891263420e+00
1.578449706724044965e+01 1.315521770952363312e+01 8.722992300853995573e+00
1.442170427011886069e+01 1.223396748699854264e+01 7.636464730608471640e+00
1.485268159876303784e+01 1.254496355302658195e+01 7.951480373331047069e+00
1.564867715440496099e+01 1.310389801036367530e+01 8.553885293641872778e+00
1.254068783727415060e+01 1.045264218258441069e+01 6.929005905237258567e+00
1.469209135226780916e+01 1.222549900261607014e+01 8.148295677036765383e+00
1.425026025113661809e+01 1.201046672059480436e+01 7.669328939262480382e+00
1.439979040909672570e+01 1.215464210750044671e+01 7.721310708972354497e+00
1.400554312009921532e+01 1.169326783691608185e+01 7.708613713444355753e+00
1.386398829069279515e+01 1.168529660854261820e+01 7.460832024301937260e+00
1.483655866726807737e+01 1.244255886854991466e+01 8.081225271575922520e+00
1.429877231949294014e+01 1.205772512858221823e+01 7.685450837020198378e+00
1.531124898755297536e+01 1.288574122625884932e+01 8.269946711360061542e+00
1.535243395610347683e+01 1.293698849195208922e+01 8.266290409586288135e+00
1.461551019323936451e+01 1.206938183766386352e+01 8.242764115595777596e+00
1.445092048165219900e+01 1.215287351521540593e+01 7.819000453396260930e+00
1.459028534743318062e+01 1.207131421338187494e+01 8.195108277584139955e+00
1.272938651907315233e+01 1.058017488161161168e+01 7.077936184120059870e+00
1.376191229161698892e+01 1.136278584349998155e+01 7.763847486711417112e+00
1.424784116076040519e+01 1.200659783560699978e+01 7.670892135616018237e+00
1.407151203937270267e+01 1.161538184281858399e+01 7.942943769140712540e+00
1.276652715229093005e+01 1.071533437859031501e+01 6.940160278061457966e+00
1.496343050790559026e+01 1.240156012821375064e+01 8.372906242829827761e+00
1.277228922945604594e+01 1.071360633287398123e+01 6.953417253773964468e+00
1.471481323754353099e+01 1.244777894964934717e+01 7.847198725433995214e+00
1.325768782525670453e+01 1.119354333627579834e+01 7.104285611578091242e+00
1.614264268159591253e+01 1.358313512606897611e+01 8.722577193274542395e+00
1.506211154438792299e+01 1.268344769752270373e+01 8.123875840988091568e+00
1.534986292554443743e+01 1.285038227268869804e+01 8.395592133898102105e+00
1.322418725833589193e+01 1.114917372662849537e+01 7.111614012092487336e+00
1.510720926571202405e+01 1.272418395866039020e+01 8.143888161325943287e+00
1.314203533968735726e+01 1.111389846964349815e+01 7.013868666866191148e+00
1.228545760293512323e+01 1.029346896405279743e+01 6.706486800076345567e+00
1.432170569903251511e+01 1.206745325294171245e+01 7.712835154323399500e+00
1.583638513937357750e+01 1.333790916797936887e+01 8.537638626066588188e+00
1.514671935689274029e+01 1.272237619721020607e+01 8.219747634394160229e+00
1.546394493117451852e+01 1.290656871759386881e+01 8.517868088461186815e+00
1.279724835529306048e+01 1.077890374987448219e+01 6.898173629156688413e+00
1.597274901544952996e+01 1.337310206350355735e+01 8.734348991748660751e+00
1.460484816040025891e+01 1.226035148996378510e+01 7.936332347557631728e+00
1.361346020300651816e+01 1.148666953873819452e+01 7.306348034871207098e+00
1.364884046851334887e+01 1.149012896522736860e+01 7.366666987001021738e+00
1.562322376619468933e+01 1.314207795501706677e+01 8.448130436543047850e+00
1.547933984670817509e+01 1.308656806867797329e+01 8.267508589275582409e+00
1.302839826321126893e+01 1.079241651163051330e+01 7.298144089036025406e+00
1.295237424455688036e+01 1.069840352364025726e+01 7.301243771880388422e+00
1.315168267159842941e+01 1.093158766563709783e+01 7.312123371696709562e+00
1.508752458265366769e+01 1.269127192442079810e+01 8.158738565034864720e+00
1.487107435988945703e+01 1.240647117206337136e+01 8.199288119960302268e+00
1.233948425052168751e+01 1.028170126644226379e+01 6.822718712984753964e+00
1.570668165427140828e+01 1.325679849947459843e+01 8.423606242753399087e+00
1.284100933747124884e+01 1.080784474683613539e+01 6.934119463443815690e+00
1.391891713449853540e+01 1.174643707043679441e+01 7.467092496233401100e+00
1.449248115406845905e+01 1.207014390406145843e+01 8.021448506116428234e+00
1.240622228441816688e+01 1.032624421769957657e+01 6.876265827236464290e+00
1.379604310330341654e+01 1.151078559840473581e+01 7.604776145013333988e+00
1.469569620800543852e+01 1.232062943463876081e+01 8.010341901086269090e+00
1.327517815300229564e+01 1.118407981227824166e+01 7.151693068535569964e+00
1.479305718204400932e+01 1.243274680793346576e+01 8.016317583594355867e+00
1.547660201394295498e+01 1.290246990766385871e+01 8.547015864020124809e+00
1.485822047292498027e+01 1.228212231806351440e+01 8.361589979553716745e+00
1.593929099509123226e+01 1.325533164635927719e+01 8.851959126160869218e+00
1.476593316524783894e+01 1.246520483376511201e+01 7.915266937560915039e+00
1.426818036832365877e+01 1.186647130219316004e+01 7.922615089554889245e+00
1.604140801762497759e+01 1.344128410230095305e+01 8.755492725663964748e+00
1.535538699119274320e+01 1.271718634964258499e+01 8.605874795612333372e+00
1.330464069442546382e+01 1.120266674427608145e+01 7.177306028340496802e+00
1.547409049242613399e+01 1.303166353534936661e+01 8.344053096022250315e+00
1.534609105884275770e+01 1.286349846501463823e+01 8.368567262492405234e+00
1.526225485318532371e+01 1.287390762363230401e+01 8.197495087022682370e+00
1.402519682412720314e+01 1.163393662160081199e+01 7.833113342731819806e+00
1.342281116982047884e+01 1.130477478253829382e+01 7.236983267684379939e+00
1.292956192268108317e+01 1.074182270286761387e+01 7.196305755914101709e+00
1.280820663536911042e+01 1.071723949965091016e+01 7.013624934471161865e+00
1.335429202597956255e+01 1.121738223567340498e+01 7.246202542983464667e+00
1.588560955955047937e+01 1.330835306436936349e+01 8.674118387050762990e+00
1.416011042243078677e+01 1.172298566772569828e+01 7.942312900517761953e+00
1.527306025658519850e+01 1.279218455393194986e+01 8.344242562355628223e+00
1.305321664947542182e+01 1.088457774096496067e+01 7.205028264971100604e+00
1.455689399872830414e+01 1.211643530019141224e+01 8.068157070018379784e+00
1.488196276781915550e+01 1.244642269266624623e+01 8.158393100251929653e+00
1.379465687486792191e+01 1.142036019557549409e+01 7.737436998041127723e+00
1.596869771294899287e+01 1.338771306989730725e+01 8.704507189131568623e+00
1.283941167887327239e+01 1.073322249097302361e+01 7.046164007377221594e+00
1.277713164701936854e+01 1.066488398682727734e+01 7.036713911534206112e+00
1.564633990619654647e+01 1.313381293626683366e+01 8.503582199014044107e+00
1.284275357497710246e+01 1.075092813519181689e+01 7.025230502946373967e+00
1.543259172031836357e+01 1.286869557218036242e+01 8.518307430269491221e+00
1.380871397489766572e+01 1.149575853235816147e+01 7.650367141925190850e+00
1.278364459068040837e+01 1.063267659236967688e+01 7.097024552790163199e+00
1.479345421906096369e+01 1.228978380008261873e+01 8.234531066106887565e+00
1.422444798467358673e+01 1.182339737562110926e+01 7.908362344179755254e+00
1.398643463254638952e+01 1.163817509751104673e+01 7.757140847642690851e+00
1.390401894871208555e+01 1.172060093667347047e+01 7.479923569756156354e+00
1.557713565088923069e+01 1.305054904553692019e+01 8.504723669599126623e+00
1.491100624932285967e+01 1.231247962936984841e+01 8.410764099872135802e+00
1.537968957400284609e+01 1.298569714108465512e+01 8.240541314301969678e+00
1.375197838320131360e+01 1.154273810862824945e+01 7.475433526402157192e+00
1.404826005670510547e+01 1.182126542981555239e+01 7.590210422555086822e+00
1.297649839570980212e+01 1.072626266971687947e+01 7.303204759151779690e+00
1.411327532595092471e+01 1.185507620737159229e+01 7.657787444393265197e+00
1.325822166948570136e+01 1.106138566123852662e+01 7.309322067782137111e+00
1.344887167466363564e+01 1.111295907963011942e+01 7.574581824499381000e+00
1.417831857295771592e+01 1.197944102763757535e+01 7.584043131577727692e+00
1.355217095358311497e+01 1.145619513568130188e+01 7.239953768383744936e+00
1.309109091010049042e+01 1.087725231411002369e+01 7.284369795095784639e+00
1.316514772603217942e+01 1.093561887462978355e+01 7.330303846164295756e+00
1.479276708237022575e+01 1.252367575882221473e+01 7.872960271787542652e+00
1.560473198586365307e+01 1.313407314515183089e+01 8.426374248064089301e+00
1.536459144853878200e+01 1.284076588009298092e+01 8.437144184684232329e+00
1.530266180376113461e+01 1.286523868502560042e+01 8.285957510005150795e+00
1.282562467248768279e+01 1.077472794042216186e+01 6.957146401320789764e+00
1.630620146273675886e+01 1.357830275472628401e+01 9.028947914588446366e+00
1.287845800403556673e+01 1.075875958759879225e+01 7.078401846318051582e+00
1.322688741445726102e+01 1.092174704535201180e+01 7.460964559095056181e+00
1.494211591095850267e+01 1.254348309363151159e+01 8.119597266878431086e+00
1.381940583277438606e+01 1.157063161198407997e+01 7.556220064997670960e+00
1.389192521188642360e+01 1.152459471288393367e+01 7.756887442551510858e+00
1.531921060160203218e+01 1.268464946645811686e+01 8.589405181345208362e+00
1.447177262545422316e+01 1.192646085484953389e+01 8.197056447322291106e+00
1.268103327277617076e+01 1.053204722663046233e+01 7.062902100502450153e+00
1.374805286097059209e+01 1.156475950892458471e+01 7.434063153402726165e+00
1.471846356306309289e+01 1.236947364550145245e+01 7.976797063387091491e+00
1.356177463661411942e+01 1.135159075323037570e+01 7.420452726450363912e+00
1.563880174754213215e+01 1.312356431731796214e+01 8.505538178630768442e+00
1.413266184715868690e+01 1.189735385740014983e+01 7.627915972134235112e+00
1.549618541346462131e+01 1.287136584446732357e+01 8.629003631147323716e+00
1.438106444305782361e+01 1.205700630007777008e+01 7.838597680406044432e+00
1.330262857169084079e+01 1.112122272122016220e+01 7.299200785112156531e+00
1.371223182289482700e+01 1.141953362633242186e+01 7.590754463284441478e+00
1.451348492983945881e+01 1.221733255017045927e+01 7.834413198652625532e+00
1.399852560637627974e+01 1.180788430839165493e+01 7.518815552466394436e+00
1.389035168131305475e+01 1.164064220613813383e+01 7.578741245037458718e+00
1.262308375263253168e+01 1.044529264508815380e+01 7.087884380013736774e+00
1.457493878948929300e+01 1.230954999974530573e+01 7.804089922670672586e+00
1.453721228106197039e+01 1.229552821292507581e+01 7.755677073590833359e+00
1.396937248083758654e+01 1.169694168142216384e+01 7.637075540401006002e+00
1.415482153644258823e+01 1.197465868150223400e+01 7.547616987504206065e+00
1.352649344121172525e+01 1.141491641542195268e+01 7.257114305567624157e+00
1.507923915449790542e+01 1.268790721672968225e+01 8.148647982223895525e+00
1.477069640519231442e+01 1.249251810923257722e+01 7.881019197087216988e+00
1.548419884009894787e+01 1.303613297844163554e+01 8.355815381404021025e+00
1.575965118975653034e+01 1.319384066275434186e+01 8.619116787040566052e+00
1.504586944724086628e+01 1.246124089460897011e+01 8.431824404596030220e+00
1.353488492453207570e+01 1.143694735735544654e+01 7.238048429335488088e+00
1.404992239966561307e+01 1.159554665713837984e+01 7.933701353009984025e+00
1.313200408272301267e+01 1.106931138504426215e+01 7.065399966709837720e+00
1.378370456409515832e+01 1.161244871005754931e+01 7.425735415872320111e+00
1.421473891219247143e+01 1.199880401408923447e+01 7.621515897331373246e+00
1.290440905654189763e+01 1.070464409810375450e+01 7.206550341980066499e+00
1.279704252181043067e+01 1.075020116716739871e+01 6.942439929193265691e+00
1.476315532894711779e+01 1.247472829706270581e+01 7.895055996070117210e+00
1.350492967232039021e+01 1.136150123548647883e+01 7.300644843461358668e+00
1.583056972338495250e+01 1.318597139218180203e+01 8.759971244902317267e+00
1.283186678321578889e+01 1.060854535707280988e+01 7.219111479200584824e+00
1.315308217755250730e+01 1.101609583418583327e+01 7.186738018147241114e+00
1.330391273128666185e+01 1.123543261288680384e+01 7.124545456586751868e+00
1.466651609960754321e+01 1.209753763706392782e+01 8.291940521968845346e+00
1.289471703225508037e+01 1.067864049359074130e+01 7.227749618696911682e+00
1.502744506133659819e+01 1.269198111884234947e+01 8.045975413238533491e+00
1.353952968366855814e+01 1.139437969523454264e+01 7.313479022720223988e+00
1.589288645296197799e+01 1.322913792474025740e+01 8.807596129191065160e+00
1.292090401465156191e+01 1.074158120550113793e+01 7.181099759888006417e+00
1.593558617339444616e+01 1.339299518085031693e+01 8.635426264834897836e+00
1.431255973448111618e+01 1.211070768488935023e+01 7.627589758518230845e+00
1.435094586618612311e+01 1.214313490438160770e+01 7.648131925391564501e+00
1.577914708855763593e+01 1.313547144361203678e+01 8.743047111641892855e+00
1.491963652372407267e+01 1.261024061046144951e+01 7.973542860379581043e+00
1.482709326090007096e+01 1.253190028783525101e+01 7.924277237905237747e+00
1.352005973132470196e+01 1.141420140968666708e+01 7.246241875461699067e+00
1.491941672556341381e+01 1.245013561332087448e+01 8.220895245710201138e+00
1.315814318989683684e+01 1.095806715084066596e+01 7.284057696332122411e+00
1.391726678699773423e+01 1.175839974727933068e+01 7.445156157103196115e+00
1.396033265529233880e+01 1.169491684581680779e+01 7.623634816532852021e+00
1.466608695144649133e+01 1.235013902239005823e+01 7.910004588812030946e+00
1.451432304366012893e+01 1.198029334668749968e+01 8.193786959827466632e+00
1.247465185036116075e+01 1.044337018219339086e+01 6.822972814352489479e+00
1.274334092295563359e+01 1.063814198179813175e+01 7.015887189356726061e+00
1.539672469185688719e+01 1.275975573461834323e+01 8.616714271096023836e+00
1.314171094462234102e+01 1.101817046543565048e+01 7.162714998281598078e+00
1.543308084026651272e+01 1.290297171821714173e+01 8.467189915260547650e+00
1.471253490395900698e+01 1.225345288722000880e+01 8.143191981090195597e+00
1.418942587466738381e+01 1.200496908648084649e+01 7.564424887942207576e+00
1.531709462038120684e+01 1.286736267242435616e+01 8.309293921026698726e+00
1.371407694482214268e+01 1.154199401947629688e+01 7.406637597646834159e+00
1.550540587256004166e+01 1.288017166622272391e+01 8.632426606780551737e+00
1.406483355123043921e+01 1.179590830377050636e+01 7.660031991633944770e+00
1.298698989018017080e+01 1.089174629088634028e+01 7.073313872761876731e+00
1.622356019301658137e+01 1.347250853401709314e+01 9.038551827437226294e+00
1.599573300409241128e+01 1.329866604434377564e+01 8.888698204980812534e+00
1.530569529896516734e+01 1.277657456219903231e+01 8.427541221574239572e+00
1.381203002279767844e+01 1.167824885935535661e+01 7.375003520652025912e+00
1.560360320228187625e+01 1.312165810059949322e+01 8.443608327322680296e+00
1.381657338284386327e+01 1.152177112188157970e+01 7.625384597414428534e+00
1.297741942184732444e+01 1.087586363170798975e+01 7.080183974659957080e+00
1.525411838192671787e+01 1.270168096278143821e+01 8.447214234855781712e+00
1.378423766309513354e+01 1.146778877123212048e+01 7.648204276239808586e+00
1.573754120791148736e+01 1.313091418120375486e+01 8.674635210576539635e+00
1.398878703417341285e+01 1.156321697860774478e+01 7.872621913511137492e+00
1.402856439160508373e+01 1.173033314681420514e+01 7.694147331196747430e+00
1.423045072419740542e+01 1.195096439736776439e+01 7.725294673127920397e+00
1.499789167225418929e+01 1.241018369283627010e+01 8.421644454780329525e+00
1.519155989490098868e+01 1.259900552641419935e+01 8.488141833508002776e+00
1.442666477351319365e+01 1.219958321539252388e+01 7.700573086338411422e+00
1.547307085744419908e+01 1.292430449355871858e+01 8.507542248926354134e+00
1.373740902170881562e+01 1.145564673582521564e+01 7.581857588592904484e+00
1.370929302901343227e+01 1.157606274539421953e+01 7.344350663608888219e+00
1.383272185833098256e+01 1.161768316449830252e+01 7.508237602745431616e+00
1.436164479430136964e+01 1.206381909739227254e+01 7.792375118221473329e+00
1.569611694569332450e+01 1.319353684915137848e+01 8.502862611083743971e+00
1.454955383546186631e+01 1.200041959139268855e+01 8.226751876744650360e+00
1.483092207388892447e+01 1.229250524208059581e+01 8.297624023489303724e+00
1.482300095923788419e+01 1.252106978594870412e+01 7.933736121964840571e+00
1.368769565865800253e+01 1.145726289983235269e+01 7.488934456127270600e+00
1.287901069756973271e+01 1.066120293543232833e+01 7.225487424225769395e+00
1.408207384446017585e+01 1.188859582659278935e+01 7.547588557463232206e+00
1.309707799382322690e+01 1.093739124319420242e+01 7.204646054428172519e+00
1.345111546055628438e+01 1.110103607954865623e+01 7.596019029318929583e+00
1.482340842860484464e+01 1.223003572283779228e+01 8.376136559258368308e+00
1.490910128356632924e+01 1.244533960312578458e+01 8.209435013842799833e+00
1.306162227372722562e+01 1.095395154796227288e+01 7.114557042179232127e+00
1.362925600717325203e+01 1.149569445907066267e+01 7.321586454639473551e+00
1.543213494860059676e+01 1.294329745625420713e+01 8.403680148050810317e+00
1.411684671946199998e+01 1.176509312909899130e+01 7.801791138220294464e+00
1.304320372979305453e+01 1.080073548615207102e+01 7.312268901993609127e+00
1.615266067382323811e+01 1.344210004841805350e+01 8.956472136505263748e+00
1.499747618168943752e+01 1.254326655573358096e+01 8.221359737425276037e+00
1.537907251127477792e+01 1.294168065955222424e+01 8.308355614272862510e+00
1.606021581271792442e+01 1.331945079228432860e+01 8.973447639730851577e+00
1.349554449069057860e+01 1.125209385217375946e+01 7.451181452768568469e+00
1.311061135088706031e+01 1.084896459564522786e+01 7.361256495765174712e+00
1.379788445460510538e+01 1.154991435734157257e+01 7.548582235142455410e+00
1.315481048237016282e+01 1.100229931061774025e+01 7.210994987285479496e+00
1.283199157694932957e+01 1.076902634192581587e+01 6.977684392246932710e+00
1.362670049244928983e+01 1.142579228603995212e+01 7.425512571343991119e+00
1.487937827845531125e+01 1.249328502016479092e+01 8.081690872477974352e+00
1.619944030401985202e+01 1.354601871106044086e+01 8.884100587178382469e+00
1.361345775161965754e+01 1.130788835457026309e+01 7.580098476649730799e+00
1.609187554873125592e+01 1.336377524137117234e+01 8.964260704261661772e+00
1.382430667567227012e+01 1.142019546943990882e+01 7.790416580826795112e+00
1.523810394865280671e+01 1.282259016711351762e+01 8.232921313615962688e+00
1.457779871484741285e+01 1.213455145169580085e+01 8.078667986540494894e+00
1.442945517957925183e+01 1.210253082285563941e+01 7.857348437056593582e+00
1.397463437519112261e+01 1.179531358459867540e+01 7.494063207716847863e+00
1.419063895193773028e+01 1.199191402185558708e+01 7.587373192131498634e+00
1.398726569527654107e+01 1.172514617283811234e+01 7.626568616084147934e+00
1.423442836090801578e+01 1.190889247047116939e+01 7.797257908301964413e+00
1.365962516784704661e+01 1.141118245713654211e+01 7.508014028757517444e+00
1.550870204088800008e+01 1.285401602330142090e+01 8.677217933517283655e+00
1.358686015916122614e+01 1.134030882590695022e+01 7.483325779201353001e+00
1.327582284537622037e+01 1.114175912699031201e+01 7.218633927409066509e+00
1.280854506547693994e+01 1.069263797370956048e+01 7.051689149242045040e+00
1.393265589606044941e+01 1.162176712646067145e+01 7.684622903978182151e+00
1.570839629198402854e+01 1.319236949070115017e+01 8.527315010414181273e+00
1.538454473043444359e+01 1.282890031420164867e+01 8.491379940328604548e+00
1.470362701468440214e+01 1.239550647010767470e+01 7.908733573491757873e+00
1.488202089149964813e+01 1.253681840756821764e+01 8.018898305296726647e+00
1.551341896525974740e+01 1.283150670229642287e+01 8.718864819493578722e+00
1.595278061399910285e+01 1.337398358215160776e+01 8.696422969400972036e+00
1.589210538592342203e+01 1.318442487623442538e+01 8.872990154408327612e+00
1.279047395704190926e+01 1.073150251596761073e+01 6.959244053454954226e+00
1.366489927424981943e+01 1.128977334731524884e+01 7.698733008855643156e+00
1.284290547964691420e+01 1.068763209908379785e+01 7.121428316972543193e+00
1.321546993811799808e+01 1.111681849956194768e+01 7.145977339251627924e+00
1.294817175055577962e+01 1.077282639724916180e+01 7.183408877171228113e+00
1.387946365929616732e+01 1.167115886621762932e+01 7.511561900778864320e+00
1.450168504727270857e+01 1.223463516067996792e+01 7.785407612665269816e+00
1.395675148848461333e+01 1.162631197198988176e+01 7.721384723045617626e+00
1.401118953954621738e+01 1.182055733458265934e+01 7.522490054026886419e+00
1.265794073545512433e+01 1.057160059387682871e+01 6.961661047899221799e+00
1.460724272486976005e+01 1.214193348165936648e+01 8.120652150549227954e+00
1.402691410771575242e+01 1.183176427821514665e+01 7.534167070750902084e+00
1.439721764213344990e+01 1.189409854263664457e+01 8.112354509820653092e+00
1.440333541328141287e+01 1.196215877153927032e+01 8.022644735495433110e+00
1.312040906104934201e+01 1.091823876472703425e+01 7.275795228404765780e+00
1.443941297711066696e+01 1.213958574231238430e+01 7.818382513576437098e+00
1.551281113597923245e+01 1.281989358184611305e+01 8.734851910061331992e+00
1.418132381837404132e+01 1.169461231060238582e+01 8.021595112338321343e+00
1.429983547151213052e+01 1.207323402056945127e+01 7.663048662045737203e+00
1.505846942201349670e+01 1.268349334160024178e+01 8.117049832746983995e+00
1.450374007150788636e+01 1.219804701199628916e+01 7.846408423921863218e+00
1.409872976931335842e+01 1.187724716405094405e+01 7.596392624934979132e+00
1.471530925748330354e+01 1.241287744231800616e+01 7.903214545067505981e+00
1.520010276205147015e+01 1.275086229085008327e+01 8.273973339134112592e+00
1.292733134812086249e+01 1.079209625271465889e+01 7.116639252923430803e+00
1.306869476681858977e+01 1.094238423886709555e+01 7.145278866304978216e+00
1.472219113922882805e+01 1.222778961057890434e+01 8.199028794888237215e+00
1.312164867291473058e+01 1.103985137931985250e+01 7.092203142743056077e+00
1.381722909056521686e+01 1.141390121058292095e+01 7.787084107431704538e+00
1.421365367363445920e+01 1.199751481273789722e+01 7.621521440772643707e+00
1.384602226509669798e+01 1.148615665208041925e+01 7.731787498982512830e+00
1.308840120251550054e+01 1.092477003611966424e+01 7.208026477192710502e+00
1.371282234747187623e+01 1.154203046721937653e+01 7.404257520312469865e+00
1.313101183366702429e+01 1.093428755340236336e+01 7.270820275279371359e+00
1.321877853084281362e+01 1.103969632806659540e+01 7.270571561544788786e+00
1.483043721201724985e+01 1.241832062257492630e+01 8.107230156749979599e+00
1.382232853449533394e+01 1.159189796660474947e+01 7.528922077385886702e+00
1.492862068872017822e+01 1.231907593370399567e+01 8.432323748962629040e+00
1.483425156707506076e+01 1.249288280512863203e+01 7.998931101877941430e+00
1.371714197209467301e+01 1.146445795479805518e+01 7.531678941993541265e+00
1.344182570200544191e+01 1.114011174340232913e+01 7.522006949451963465e+00
1.403999165811931960e+01 1.162233612841467867e+01 7.876716871781477280e+00
1.319087350406798009e+01 1.108717027084897744e+01 7.146593537170369714e+00
1.426020519177121848e+01 1.175546241652625135e+01 8.072332716449288625e+00
1.547769046800851278e+01 1.289967233143619829e+01 8.553207349588866748e+00
1.299357681997850911e+01 1.086848171539560148e+01 7.121035302453871729e+00
1.443469533445413333e+01 1.212445946282546316e+01 7.833129140567901771e+00
1.363612918463106638e+01 1.143900050817261693e+01 7.422485197962586767e+00
1.500154927081589484e+01 1.262943905217297491e+01 8.095909445650013581e+00
1.316539725311741371e+01 1.106190633281485347e+01 7.138761315271871410e+00
1.468156573831039680e+01 1.231480826671719697e+01 7.993364115459991481e+00
1.399325750489444076e+01 1.165183580164157462e+01 7.748933994419377136e+00
1.390596799238392123e+01 1.155673845028801594e+01 7.734193054019318225e+00
1.503073379010575295e+01 1.253767114801656568e+01 8.290341395456513496e+00
1.519228407455324614e+01 1.274414827224891411e+01 8.269956482162356792e+00
1.326536195985138278e+01 1.109606101295827862e+01 7.269611951306577780e+00
1.500003870104811909e+01 1.245175005850682481e+01 8.363915441551082353e+00
1.399251233784416826e+01 1.163438847613248583e+01 7.773763973208661859e+00
1.494221465793046377e+01 1.238605081890718829e+01 8.357961712948950961e+00
1.541558076288140100e+01 1.278113641282400259e+01 8.618740177874228081e+00
1.316872183093841642e+01 1.093085549465953754e+01 7.343815957355238844e+00
1.512646123342245907e+01 1.268506957384794553e+01 8.240075203107654289e+00
1.473496724148424519e+01 1.233025758271760530e+01 8.067465993200642060e+00
1.497923353851161643e+01 1.250941823057446634e+01 8.239653690164560729e+00
1.505841178505540512e+01 1.257661781341999863e+01 8.281572909988916820e+00
1.410222511693954139e+01 1.174182725322161680e+01 7.810393460277309963e+00
1.396382626790465942e+01 1.176386817311359678e+01 7.523287156943377241e+00
1.518309355352176659e+01 1.255538308553329507e+01 8.537487067662162588e+00
1.303746776274690156e+01 1.090324230996726484e+01 7.148067766522950173e+00
1.494895037395554382e+01 1.250405382789598008e+01 8.192664716199820063e+00
1.459472543893128282e+01 1.231711290834980765e+01 7.829095748600247262e+00
1.451521942262877474e+01 1.214176890023630762e+01 7.954183984565232457e+00
1.502996469754897291e+01 1.266919033186580457e+01 8.086498324029159690e+00
1.453726252160277888e+01 1.220075237813676061e+01 7.904027013452506800e+00
1.435281728406489776e+01 1.210852672220664239e+01 7.706292533206853257e+00
1.288070032240924867e+01 1.071924868418325083e+01 7.142138926284572698e+00
1.435778782168603307e+01 1.210367456855391133e+01 7.723155642034999602e+00
1.359725957039748145e+01 1.140295083899380835e+01 7.406630812201745684e+00
1.272513559410760564e+01 1.062915854259344250e+01 6.996432274012031272e+00
1.388242446819010567e+01 1.148898600531875047e+01 7.792618923352613081e+00
1.343656078599757109e+01 1.115268308373860151e+01 7.493919254268657681e+00
1.270348430950886076e+01 1.060465101493077533e+01 6.994275548866049519e+00
1.385417573877687758e+01 1.165783156444847180e+01 7.485529280943515218e+00
1.309797767777315158e+01 1.098849003343335973e+01 7.128120792507619541e+00
1.376561108666035338e+01 1.140043462000516783e+01 7.715059239187605833e+00
1.526192841757446139e+01 1.284024915905343533e+01 8.249512746616884939e+00
1.309575121446804857e+01 1.090187783445463232e+01 7.255877586747734753e+00
1.476792402640280066e+01 1.232728536533281449e+01 8.132011778843937222e+00
1.331238256164943756e+01 1.110229437919037743e+01 7.345651025301011217e+00
1.337427428331089629e+01 1.123986911971242542e+01 7.248210453413051368e+00
1.347603611426870529e+01 1.133110454457559868e+01 7.294492384873166202e+00
1.484925877277520279e+01 1.232800906537829277e+01 8.277721823351637198e+00
1.373769958523626578e+01 1.153883339153387944e+01 7.455180336961904075e+00
1.323804689097222109e+01 1.105980322345321554e+01 7.275069631699285111e+00
1.488606742237815794e+01 1.234185809997424244e+01 8.323072866657389213e+00
1.385413694115194438e+01 1.151125707011583010e+01 7.708960438989116426e+00
1.498275918565146192e+01 1.240720951087948087e+01 8.399060957533587057e+00
1.510804931418527453e+01 1.270112187065174325e+01 8.181360357954300611e+00
1.507852154811255296e+01 1.253872563868690015e+01 8.375092323946665473e+00
1.353053177387259787e+01 1.133569060961801256e+01 7.387652434081747543e+00
1.310614073014161640e+01 1.086835366079700549e+01 7.324603302713216024e+00
1.538223417727859932e+01 1.274176283858207270e+01 8.617459489313931797e+00
1.359281913146223353e+01 1.135931288907009851e+01 7.465302581198677956e+00
1.388005985735580694e+01 1.169017822640502757e+01 7.483033788422038590e+00
1.323723108388026937e+01 1.107932647494838108e+01 7.243811954320313440e+00
1.383372881611884075e+01 1.164830900552823678e+01 7.462502949389472562e+00
1.451471603509775932e+01 1.204741335596704310e+01 8.095481024002893378e+00
1.480341527656517364e+01 1.240774122482829966e+01 8.073974334126871710e+00
1.555433733340965219e+01 1.306947805639886084e+01 8.433632266989706139e+00
1.464978038075146927e+01 1.232243031680751599e+01 7.922990362967361477e+00
1.404873337908746223e+01 1.180361632791716708e+01 7.618500583449048236e+00
1.485057623258088455e+01 1.248788907812719806e+01 8.036929812564478581e+00
1.400169230910765705e+01 1.157088656303099761e+01 7.884286376356024917e+00
1.349419334513261504e+01 1.124245650383800310e+01 7.463271788909467297e+00
1.583337411507297965e+01 1.315335021487972611e+01 8.813915928382032305e+00
1.441146383009952281e+01 1.197113478000046349e+01 8.023853301583354636e+00
1.356059150458121643e+01 1.133764488981882401e+01 7.439586702666039386e+00
1.492144738420442174e+01 1.243383575327466239e+01 8.249201203763288248e+00
1.381636837441351950e+01 1.149508614245103466e+01 7.665182948574956079e+00
1.462229292336322928e+01 1.225830746531339344e+01 7.971533630518049307e+00
1.463450319121259824e+01 1.208183241935091701e+01 8.258208585663897594e+00
1.521587842288792558e+01 1.263461220969267806e+01 8.478769397193854473e+00
1.338477452032032744e+01 1.111012558058915367e+01 7.464402088804886759e+00
1.416139450654355514e+01 1.175021974424383231e+01 7.904266590389291913e+00
1.465617251640469654e+01 1.220394280758993233e+01 8.115859337105980842e+00
1.554744475645139268e+01 1.301601081939173099e+01 8.503322927208239790e+00
1.312900374837968975e+01 1.094339718748394574e+01 7.253467958289772533e+00
1.497043954229151019e+01 1.247962118159504286e+01 8.268803737741606597e+00
1.328197619860951484e+01 1.108822069919346909e+01 7.311788663959535306e+00
1.350469369492478400e+01 1.130379404651613306e+01 7.389248402083097744e+00
1.569701499436199477e+01 1.302181234033488444e+01 8.765197265682468597e+00
1.541952398304446703e+01 1.284190450276673268e+01 8.535057621686158669e+00
1.531567689642486307e+01 1.281050174295144650e+01 8.394105306077610962e+00
1.325641176910488284e+01 1.104646705723186884e+01 7.328575478601114135e+00
1.409181396112319362e+01 1.181323818267050285e+01 7.682878650245770658e+00
1.398590524450783334e+01 1.167601295088921987e+01 7.699108200241045807e+00
1.433931020813035673e+01 1.200871791900494934e+01 7.836230674677774566e+00
1.419459692219948721e+01 1.184366747268853359e+01 7.823945461216786690e+00
1.423104027653860015e+01 1.196192815036236112e+01 7.709395714193969518e+00
1.403313434356539879e+01 1.176213645157008614e+01 7.653822940152256393e+00
1.411927994523931673e+01 1.171075303728627226e+01 7.887479285026840259e+00
1.394205317621767470e+01 1.166910762650755018e+01 7.629729613129463850e+00
1.358968776030612524e+01 1.135734164778874344e+01 7.462600358991321237e+00
1.405425676817558234e+01 1.170008540154476684e+01 7.786535487774276731e+00
1.372062333564446490e+01 1.137985746336903325e+01 7.665138539650509841e+00
1.437549457402562503e+01 1.205633525058254918e+01 7.829407677046892111e+00
1.366631182634051456e+01 1.133552104748700806e+01 7.633743610886708275e+00
1.353811226235610832e+01 1.138187682836898595e+01 7.330304461070767275e+00
1.448078141632261939e+01 1.212270602717693357e+01 7.920418486794908119e+00
1.583102046479168656e+01 1.318406019883596869e+01 8.763661656529333044e+00
1.552546663323943577e+01 1.294699820329477369e+01 8.568275888632028270e+00
1.319154684278929679e+01 1.104817162446562939e+01 7.207968636298077492e+00
1.371880162255768454e+01 1.138942864811536460e+01 7.647642318295250874e+00
1.589885050859118998e+01 1.326935223496903049e+01 8.757724519465815760e+00
1.564748704649944067e+01 1.307005450682672354e+01 8.603343888218477176e+00
1.357884124376545465e+01 1.132451004162321517e+01 7.492689893526939038e+00
1.436628658296641881e+01 1.206106422475969175e+01 7.805185452642546373e+00
1.460699890890944097e+01 1.209693269017495609e+01 8.187101844624756097e+00
1.368334029964499088e+01 1.143915858324560730e+01 7.508625217924187467e+00
1.370695593032470860e+01 1.153503772752572587e+01 7.404292369998760392e+00
1.443508998136308641e+01 1.208919249387685113e+01 7.888171373394505359e+00
1.396993052881016872e+01 1.175343345783798732e+01 7.550878156344261960e+00
1.460839156693964824e+01 1.208065260377250283e+01 8.213582460777882233e+00
1.318343920533320812e+01 1.099924292756545796e+01 7.267717956904902188e+00
1.464452421887404299e+01 1.215259609174116129e+01 8.171688799029602990e+00
1.558431739851645226e+01 1.306836885831126160e+01 8.490505530345235030e+00
1.388186535512174125e+01 1.168792544768940189e+01 7.489898828888393645e+00
1.522240210508613600e+01 1.270849226247794306e+01 8.379483890041742100e+00
1.469640135107217915e+01 1.231018907937484563e+01 8.027668248117659999e+00
1.479464259741791032e+01 1.229947479565788448e+01 8.222187624732788080e+00
1.377671374125006665e+01 1.151393868776875351e+01 7.564856733782232112e+00
1.513350211919406796e+01 1.261014610001433134e+01 8.367024663997630896e+00
1.417216353901797810e+01 1.173312417255636397e+01 7.948837432483075283e+00
1.389772387377893459e+01 1.163975798042955212e+01 7.593600136222049102e+00
1.516151772344861115e+01 1.274314480491272050e+01 8.214857281747036666e+00
1.315212404659118484e+01 1.094175802888591420e+01 7.297691290691374455e+00
1.507817853625651772e+01 1.254324539008547923e+01 8.367703571191208667e+00
1.422510729490793757e+01 1.188007390818465403e+01 7.824162670069765291e+00
1.434334419015472228e+01 1.205735460452890706e+01 7.768637106847685381e+00
1.474224692687385385e+01 1.229749373236934673e+01 8.130528417960190879e+00
1.565152990763415630e+01 1.308648488727722814e+01 8.585703334301227230e+00
1.312703852624514766e+01 1.094669945799930666e+01 7.244923149748523805e+00
1.496809995569442719e+01 1.243996589476949488e+01 8.324137482083733275e+00
1.353340249171858822e+01 1.132566791752505075e+01 7.408254127984451820e+00
1.295014355106646420e+01 1.080651073749412028e+01 7.136213538961163394e+00
1.419392197480690321e+01 1.196057937221483414e+01 7.642771886420219651e+00
1.461193084535836384e+01 1.221595266661540258e+01 8.017420001256466477e+00
1.371932705371300010e+01 1.134778337515247060e+01 7.710236525383291628e+00
1.375776566204391038e+01 1.137422659924732038e+01 7.739708345970747416e+00
1.447643345287726824e+01 1.215352596339566738e+01 7.865044956810577581e+00
1.492764633062571100e+01 1.250252466215922098e+01 8.156071483523406940e+00
1.449008128523477446e+01 1.219015616075587083e+01 7.833425076497301909e+00
1.569965648177356066e+01 1.303876125294090826e+01 8.744708035978185023e+00
1.351560998094566912e+01 1.122728832090094819e+01 7.524606974214623989e+00
1.320707582592700824e+01 1.098909208710642638e+01 7.325756409605801878e+00
1.443241463195347407e+01 1.211741075136978374e+01 7.839830915983629467e+00
1.447321387854831976e+01 1.196978438680105228e+01 8.136226502974057695e+00
1.459353058136573367e+01 1.217120728142433705e+01 8.051884757114951441e+00
1.353068680248355093e+01 1.129951667299331497e+01 7.443145054588727660e+00
1.441632552809952905e+01 1.213245537704631793e+01 7.786781636601481260e+00
1.339387035382009827e+01 1.108508535092388492e+01 7.517755370965033102e+00
1.511736741965300190e+01 1.265423024056953061e+01 8.270746926332689597e+00
1.386126613529423501e+01 1.164125470936933482e+01 7.524352973182549142e+00
1.376716276652739523e+01 1.147585706549368467e+01 7.605226837670057805e+00
1.574876140802967583e+01 1.316709253079270958e+01 8.640090287293745064e+00
1.541276053824929626e+01 1.282439857910936887e+01 8.549151331772781859e+00
1.400541561928082146e+01 1.169897093255818454e+01 7.699723747508990357e+00
1.485722402304364564e+01 1.246437797303075712e+01 8.085566610716339753e+00
1.359252498060721415e+01 1.131880647809209428e+01 7.526045127417956948e+00
1.406483409412529717e+01 1.178668224350537486e+01 7.674221770701213252e+00
1.378819748979976545e+01 1.144511380042439441e+01 7.689197624788664420e+00
1.527325862961084013e+01 1.279918725637053356e+01 8.333860734578189877e+00
1.424855152853525020e+01 1.191610274857566409e+01 7.812023806076866528e+00
1.447417291789241567e+01 1.214473624618406156e+01 7.874456372834465867e+00
1.369960498745475164e+01 1.152351336700055207e+01 7.408631215876162024e+00
1.336665147282087673e+01 1.111993253494342682e+01 7.417174125916903726e+00
1.425305977131355029e+01 1.196920119745175271e+01 7.738729581756698117e+00
1.389916947509898826e+01 1.166003048582811985e+01 7.565090955638429371e+00
1.418676806728891293e+01 1.182133113290918658e+01 7.843501669609077354e+00
1.372414327557313740e+01 1.149744928906820896e+01 7.494048871855873095e+00
1.547558117386130228e+01 1.294010913274505192e+01 8.488061516118886374e+00
1.346968502160032877e+01 1.127903529991863252e+01 7.363136375506952547e+00
1.376575573077632697e+01 1.158169676816510574e+01 7.440452325609997253e+00
1.414769864570367197e+01 1.190902198694650416e+01 7.637576335727863430e+00
1.322720684445701878e+01 1.107203224428599952e+01 7.236649976856813993e+00
1.504654133163121976e+01 1.263328278670365812e+01 8.173039341375011091e+00
1.564211235624279261e+01 1.309498158086298503e+01 8.555532500211931790e+00
1.454646207584037043e+01 1.206488782201188847e+01 8.126379314684454513e+00
1.559964788105471811e+01 1.296083206142651889e+01 8.681350487590821174e+00
1.446383127943301439e+01 1.216133983756966330e+01 7.829701695150713014e+00
1.456133339348277111e+01 1.206698718562420680e+01 8.149861990128277611e+00
1.411042222646370270e+01 1.176625775164303356e+01 7.788401243578884525e+00
1.361360668023925768e+01 1.135690971219965562e+01 7.506722895724876388e+00
1.493490649123246250e+01 1.240925604484950462e+01 8.310342731513760128e+00
1.408294452217363180e+01 1.178783139766792232e+01 7.705605580016058553e+00
1.468005808341800211e+01 1.227530340042317647e+01 8.051150958719221151e+00
1.374929142507688162e+01 1.137800704176839517e+01 7.719065387024616420e+00
1.492152151561802853e+01 1.253356586716430066e+01 8.097007533311657568e+00
1.351193774548656101e+01 1.131346476493952480e+01 7.387690887576193077e+00
1.542568883333987273e+01 1.285369175477781667e+01 8.528451457104226918e+00
1.378265438345288452e+01 1.157165912650720330e+01 7.487206883320077999e+00
1.425023974249915781e+01 1.198146152165401013e+01 7.714526072535295320e+00
1.544303697822265953e+01 1.293445868110817010e+01 8.437248943669846568e+00
1.366352481313635536e+01 1.145945587110931463e+01 7.441288964775599979e+00
1.420841206677449797e+01 1.181567258560896150e+01 7.891061703532167293e+00
1.364629085045304180e+01 1.145466396799091058e+01 7.417002585652047841e+00
1.441966637901374249e+01 1.211544973224583188e+01 7.819376974381250456e+00
1.343196360724219218e+01 1.127276311919146146e+01 7.303592130238071967e+00
1.370671170813010598e+01 1.139170358227197255e+01 7.622534705952005218e+00
1.565939785006052887e+01 1.304060701896163543e+01 8.669446902974192071e+00
1.429772522171972327e+01 1.186869853903449901e+01 7.972386186413743303e+00
1.319702284774693091e+01 1.101428579866533930e+01 7.269588735910271993e+00
1.443138880839861038e+01 1.196343329558537327e+01 8.071012744461006250e+00
1.479112646804555631e+01 1.233310978411843273e+01 8.165281700382417185e+00
1.451868068547321222e+01 1.212789256159647167e+01 7.981623322426703915e+00
1.442091004131152410e+01 1.196097607909845628e+01 8.055910727834195484e+00
1.505712513309496181e+01 1.247379596872298713e+01 8.433352323029682296e+00
1.447419581218955109e+01 1.201821727348820623e+01 8.066275347199304946e+00
1.381712959458950962e+01 1.153353914212318898e+01 7.608583645514685578e+00
1.332024860622742501e+01 1.115629692581582333e+01 7.277778633260018282e+00
1.522002332162779581e+01 1.271562392342953984e+01 8.364330107593817232e+00
1.384414058250934509e+01 1.149951245854213688e+01 7.708530449062023671e+00
1.439063685072537702e+01 1.190929401884788064e+01 8.078313248574191974e+00
1.440965863430148097e+01 1.196540334992142007e+01 8.029158401151923030e+00
1.419851397571039797e+01 1.188716135712359723e+01 7.764869218998538436e+00
1.456492922808204682e+01 1.217746751634107838e+01 7.990397255925173248e+00
1.562416339866326886e+01 1.300900484054436745e+01 8.653338949031301297e+00
1.488898196061187740e+01 1.248428098842370026e+01 8.113230677449548622e+00
1.376909162620363958e+01 1.144247338348995591e+01 7.658830660023443926e+00
1.467824830668762282e+01 1.218411237794321700e+01 8.185253747711731975e+00
1.523138887230233607e+01 1.277353405496120331e+01 8.296507381184074603e+00
1.522673145274194439e+01 1.276956618871497540e+01 8.294065956209180968e+00
1.377693875612500030e+01 1.151747127374765434e+01 7.559887363474183886e+00
1.556932069842147115e+01 1.294760525263547457e+01 8.646575347050502458e+00
1.382183611875410634e+01 1.145441880738379226e+01 7.735595870955775055e+00
1.505072639094636777e+01 1.261692683369087042e+01 8.205944319115303642e+00
1.445629494396638925e+01 1.209166946034089385e+01 7.923130263273952423e+00
1.347254590416637399e+01 1.123469092636380395e+01 7.435806138472744742e+00
1.386857327995561917e+01 1.157096798654788472e+01 7.645261583214989720e+00
1.536709780790693536e+01 1.277164206028790794e+01 8.545926171086605905e+00
1.322594868735761509e+01 1.101905391203825424e+01 7.314791149732920772e+00
1.423110254322781287e+01 1.177266746483383741e+01 7.995535026394916756e+00
1.478550799869214849e+01 1.241351584637556371e+01 8.032177233550831019e+00
1.523029358688207147e+01 1.266313471944059899e+01 8.462083775283675280e+00
1.457374830818137212e+01 1.215788399105337625e+01 8.036168030243482363e+00
1.413410759951006668e+01 1.181745417214071026e+01 7.753758735212384678e+00
1.331101672677334591e+01 1.112890419043311319e+01 7.302784251270202809e+00
1.492043513589260861e+01 1.238079985528449711e+01 8.326774861119163873e+00
1.362835874090605692e+01 1.137739158087106439e+01 7.502474444232031914e+00
1.446481353277329518e+01 1.216577362934457973e+01 7.824626670803245254e+00
1.491718155371421695e+01 1.235694327882048960e+01 8.356330433299346439e+00
1.384893878041197368e+01 1.156864386775255227e+01 7.613119229639710994e+00
1.503331973273345312e+01 1.257246543262900929e+01 8.242197227192617603e+00
1.520536134905096226e+01 1.260094856351998160e+01 8.509941777399927076e+00
1.550913217174411507e+01 1.291576156095349148e+01 8.585818774073008086e+00
1.400517176929538010e+01 1.160789579997253718e+01 7.835916754563450937e+00
1.344575018840962599e+01 1.121373976890016877e+01 7.418910871853380051e+00
1.475198158515693692e+01 1.227085476243612128e+01 8.188228385188587310e+00
1.483118101730804206e+01 1.235162742805694158e+01 8.209825226314496405e+00
1.423855077052863294e+01 1.177700438036510988e+01 8.002405630170377648e+00
1.447158432899705893e+01 1.214499837462008180e+01 7.869292691960874997e+00
1.490507137187528031e+01 1.248674179291286812e+01 8.138945386093897838e+00
1.401375575103792492e+01 1.169136384520465022e+01 7.726406777331235709e+00
1.417073447102288597e+01 1.176176270285195713e+01 7.903837901300665436e+00
1.419810017379652578e+01 1.187688225283435095e+01 7.779827536486227935e+00
1.462074141938721539e+01 1.223387814589492528e+01 8.006141715207107268e+00
1.479394838512129873e+01 1.231686002971206761e+01 8.194868383940912437e+00
1.388143687955638583e+01 1.153740619996476902e+01 7.718973248957573752e+00
1.451489968675331887e+01 1.201876725746063990e+01 8.138276631296312402e+00
1.344032330809359621e+01 1.121416247689120738e+01 7.408431046312657919e+00
1.430208777352542171e+01 1.197572743031659570e+01 7.818674260793068598e+00
1.503518536326637012e+01 1.257788162729013592e+01 8.237335289865074017e+00
1.449862599820256293e+01 1.201074147080993626e+01 8.121098765384006768e+00
1.444431586779881016e+01 1.198279666211930206e+01 8.065410407601525833e+00
1.334498596497607714e+01 1.116428568710949598e+01 7.310771197487341944e+00
1.367913763145993045e+01 1.133964166121653605e+01 7.650577320413503912e+00
1.401269298613257774e+01 1.162169404289779528e+01 7.828907477859412545e+00
1.485501631854640792e+01 1.230004687512038863e+01 8.329487180740555274e+00
1.511413578187866769e+01 1.266285941491729261e+01 8.251611471167651146e+00
1.385263107001570049e+01 1.152447367669960876e+01 7.686474747049009792e+00
1.396995309384606720e+01 1.173221833917883217e+01 7.583840866348345422e+00
1.326083350705006048e+01 1.104452884630238785e+01 7.339488256336136551e+00
1.427578480184415000e+01 1.182447550684508464e+01 7.998738069007204743e+00
1.434429310318796169e+01 1.194786447309113520e+01 7.937712464105285193e+00
1.493130321082122869e+01 1.248294274482124600e+01 8.192676974163875414e+00
1.366217539102686018e+01 1.139109629622885222e+01 7.543073749156990360e+00
1.396408029575281162e+01 1.157759009852521537e+01 7.807364857412700587e+00
1.470213537670981019e+01 1.229329401910688269e+01 8.063975867702797728e+00
1.515334799858197279e+01 1.267644163772714450e+01 8.302516664929125767e+00
1.401578546508204326e+01 1.169718450481259708e+01 7.721276893336822766e+00
1.454989820465622152e+01 1.204384270542907309e+01 8.163662820863024194e+00
1.342625574558976354e+01 1.121189450679327315e+01 7.386322827667429536e+00
1.458067402859526140e+01 1.211258454636721282e+01 8.116732762340927110e+00
1.496181261267813767e+01 1.241845149149229854e+01 8.344932546782347416e+00
1.498172408298207259e+01 1.248627487051555640e+01 8.279190561675504156e+00
1.490234520507434368e+01 1.245034681081043360e+01 8.189551691133328148e+00
1.453113745975721827e+01 1.216547112290631993e+01 7.947028893372158009e+00
1.517745607076730074e+01 1.265744858170189069e+01 8.375211530561122331e+00
1.439726254347610990e+01 1.208386565038567362e+01 7.826963631524640697e+00
1.373340408713926131e+01 1.151716979326858059e+01 7.480721073110206731e+00
1.421158652913962683e+01 1.191391051598574080e+01 7.747769220382555666e+00
1.492289490588853518e+01 1.251766040653802925e+01 8.124098123409401850e+00
1.512382280108178456e+01 1.266222511190493449e+01 8.270312650315304381e+00
1.380569055859339400e+01 1.143912945703456785e+01 7.729386072958111420e+00
1.511697930139844637e+01 1.266908680132840281e+01 8.247260322029099200e+00
1.445359090504424771e+01 1.202515186549076276e+01 8.018853575309991655e+00
1.406619395866169064e+01 1.176824679216183078e+01 7.704945160185334707e+00
1.376380510793965151e+01 1.143912012442544324e+01 7.654336145500173494e+00
1.477643066262421812e+01 1.227062565150096418e+01 8.232536015594934753e+00
1.501873743131499772e+01 1.256462595866641685e+01 8.227554226475096044e+00
1.496541860679569957e+01 1.242925386820057554e+01 8.335310573484825625e+00
1.499524149889256108e+01 1.255304994671172736e+01 8.202329220743967753e+00
1.435382310135500283e+01 1.203708689351267225e+01 7.819256789683915798e+00
1.503750990822635636e+01 1.249291759419763004e+01 8.369809688672326331e+00
1.413234820325109986e+01 1.175316590065980371e+01 7.847697563585270153e+00
1.416402046158357386e+01 1.187400377088560965e+01 7.721885138044496166e+00
1.427278660401703725e+01 1.185517399700386854e+01 7.947785033867705629e+00
1.444901835514169974e+01 1.212885084575831662e+01 7.852713453868636506e+00
1.359700250386385534e+01 1.130629231258635059e+01 7.552895552861216721e+00
1.389145013177340360e+01 1.159836993392896431e+01 7.645273156616441135e+00
1.422331159991498417e+01 1.188537306743223354e+01 7.812841987153754886e+00
1.503118785838506177e+01 1.248364828475268595e+01 8.372283675118385560e+00
1.392826240271053884e+01 1.158664256619830724e+01 7.729567103138534456e+00
1.464687477961594730e+01 1.218836740143959751e+01 8.122477509804150841e+00
1.452526002162599106e+01 1.218248738160717970e+01 7.910131471273287751e+00
1.502263874401951149e+01 1.253000041983288426e+01 8.287265188969390906e+00
1.388007765999695309e+01 1.162389014854642078e+01 7.585626781095412774e+00
1.371761857211953206e+01 1.145888129614309747e+01 7.541027697274462760e+00
1.416850447929527768e+01 1.188921082773735982e+01 7.706697416755316610e+00
1.424056552882600002e+01 1.189840932481330427e+01 7.824420880805373457e+00
1.531943470559670040e+01 1.277592214464398879e+01 8.453454504108721679e+00
1.401065572522741931e+01 1.174244625595333780e+01 7.642867902619754794e+00
1.382349811839716658e+01 1.147908329339826494e+01 7.701931379371986353e+00
1.389850933226325758e+01 1.164941441665293453e+01 7.580218031698535697e+00
1.460760048648951148e+01 1.225162540309811909e+01 7.954851787120201578e+00
1.366443755175870756e+01 1.142273806402161540e+01 7.499193871788170540e+00
1.395241612032144118e+01 1.162186936804233639e+01 7.720237560254531672e+00
1.518457519376513254e+01 1.261991437109089453e+01 8.444470680950992403e+00
1.473185454685116014e+01 1.234838207852920888e+01 8.033990193685692560e+00
1.474653941244828204e+01 1.229868889922602371e+01 8.136502688682965001e+00
1.399990660005976650e+01 1.172407015625214832e+01 7.651376593899605894e+00
1.366561538428405242e+01 1.140968023049476976e+01 7.521186134449656890e+00
1.449448942189218492e+01 1.205262440967637794e+01 8.051364383793444546e+00
1.421943990111173228e+01 1.189289008557276439e+01 7.794333615763023637e+00
1.509393330840893732e+01 1.253652526950667934e+01 8.406090463807609936e+00
1.415466700318734716e+01 1.186847128770531690e+01 7.713234552639712582e+00
1.393051312955804732e+01 1.161156809907281229e+01 7.696147239585775068e+00
1.361058921225100349e+01 1.135469971869785866e+01 7.504594126456550995e+00
1.412226700473707197e+01 1.172772463947283050e+01 7.867585406831453909e+00
1.385001016250926220e+01 1.157932730127544474e+01 7.598813114661194135e+00
1.425743825710633672e+01 1.190804686533153500e+01 7.840469724976124155e+00
1.464427676165528780e+01 1.216847779053160572e+01 8.147575721237338087e+00
1.359847787308372702e+01 1.131427483002724621e+01 7.543592349495010119e+00
1.386160515896957612e+01 1.161174714611210490e+01 7.570431017975750798e+00
1.407149511563171451e+01 1.174805221325262217e+01 7.745336918684516014e+00
1.457383734325001790e+01 1.213197491721104448e+01 8.075389743886720595e+00
1.497913314381942307e+01 1.245496112125509214e+01 8.321560743532048221e+00
1.397266126921610763e+01 1.159592790964220832e+01 7.795493496798822974e+00
1.475021660110143351e+01 1.227616305706558109e+01 8.177084466712237543e+00
1.478976440012903915e+01 1.237257398943161668e+01 8.102872570105274619e+00
1.511978905826717501e+01 1.261869399982496276e+01 8.329260645776267680e+00
1.442230726768732119e+01 1.197933597803754857e+01 8.031093104234422242e+00
1.477230074009992578e+01 1.237381791267082498e+01 8.069045756471046715e+00
1.395473838645433062e+01 1.159099518726506517e+01 7.770685555546571699e+00
1.501214000702413465e+01 1.252146036307704158e+01 8.281145933165598549e+00
1.367733347331093086e+01 1.137359959635581674e+01 7.596754778319914969e+00
1.510028163201583240e+01 1.256685204917350696e+01 8.372140403766433536e+00
1.368141026926845605e+01 1.142552361908868441e+01 7.525848589075585515e+00
1.416765241371319028e+01 1.180734532904201828e+01 7.830004546393498188e+00
1.472716880970599895e+01 1.224507873117362422e+01 8.182148129735645981e+00
1.372915336540395259e+01 1.146921339685872709e+01 7.546310104156798815e+00
1.400190290455870290e+01 1.170479305587227259e+01 7.684471645330839706e+00
1.491331592423497732e+01 1.239089049362135420e+01 8.298965274726997521e+00
1.439947455041406243e+01 1.201891880622234687e+01 7.930350437241538764e+00
1.397425421281487878e+01 1.167160053504759709e+01 7.684628927583364799e+00
1.401352175018223178e+01 1.163607052092883620e+01 7.809011120161208019e+00
1.485405532789658345e+01 1.235420616295962404e+01 8.247214667225735596e+00
1.471139241340570258e+01 1.225443046747998288e+01 8.139656052862996205e+00
1.506638901205368342e+01 1.256878657534933197e+01 8.307928856571317411e+00
1.377301281868712124e+01 1.147957869675082421e+01 7.610200723293993441e+00
1.432115586443843291e+01 1.189479315160917849e+01 7.975550211362894437e+00
1.505602961211994817e+01 1.253982174347793688e+01 8.332880553735947160e+00
1.449209639602239719e+01 1.208919773913275364e+01 7.992005754236723547e+00
1.414745116048753282e+01 1.185236571666731109e+01 7.724752504562812483e+00
1.428640004429205668e+01 1.188380365680598949e+01 7.929466367419226280e+00
1.373950890452845819e+01 1.144541890543928098e+01 7.601084857875872736e+00
1.392246790666459155e+01 1.164784402475293845e+01 7.626456725579238594e+00
1.417311534492174374e+01 1.178566502858633491e+01 7.872439165494595770e+00
1.417359178306909406e+01 1.185746942289510386e+01 7.764735856305184036e+00
1.481214095351066717e+01 1.236316762388359081e+01 8.157916764127005393e+00
1.503144375209775774e+01 1.254458365171559642e+01 8.281166722001707114e+00
1.437739293707187116e+01 1.195424387503026864e+01 7.987833313437722182e+00
1.416711146724340153e+01 1.182591872389027898e+01 7.800941844498058941e+00
1.433675634230707985e+01 1.193396962654036386e+01 7.944995366360782185e+00
1.464105539689470881e+01 1.223439607150667818e+01 8.042391180516007765e+00
1.460580435548009248e+01 1.219011582708750119e+01 8.045532735173727801e+00
1.454920174171501657e+01 1.215341463037907488e+01 7.998361341125513668e+00
1.483575145579866827e+01 1.236720729485640291e+01 8.194614388992496501e+00
1.447146949972052532e+01 1.202117193646278537e+01 8.056975533991709071e+00
1.430406923513108985e+01 1.189481395187961787e+01 7.944796896937876163e+00
1.436536939301422322e+01 1.199269801119103818e+01 7.908162378841518958e+00
1.444373593423291346e+01 1.200195548822210334e+01 8.035830523137382997e+00
1.440327372284540175e+01 1.196766615869731609e+01 8.014315981366088693e+00
1.446173513414009015e+01 1.207195870512252256e+01 7.963014260431687141e+00
1.408851404830051912e+01 1.174249946741842088e+01 7.784595965548833263e+00
