Mf	af	A2220	phi2220	logL
8.36756775726957897632e+01	6.70298068136249147742e-01	6.84085565673164719414e+00	4.97656159683322663057e+00        1.923831e+04
9.15414397868675422387e+01	6.92947873067247810397e-01	6.95382701461900332163e+00	4.17866393393290280756e+00        1.924632e+04
8.54863651908795674217e+01	7.83795528981142353153e-01	4.17125832871862023410e+00	3.87224316868267326441e+00        1.943901e+04
8.38689967146166281964e+01	3.64005123550408371536e-01	5.65428498896997488998e+00	5.44674342530311594857e+00        1.945129e+04
9.14454312800432376207e+01	5.68456542129657238505e-01	5.52158623153920835591e+00	6.16966225872286511134e+00        1.947521e+04
6.81726872086912152326e+01	2.97780005558324845083e-01	4.10770574341262140194e+00	4.70397686366705602978e+00        1.950056e+04
5.01588906604497779540e+01	6.70205132259514502202e-01	4.29052367373224630143e+00	3.23898226816611556345e+00        1.952948e+04
8.71305280338312542199e+01	3.80382439373371572522e-01	4.40159690870985720323e+00	5.97854121710808694701e+00        1.954389e+04
5.12454780050382225909e+01	4.24197477461040306501e-01	3.46532283966986653923e+00	4.04249111251198822714e+00        1.954407e+04
6.75547150619074443512e+01	4.31645952308533198405e-01	6.50132289058922463454e+00	2.85648361943981488054e+00        1.956522e+04
7.48925825907506350632e+01	6.28047984947396442656e-01	2.69112468013386729737e+00	5.11760960601339576215e+00        1.956881e+04
9.96221931671397840091e+01	3.50673885217791136970e-01	6.86605800421386014420e+00	1.66364452881941371487e+00        1.957248e+04
7.63472957723750766945e+01	2.44898316801986926095e-01	6.50614555119731008404e+00	8.89117520798200500209e-01        1.958650e+04
9.42053038998507474844e+01	9.03237107318513587906e-01	1.76243090209433495019e+00	3.69444420770373982421e+00        1.959021e+04
5.99570571873872424362e+01	8.49587867100355720318e-01	4.96105642516629075089e+00	4.71629341933732426639e+00        1.959454e+04
8.11612710665137058186e+01	6.26070940793862718010e-01	4.09255668570031705400e+00	3.23894443501881390546e+00        1.959747e+04
6.87278784318916109441e+01	6.80704030135219406716e-01	6.68044787493178304771e+00	6.09784134076187456230e+00        1.960734e+04
7.87755916605730561741e+01	9.23616629692068813462e-01	1.34413305180284758933e+00	3.60370904946658932033e+00        1.961195e+04
5.81571538351269694544e+01	5.74948814401639918259e-01	1.71799196464265979678e+00	3.37918321198679771911e+00        1.961611e+04
6.92919706215885042866e+01	9.17642124287755267531e-01	5.58984339849625033736e+00	1.39982019280290259644e+00        1.962772e+04
8.64693243955688188862e+01	5.10921180971080635125e-01	1.87002448976898771882e+00	5.58573341612767748643e+00        1.962823e+04
5.02168227239292903619e+01	7.57885736800053666506e-01	1.95100480242066809389e+00	3.10671089207413508859e+00        1.962877e+04
9.34004457855430558766e+01	3.33294224930462124057e-01	5.32020135278756445274e+00	3.10896505887264673618e+00        1.963628e+04
5.54563606933965473900e+01	9.59963758712711001664e-01	2.93009350773444676719e+00	1.32757951346870806120e+00        1.964839e+04
5.90064917843739138448e+01	8.40279715224355516767e-01	1.62067037313810491383e+00	2.33675927691473406256e+00        1.965278e+04
6.54371504468275873023e+01	5.36909443465309332844e-01	5.33173115955469523186e+00	1.25445745583965262426e-02        1.966014e+04
5.08992382958029523365e+01	4.51610578218892888547e-01	2.36455642977211644151e+00	5.06411581758671047737e+00        1.966039e+04
8.55293242690049169141e+01	8.78142172940395426828e-01	1.20627106262392636005e+00	5.61302999462386331686e+00        1.966354e+04
9.84037231027321439569e+01	7.24722450179749566601e-01	1.58646567785055592203e+00	3.16715439215895733227e-01        1.966556e+04
8.16550374176108704205e+01	2.25077905532246214104e-01	2.48833773211357112132e+00	7.08236491205212592703e-01        1.967035e+04
6.02257805354499495820e+01	4.97637037022097161731e-01	1.64353001965918377181e+00	5.58650789961115279425e+00        1.967263e+04
8.83443156524524795259e+01	3.43476431828095007948e-01	4.67530664743659229998e-01	5.37182948924009640024e+00        1.967301e+04
6.37341756654314934849e+01	3.14679931591803463409e-01	3.28618269122794293136e-01	4.16762377052819221745e+00        1.967308e+04
5.12055221608135440192e+01	7.80281962701661724324e-01	1.00861053244267351303e+00	2.04308923656440821759e+00        1.967351e+04
8.22653823495937075450e+01	7.14799516753858776852e-01	3.59603211821230839274e-01	3.55156311973500660173e+00        1.967690e+04
9.43316409404087323765e+01	5.06686916487613769888e-01	5.58620992838052998763e+00	2.55365002714480082702e+00        1.967750e+04
8.64278891301827769666e+01	2.82071705966563779366e-01	1.68745542590600206001e-01	5.62271400498810169921e+00        1.968043e+04
6.02569025053234739175e+01	7.53607222855013803020e-01	2.32423285834929060911e+00	5.20748610958568569629e+00        1.968104e+04
9.43669408540616956316e+01	2.52206016753163952959e-01	3.53762588074712891473e-01	4.35920109122414800584e-01        1.968182e+04
8.45731776714607690337e+01	3.93554806924947431224e-01	2.42654302506614016899e-01	4.09380773532513619895e-01        1.968366e+04
7.11759886772425289791e+01	4.30348616088994273543e-01	9.81723487002655881284e-03	2.23006968565273744343e-01        1.968390e+04
6.66292476074518447149e+01	9.45668025721629557090e-01	5.40526623890689794649e+00	2.25674221168836230955e-01        1.968420e+04
9.07211702240634849659e+01	7.85768176936432416468e-01	2.51967362090824487098e-01	2.24400855501569518324e-01        1.968469e+04
7.57956507335535007996e+01	6.90001961614775227716e-01	1.27148718639951407994e+00	2.70622633706155646394e+00        1.968590e+04
7.82895980181775001938e+01	7.65278345379913682578e-01	4.48624244991991893983e+00	2.96372560951282726371e-01        1.968851e+04
8.12589473097858956407e+01	4.10705717301568018485e-01	6.06105616221322396342e+00	2.51678998298850720161e+00        1.969047e+04
7.30302730686735657173e+01	5.78329220853120329338e-01	2.65565635297328128672e-01	6.89899045063707361258e-01        1.969089e+04
9.59654474221761404351e+01	9.40415779682859165334e-01	7.50534153069494780475e-01	2.31825263983353302422e+00        1.969402e+04
6.39361383540888041921e+01	5.51881157087354523583e-01	4.09456197890378015281e-01	2.73910989119965031513e-01        1.969491e+04
6.13369203649642145137e+01	9.46013586335088252355e-01	4.19769291944100153557e+00	6.18977101900827175740e+00        1.969491e+04
9.96197848223105211218e+01	2.32470739483955912696e-01	2.99314057387520948694e+00	2.00481585679224805219e+00        1.969674e+04
5.56179000354601100753e+01	7.00033583401117875944e-01	8.38317075751603857370e-01	1.05910779166723134637e+00        1.970054e+04
6.57130287805842243642e+01	5.47244672955670030667e-01	5.17216505928743242038e-01	7.30474793949922318603e-01        1.970135e+04
5.74778982189226823607e+01	2.91742983593358595762e-01	3.07993412982942293965e+00	2.30181219634919331796e+00        1.970219e+04
6.64228130211154308427e+01	9.58500769999620416684e-01	1.95217775100317214587e+00	5.64413319435451299455e+00        1.970296e+04
9.17267686687564065551e+01	5.48468824783064023975e-01	1.40690412959191712972e+00	2.67105349123110835663e+00        1.970351e+04
8.97536274982383588394e+01	5.02971588075381892402e-01	3.84382588365107746853e+00	1.61105951346983800043e+00        1.970649e+04
6.69127541978695461466e+01	3.51950154364308764876e-01	3.20461729803617201284e+00	6.08381249601128271109e-01        1.970757e+04
5.75814138914859938723e+01	4.73327765996782501290e-01	7.12943006827121639191e-01	5.95737484034348785400e-01        1.970772e+04
8.27371716685576785721e+01	4.83236115211308825401e-01	6.20654728264521082792e+00	2.18342182127784978363e+00        1.971159e+04
5.01487589266680160449e+01	2.57822118829445445787e-01	5.99395482945206126146e+00	6.11922556153883245855e+00        1.971250e+04
9.62658269641251109761e+01	8.15474343212940988579e-01	1.05117858390878349262e+00	2.21999448567155699408e+00        1.971262e+04
7.46991849127629023997e+01	6.36830862463688585073e-01	8.40265703362828020317e-01	1.47240534559011670979e+00        1.971361e+04
6.05655548305837712064e+01	8.90519382021982552899e-01	2.05968298155903983826e+00	6.51958057041670091536e-01        1.971442e+04
7.78304763930986496234e+01	7.11950630745624590823e-01	8.81643562147770509796e-01	1.44190889619443662895e+00        1.971669e+04
7.89758497085642829916e+01	2.10172895044498625472e-01	2.63247619590014192426e+00	2.43213134710548795070e+00        1.971780e+04
7.03991199897450030676e+01	6.33446390410135840021e-01	5.43016821851523978637e+00	5.41325221204529971608e-01        1.971871e+04
6.87276467670101141039e+01	8.89005910973869495351e-01	6.68254044345883269074e+00	6.09659370449839332906e+00        1.971932e+04
6.46996007211361785494e+01	4.25140176063972585752e-01	3.54723074661972193056e+00	4.80695953616717908119e-01        1.971978e+04
5.32280215777501055641e+01	2.26196050913089752310e-01	3.17583019237577435234e+00	5.25929057194596261127e-02        1.971982e+04
7.81238255239127710183e+01	6.08746248671428125121e-01	4.55049689091218212411e+00	1.05279815442168001027e+00        1.972059e+04
8.61047727207562587637e+01	4.42081119825969426351e-01	3.76436535555850149137e+00	2.37172226725122436974e+00        1.972066e+04
5.69837956984241174041e+01	7.52445784078694779318e-01	2.72306960270200493213e+00	1.03745045541922475962e+00        1.972114e+04
5.53373645651019856473e+01	3.74414881507908303693e-01	2.43717536312960980638e+00	1.80057850711075917438e+00        1.972253e+04
5.90088992659663560403e+01	3.71331775243804840247e-01	2.78561301478314815583e+00	2.40714403454093783807e-01        1.972325e+04
9.43962770885224813355e+01	7.64433233391230482212e-01	3.08901272560331241479e+00	1.43384504828822501032e+00        1.972387e+04
9.41889221416150377308e+01	7.48346613543978578242e-01	4.42581367113089019227e+00	2.15290079024165725841e+00        1.972434e+04
5.17830555363538138636e+01	7.42237153618755418627e-01	3.05915901385533306467e+00	7.29447207489459792384e-01        1.972440e+04
6.18845404514623709247e+01	6.51976342112697837550e-01	3.61363084283181912326e+00	6.06401696502193221505e+00        1.972552e+04
7.92628546773598685604e+01	5.01539222430613662596e-01	3.25018055737259681237e+00	1.33579826815977398269e+00        1.972710e+04
5.25944854901123051150e+01	3.22590088110618788964e-01	1.48247616355027655999e+00	7.13909768485773033042e-01        1.972830e+04
9.36300515391342145222e+01	8.14138108565128804095e-01	2.93193617168121534178e+00	2.28676122985817942279e+00        1.972942e+04
8.23753234399136573529e+01	5.94809258420552655622e-01	5.02365137606357770039e+00	1.55255491507287035624e+00        1.972952e+04
7.58083699699429303109e+01	3.26616571012956879994e-01	5.61548902035656105625e+00	1.81700914121172085736e+00        1.972973e+04
5.88455881284600721415e+01	6.51918269314932241620e-01	6.36493759781902035400e+00	6.11647916917184719665e+00        1.973058e+04
5.54340070266913826913e+01	8.18501984834158702320e-01	5.45940748509634854457e+00	6.16770597031937839461e+00        1.973231e+04
6.11205716056401300307e+01	8.72100782634118609771e-01	5.04454222002066732244e+00	1.53666499815525797734e-01        1.973527e+04
7.20832620985848535611e+01	3.67290722336577668550e-01	2.76563602687129606039e+00	1.40515445783609904673e+00        1.973552e+04
7.78962318831129749697e+01	9.49919496335003055165e-01	4.10924008983578836762e+00	6.14977226207518334888e+00        1.973813e+04
7.80928761146905259238e+01	9.45616722758320205067e-01	3.33983725199760828062e+00	5.50590109584798259590e-01        1.973843e+04
7.42280786553623386226e+01	5.09510171377802745241e-01	3.88921561005959448565e+00	1.21300033450576005833e+00        1.974021e+04
6.00491181616184945824e+01	2.27216365743864445736e-01	3.45445255633863279598e+00	8.25599693679853197104e-01        1.974047e+04
6.17599070741046176636e+01	8.48395536962544882797e-01	4.93281124958490035937e+00	6.10766729990835699482e+00        1.974136e+04
6.14342840180565232799e+01	5.52710535511718559221e-01	1.83231971824208228483e+00	9.84389846932400058854e-01        1.974254e+04
6.16675426862720925669e+01	6.78873178730275417259e-01	2.47549915038420120794e+00	1.16233219021125666615e+00        1.974340e+04
7.17761122808465614753e+01	3.20646634223196946856e-01	3.49246872455253987155e+00	1.65939227233481356727e+00        1.974409e+04
9.35291522467601907920e+01	8.91932293945774223864e-01	3.80188579738700926924e+00	1.05791772362667568785e+00        1.974439e+04
8.24708532124982554024e+01	9.01370733995909501068e-01	1.49645096263856425267e+00	5.46268121532204942170e-01        1.974461e+04
9.18635202568953701530e+01	7.97417503049501430468e-01	2.56330617615090883277e+00	1.83204883123494610686e+00        1.974486e+04
6.86400876346049244603e+01	4.93809915664798149137e-01	5.11507262600502699001e+00	2.07021500853366369199e+00        1.974489e+04
7.10460251966317031247e+01	7.52371954319162594693e-01	6.79114391587321897248e+00	6.25878219911753186366e-01        1.974496e+04
6.84462511944983447165e+01	7.28520135601454565943e-01	2.95607292664771303947e+00	1.84137671501964833576e-01        1.974585e+04
6.70969906578151125132e+01	5.17117553931179863014e-01	2.09926177809176239819e+00	1.19632407771333171276e+00        1.974595e+04
5.40222461737722454700e+01	3.99002118077415146580e-01	2.20071388903951037364e+00	8.71573324402952431811e-01        1.974608e+04
6.43708298486081105239e+01	5.86430667526070759088e-01	2.92480197299964528312e+00	1.67795462618619684037e+00        1.974609e+04
8.85705877740404190490e+01	7.37880918461333301650e-01	3.20561953161927437606e+00	1.88165181551353355438e+00        1.974686e+04
6.96656942961331679953e+01	7.67411733005433527310e-01	2.40841750933082554553e+00	2.21323192448887984263e-01        1.974687e+04
8.91978241652554402208e+01	7.75194854932103716294e-01	3.97215907075015195460e+00	1.97462313686159895987e+00        1.974694e+04
5.11481211170943197430e+01	6.88713738048389201296e-01	5.66635365938312318690e+00	6.26740541460029287890e+00        1.974709e+04
6.42564003721354168874e+01	8.39770220577778503390e-01	5.80989403622621480849e+00	6.24927751358079142108e+00        1.974819e+04
5.72795579095203351017e+01	6.72580254797141452450e-01	3.14167175078145666234e+00	8.59671703850308110972e-01        1.974846e+04
5.88340339650810477679e+01	4.86291369792056615839e-01	2.24558347143343484120e+00	1.06916220354693991546e+00        1.974996e+04
6.62613982964811611964e+01	6.84354364766725953295e-01	3.12223138335523842102e+00	2.63981872458567634609e-01        1.975075e+04
5.15005451520291401835e+01	5.27706920279595426138e-01	6.46833596673821720202e+00	6.21702161141554565660e+00        1.975076e+04
5.33241139386043201398e+01	5.09248304504914428570e-01	6.24269784666411720053e+00	1.17753713530223369510e+00        1.975082e+04
6.05956811376351396348e+01	2.54629660616256747740e-01	3.64573143916267561337e+00	1.93383917571076158204e+00        1.975110e+04
6.88965846095203460209e+01	7.20774923778402909491e-01	2.49319638792119624426e+00	4.22247516070202222327e-01        1.975132e+04
7.82101986601892633644e+01	7.07963120762107434025e-01	3.58639607023893303150e+00	9.98898645416351538273e-01        1.975169e+04
5.75505518084049398908e+01	6.53704837348786149676e-01	5.86544486034546164177e+00	1.02244710299940289033e+00        1.975291e+04
6.27418703516900322370e+01	6.78733919501013138742e-01	2.50419425759879654692e+00	9.90355252902358818012e-01        1.975373e+04
6.23752665856943835365e+01	7.07075753057251010780e-01	5.62160923266801137999e+00	6.96801420866498127937e-02        1.975505e+04
6.04246105974444915887e+01	2.73536865767618597722e-01	3.05864168145497217211e+00	1.16687260046343022069e+00        1.975582e+04
5.93945931332795566959e+01	2.31641393020713626250e-01	2.92488282545332811679e+00	1.45235398818161165480e+00        1.975613e+04
7.18441395850708488524e+01	4.71051862682658528669e-01	3.40856964960248198793e+00	1.63647136869539777670e+00        1.975666e+04
6.87121975862003324664e+01	3.92619923052502095562e-01	5.77887926299773457828e+00	1.50443555780744175898e+00        1.975672e+04
6.11312373838095837186e+01	3.96776720704627383629e-01	2.98133275343926040790e+00	9.25492362787917799416e-01        1.975699e+04
6.03839612287112572631e+01	5.39356719546521201636e-01	2.86419156608324776414e+00	1.29754104839455575160e+00        1.975722e+04
6.71067859032036153621e+01	7.38819976523251376044e-01	2.43504735413673056854e+00	9.63130745427709600293e-01        1.975802e+04
5.54741944493377516778e+01	4.26562697810047408709e-01	2.87037094005488091497e+00	6.58738331554261535850e-01        1.975883e+04
5.25925800090940498421e+01	4.34003928898294755179e-01	3.06166731846106854320e+00	6.88269664938260361531e-01        1.975931e+04
7.74200757643739905234e+01	7.72887770465979118129e-01	3.20013057506813680675e+00	7.53543818425144285023e-01        1.975951e+04
6.14633067097434917514e+01	7.79819155964066368369e-01	4.51703055622256233193e+00	5.82407684334407260707e-02        1.976048e+04
8.06205293800362170487e+01	8.63448786755946606775e-01	5.08384799762126604605e+00	6.77224427189745958877e-01        1.976328e+04
5.12462058113916398838e+01	3.62275825548007912591e-01	3.35628886297132655869e+00	7.52510704219756298983e-01        1.976344e+04
7.62934197443996282573e+01	7.76198497924076136201e-01	4.79458921490072054183e+00	7.59593847566790603132e-01        1.976346e+04
6.72169632629509834487e+01	4.92418470471638114461e-01	3.75722266949111283196e+00	1.75033876462094806215e+00        1.976392e+04
7.02778182669750037803e+01	5.59164581977410701796e-01	3.17585972057798215928e+00	1.34925680975869166645e+00        1.976407e+04
7.22939812141900688403e+01	6.04064059431185240712e-01	6.42153102357238836362e+00	1.59113627685786274135e+00        1.976457e+04
6.86993423368193845135e+01	6.58890105090143229916e-01	2.94070157466551496128e+00	8.24724372067056843427e-01        1.976479e+04
7.00690839967951006884e+01	6.55897102908619245021e-01	2.71272348531467377697e+00	1.20229305043117862262e+00        1.976489e+04
5.79612880990315559870e+01	4.35088575962639390049e-01	5.90829222809473009193e+00	1.54874246689779093700e+00        1.976518e+04
5.63212164817286478069e+01	5.02241999080625611818e-01	5.17581408725854696939e+00	1.27933087509990750519e+00        1.976577e+04
5.68772755169907213713e+01	2.14165391284540346239e-01	6.20762516490721782958e+00	1.77680587126535027842e+00        1.976606e+04
7.31431390066790214632e+01	8.85633909510686434530e-01	4.38953214470102448530e+00	4.91215442134952884334e-01        1.976714e+04
7.06081765168962220969e+01	6.72752053405926919716e-01	3.55873467716584546139e+00	1.59000148907346061655e+00        1.976721e+04
6.71449117634126224630e+01	5.36710166088583240374e-01	3.48300057308673771672e+00	1.09820599724675704856e+00        1.976740e+04
5.91631656536757333242e+01	6.34113673386019871536e-01	6.01798273700198205205e+00	2.87713193596864924562e-01        1.976745e+04
5.15487960504794457961e+01	3.86349215075031005018e-01	6.71563966443156878938e+00	3.96997655296370099975e-01        1.976794e+04
5.51379689248655324718e+01	4.48380292724594842202e-01	6.77518698729360480115e+00	5.20412584617152340627e-01        1.976844e+04
6.89296272722405660716e+01	8.33352917856151287346e-01	3.46052272507328773088e+00	5.50627426986090018346e-01        1.976866e+04
5.14150231763427996157e+01	5.06874279703069530179e-01	5.30914321198160266135e+00	2.77043497083290124472e-01        1.976890e+04
5.44574997823862929636e+01	5.58164585477977093220e-01	5.47324089235719668523e+00	8.64953087596953440475e-01        1.976893e+04
5.71773763904889094078e+01	5.14313020641900764396e-01	4.45546679977700854636e+00	1.22276757256611268154e+00        1.976922e+04
9.30879127895184268482e+01	9.28911193738600982073e-01	2.94472492863744594871e+00	1.37939332633981637244e+00        1.976949e+04
5.47643059810691212874e+01	4.76818325855169422578e-01	5.22875072139247620839e+00	3.40938219654053964458e-01        1.976990e+04
8.62467790199333990131e+01	8.48014816004291072105e-01	3.11739529240759871698e+00	1.22994717911491280304e+00        1.977015e+04
6.95097450687171516392e+01	5.85581842764049897987e-01	4.77881050974673371456e+00	1.08798468143878013237e+00        1.977060e+04
8.93306930825699652132e+01	9.39716097094167812642e-01	3.77128653493555399123e+00	6.97265991831645948196e-01        1.977067e+04
7.46262235350782532350e+01	7.81644616071559106274e-01	3.12116774900300697482e+00	1.35043927884371428583e+00        1.977073e+04
5.98147064108313557540e+01	7.14729489844752374772e-01	4.74019356411113523819e+00	3.92159834156107334202e-01        1.977135e+04
5.65333059867375666840e+01	2.80114762557232443996e-01	3.74163330910424951625e+00	1.31525745103369295919e+00        1.977147e+04
5.70202536580899277396e+01	6.40009940922374398475e-01	4.46800512536726035506e+00	4.97363287946890275659e-01        1.977174e+04
6.57462780869354617153e+01	6.97808801089768171444e-01	3.47853099207983795793e+00	1.11794053659951542201e+00        1.977176e+04
6.42657186668358519910e+01	6.04631056152971635420e-01	3.68559436106445170722e+00	7.07537265645176383089e-01        1.977218e+04
8.47497150235343781333e+01	8.37312124820297043470e-01	4.19111856817067263137e+00	1.22705555614941808074e+00        1.977277e+04
6.33150460766637550591e+01	3.35667053411387139583e-01	5.76957031940508624501e+00	1.67487404058940225759e+00        1.977302e+04
5.56867333811171789648e+01	3.09572770078597958587e-01	6.95651984655061461638e+00	1.48842145653821722462e+00        1.977323e+04
6.42838096624155781456e+01	5.12424663558885717940e-01	3.89909267228839162556e+00	1.49023487201998894314e+00        1.977342e+04
6.03272949650619523254e+01	5.94954262022533764132e-01	3.61185667873053262156e+00	7.22458763437431428223e-01        1.977421e+04
5.71531006235039953367e+01	4.62474940131720024805e-01	4.89438789813680141805e+00	5.72588845220227793398e-01        1.977444e+04
5.74644730966578833886e+01	4.05708411349257724865e-01	5.44055549370047053515e+00	1.44837691791932376972e+00        1.977529e+04
6.53736372670696397336e+01	4.67043508775887350470e-01	4.26600114051388779046e+00	1.52207180325157187539e+00        1.977538e+04
5.65666250813751361193e+01	4.00603996826992048153e-01	5.26172384206148002761e+00	1.39225063954723071724e+00        1.977543e+04
5.94877091229679848539e+01	2.35946440498786075279e-01	6.46502064885745308942e+00	1.54830783214165146333e+00        1.977554e+04
6.61915122176177419533e+01	7.10723160609829318624e-01	4.03017678559493308654e+00	5.18236179521360140754e-01        1.977576e+04
5.26580865910958877407e+01	4.27688094974948807003e-01	4.65140559552786303499e+00	8.38676620154508944971e-01        1.977594e+04
8.49192994536475964651e+01	9.20366294647185445577e-01	4.02613879518581185835e+00	8.01086824039957012822e-01        1.977595e+04
7.11332007007700184431e+01	5.95003577366259639447e-01	4.28242580081434276451e+00	1.42577554578689236209e+00        1.977602e+04
6.51351063365022042717e+01	5.12114212032547810871e-01	4.91622331141661916831e+00	1.06218664334863532872e+00        1.977609e+04
6.99763401191677729685e+01	5.75964305632202799856e-01	4.21406753127880229215e+00	1.42189256883775061446e+00        1.977630e+04
7.53618593867996793279e+01	8.56955782923742193091e-01	3.35714437030259960082e+00	8.58564317412093380710e-01        1.977633e+04
6.10527295246335484080e+01	6.19756100693571343463e-01	5.19879397163963297146e+00	1.12385399876386093965e+00        1.977679e+04
7.02052403242997655752e+01	8.04256060182881649112e-01	4.14305604786153480745e+00	9.39505139698752267385e-01        1.977690e+04
6.77746673518723383722e+01	5.82451868890764057340e-01	3.93894688520833691214e+00	1.16309028945210402028e+00        1.977709e+04
6.20116158035379996250e+01	4.36738400936128423613e-01	6.22772812845504564194e+00	1.54692669860372844504e+00        1.977743e+04
5.53638181291247306604e+01	5.46754137177179577733e-01	5.30959401025205046665e+00	6.90820650617560816364e-01        1.977829e+04
6.08758783493438926371e+01	6.02781728938646232940e-01	6.67379079672299813097e+00	9.06212535796654616860e-01        1.977829e+04
8.51812608157389519192e+01	8.84475091716970363009e-01	4.23350085678585585924e+00	1.02765415752697952811e+00        1.977834e+04
6.85620413189322590597e+01	5.83594944002656434989e-01	5.94559121191802475437e+00	1.45254669623017207414e+00        1.977848e+04
5.72865645878579528016e+01	3.01986881921709637844e-01	4.83361305006918584581e+00	1.46005068539371940517e+00        1.977853e+04
5.61355938070154891761e+01	5.53734992477584508919e-01	5.22168286886560828464e+00	7.54835916174444787607e-01        1.977911e+04
6.59949187014572515864e+01	7.38335734372571605988e-01	4.70307623072751113114e+00	9.49622814978435703104e-01        1.977919e+04
7.57116967033135495058e+01	7.52606403410687407884e-01	4.19200813379496395328e+00	1.45411077134349397966e+00        1.977931e+04
5.44496584481073071515e+01	2.21982955183488900319e-01	6.21307076454793527631e+00	1.47958464519157839590e+00        1.977933e+04
6.12058985940138526871e+01	5.46518876403256581575e-01	4.60301788111169685180e+00	7.36582108075440111783e-01        1.977937e+04
6.60967104765061606031e+01	6.86728865580179426154e-01	3.76948577246766047821e+00	1.03713948277064105241e+00        1.977942e+04
6.21174092508322033268e+01	4.46860632640216637324e-01	6.11529713458949597538e+00	1.49984212257937321588e+00        1.977962e+04
7.42345961588329572578e+01	7.69396937022258309291e-01	5.36535615965888279533e+00	9.71023309256870303940e-01        1.977962e+04
5.50544725032875419402e+01	3.69190863680929182156e-01	4.83849912186183317431e+00	1.19518437056389492668e+00        1.978004e+04
5.75160160370841353483e+01	3.36110748990711527551e-01	5.59373887751430309834e+00	1.46817751188324385758e+00        1.978016e+04
5.83056921516183876975e+01	5.06300347172487952285e-01	6.36593664167928263709e+00	1.14395350498677994544e+00        1.978023e+04
7.34262215483076801092e+01	7.18345941864765080709e-01	5.40066318598321526423e+00	1.19575264827228400222e+00        1.978072e+04
6.95379173597815309904e+01	7.22371512958491779344e-01	5.85578957758937335143e+00	1.17635446080784311640e+00        1.978079e+04
5.21356961605876065846e+01	3.12827434396880987855e-01	5.55231705561579413910e+00	1.09907969158059781734e+00        1.978098e+04
6.25309291617004348041e+01	4.45558483930612647672e-01	5.69400157010622098852e+00	1.19701202190838107420e+00        1.978102e+04
6.95369074678299483594e+01	6.76483557934703716441e-01	5.59926317728506894866e+00	1.02886444878883920317e+00        1.978113e+04
5.11455427994856393070e+01	3.31119029715463475405e-01	5.54410542259719463232e+00	8.54930377101868033130e-01        1.978126e+04
6.78316406387055508276e+01	6.84733673555833921576e-01	6.00832784777354600436e+00	9.67850864903189389565e-01        1.978129e+04
7.48691899756428398405e+01	7.50179906537303042846e-01	3.91733938552201177430e+00	1.33147916195196946987e+00        1.978136e+04
6.38958088595348669969e+01	6.01224361687090147477e-01	4.99939270270738678192e+00	7.90961681517734382929e-01        1.978139e+04
6.04025441417160422475e+01	3.74209269736020144759e-01	6.14968528171354744671e+00	1.45188681977888145447e+00        1.978145e+04
6.91292026792433489391e+01	6.29382066687600327803e-01	4.15609941449860453844e+00	1.29313543450806678337e+00        1.978160e+04
5.68638006530989841281e+01	2.46649889482776690786e-01	5.79192625838899211033e+00	1.46828971646964534514e+00        1.978162e+04
7.12065430345197114548e+01	7.61180922854023833679e-01	5.53518368708338037720e+00	1.11188253121162405890e+00        1.978183e+04
7.44205468653177746319e+01	8.12386523139205563027e-01	5.28543583643000314254e+00	9.43462807070913012097e-01        1.978186e+04
6.28561466049535368938e+01	4.95467276760511665668e-01	5.67556084585320963498e+00	1.43924992150183639339e+00        1.978193e+04
6.98572730612066123967e+01	6.60719386597989788434e-01	4.21924732366264532146e+00	1.34961438103229713903e+00        1.978194e+04
6.05675526756218829405e+01	5.15602847376336659302e-01	5.88256384683362743004e+00	1.28966543146664758268e+00        1.978195e+04
6.61206772739908785752e+01	6.19970502328891059918e-01	4.00535233879591245909e+00	1.16967128517926854947e+00        1.978195e+04
6.06231178826867207476e+01	4.48015066879114132181e-01	6.46197668841790573424e+00	1.16341099069245612618e+00        1.978197e+04
6.04404564515028610572e+01	3.64383071742253206171e-01	5.41346112662444056696e+00	1.28390293031514302058e+00        1.978206e+04
5.97755675140465427830e+01	4.90112751321124917592e-01	6.66852880270031445065e+00	1.14712831734322961985e+00        1.978207e+04
5.42631967800688244097e+01	3.58344475566390818777e-01	5.29199211209852293791e+00	8.01121701286977350165e-01        1.978215e+04
6.07520513403694764065e+01	4.13456273246932570764e-01	5.36859840784139485947e+00	1.44388948806954320325e+00        1.978218e+04
7.18317309334699416468e+01	7.17239680354976316679e-01	3.86587599225978806317e+00	1.22801961574273810207e+00        1.978222e+04
7.00498907358680753532e+01	7.74045470010718661413e-01	5.00156578885161806625e+00	6.72492467931272486226e-01        1.978224e+04
6.66774266592642561591e+01	6.00536582137548013982e-01	4.45200856857593674221e+00	1.34291951177798840611e+00        1.978260e+04
5.52678247251853491662e+01	4.06330177790434066143e-01	6.49851959204831164385e+00	9.13726019880620743407e-01        1.978263e+04
6.06414871225278560019e+01	5.83523668926187122352e-01	5.24538781127397157888e+00	6.99881728555771354117e-01        1.978271e+04
6.19907397721361803633e+01	6.36179258731368713065e-01	4.45097334477047290591e+00	8.14429630816628002954e-01        1.978286e+04
5.90188770239007851615e+01	5.22953077014367884168e-01	6.32770821923357296157e+00	1.04197264624862229176e+00        1.978299e+04
6.08100968826536742995e+01	5.18671194124810441828e-01	4.60072514334250382007e+00	9.09688427777448960221e-01        1.978308e+04
7.07698150592603809628e+01	7.10658956547924214320e-01	5.28687935433064382096e+00	1.00561195935237535082e+00        1.978336e+04
6.77136147925790226054e+01	6.66630544378382983162e-01	4.80230122407179749189e+00	8.92647705151764392362e-01        1.978349e+04
5.98940126187781487488e+01	5.16691830393078754824e-01	4.84266353348398670420e+00	1.15759752462837250953e+00        1.978350e+04
6.78161171397148336837e+01	6.78516107550650504621e-01	5.83174199473763366086e+00	1.01562946744766846585e+00        1.978352e+04
5.56939352601760688799e+01	3.06120913971865471481e-01	5.33574789940410720845e+00	1.29556244918896212859e+00        1.978352e+04
5.95110914937266670677e+01	4.04850390444465635387e-01	6.04303580347972069120e+00	1.14543232867296440602e+00        1.978353e+04
7.10592457470405918230e+01	6.90259937683878055381e-01	5.42888941466112395773e+00	1.29398965627218132113e+00        1.978354e+04
7.26998392535933248837e+01	7.37481629606482336214e-01	4.93703349407438807361e+00	1.30762419262125129116e+00        1.978369e+04
6.06458010928230208947e+01	5.82401056280645423868e-01	4.67935732887926381096e+00	9.64724760438206763169e-01        1.978374e+04
5.43635509634936866519e+01	3.81275137656331142288e-01	5.93622254138360183617e+00	8.55825385679627625990e-01        1.978377e+04
5.76373165287010138513e+01	5.03469869197255559534e-01	4.92468187661391709753e+00	8.45238592144643918758e-01        1.978382e+04
6.42342424884396763218e+01	5.96329883708147767685e-01	5.80955112334587031597e+00	9.71165148381396226007e-01        1.978389e+04
5.40471554347203095858e+01	3.26052335041128404924e-01	5.45182112452859168883e+00	9.13440106775240678871e-01        1.978393e+04
6.50638599036215197202e+01	5.72928624963314203633e-01	4.42781990410297332517e+00	1.17143630570284917880e+00        1.978399e+04
6.56027137615555346883e+01	6.66613200246582882080e-01	5.92814536675681313938e+00	9.95107537563926669577e-01        1.978401e+04
6.16224046775760214700e+01	5.22368799236382908013e-01	4.60439615037420413302e+00	1.18425833114641099186e+00        1.978407e+04
5.51162092648445067766e+01	3.43685915242646300438e-01	6.11184225387487156667e+00	9.70095148715608535106e-01        1.978410e+04
6.00226680149099180994e+01	3.83713556632595986784e-01	5.55096085601483402172e+00	1.30455318855981539095e+00        1.978419e+04
7.23477455685425780985e+01	7.08716424354209006964e-01	4.72355479814591916465e+00	1.32430558026654954240e+00        1.978421e+04
5.63938440761181638550e+01	4.43078180562571144474e-01	5.15882702814649718448e+00	1.01892085131488285832e+00        1.978428e+04
6.37472946177915034127e+01	5.14300331864351534250e-01	5.31811126588384475156e+00	1.17276171450644817185e+00        1.978439e+04
6.05603688328475868730e+01	5.41382513596282755053e-01	5.78095913725504217950e+00	8.78312168801791415262e-01        1.978447e+04
6.75850096933973532032e+01	6.82061778082586500638e-01	4.46006586771687363324e+00	8.80748696862443058997e-01        1.978460e+04
6.10940012947127470966e+01	5.40545584272047685559e-01	6.00384304452276751363e+00	1.16038953019776780451e+00        1.978462e+04
5.49491121445179260263e+01	3.67815662929639131118e-01	6.24563381844042364577e+00	1.01057903728585340986e+00        1.978465e+04
6.88981745924537847259e+01	7.58555499523928533634e-01	4.73980548130686507591e+00	7.42486482062604258303e-01        1.978477e+04
6.58500991930621069059e+01	6.44231226023398217961e-01	4.27861849584036679772e+00	1.01206275094400610648e+00        1.978480e+04
7.26612247384852025789e+01	7.46986243184581066856e-01	5.04423154212988400502e+00	1.02841463278295774941e+00        1.978483e+04
6.23312277225136384118e+01	6.01086537315240643231e-01	5.10426839978040014500e+00	1.09703223829863261152e+00        1.978484e+04
5.90457730567904022223e+01	5.50844186948649783275e-01	5.48967772201418036104e+00	8.32723672468536513236e-01        1.978489e+04
7.09833515464119670924e+01	6.97660173241685055423e-01	5.15213651443683406939e+00	1.27804596647907953155e+00        1.978489e+04
6.19006726852215223289e+01	5.62092634552743830589e-01	4.89266276854001347374e+00	1.15459267118374930838e+00        1.978492e+04
7.61482137611010045930e+01	8.10758464360113340064e-01	4.52960579489716508306e+00	9.45389511562276019241e-01        1.978493e+04
6.85393562667354245832e+01	7.23967277301369227516e-01	4.20050691029996681181e+00	8.71394013190343486031e-01        1.978493e+04
6.36453265297404655598e+01	6.22905734140525746412e-01	5.30941909065426109748e+00	8.33249425623744377489e-01        1.978496e+04
5.99581344720240068114e+01	4.84857353241275990108e-01	6.17025252731054951738e+00	1.08052269243791498887e+00        1.978502e+04
5.52533770338319527582e+01	3.11786707170044696813e-01	5.37629656086669704962e+00	1.12870638744911455653e+00        1.978512e+04
5.54195686048185933714e+01	4.05181345387661207003e-01	5.80010525156954059867e+00	1.00733788964437542823e+00        1.978514e+04
5.55540174926476169048e+01	2.89843536558674841341e-01	6.02974673305490593833e+00	1.20195197940687714677e+00        1.978518e+04
5.47569759590641780278e+01	3.03213494215232304274e-01	5.52564781546096206455e+00	1.15780884011436757675e+00        1.978522e+04
5.82002034654767967936e+01	4.57110476856536662726e-01	5.25590182679950590483e+00	1.13992656914411205626e+00        1.978522e+04
7.34124373729422501356e+01	7.47923698059577479746e-01	4.24215442765293282434e+00	1.10177993359722137257e+00        1.978523e+04
6.14673040174953300152e+01	5.02557611894107747474e-01	6.00094513939724638618e+00	1.13202992741415964240e+00        1.978532e+04
5.65271572329222919961e+01	4.28452545642584559094e-01	5.96238358584971805954e+00	9.83240088986989557718e-01        1.978538e+04
5.77927607834423540112e+01	3.96463898808158687892e-01	5.16113222934426030264e+00	1.11802238655468633155e+00        1.978538e+04
7.12240529352538516150e+01	7.28708175514860889699e-01	4.55036188802287533406e+00	1.21699309369580865869e+00        1.978541e+04
6.09063118228232980300e+01	5.46246072428944962063e-01	4.86427183110070160410e+00	9.23224679333206843523e-01        1.978542e+04
5.56627727900265796279e+01	3.89145353074868527443e-01	5.89313127620911014759e+00	1.05828012812558180933e+00        1.978551e+04
6.11671906405300589427e+01	5.49777502252083327683e-01	5.96282020221866115861e+00	1.00381396902015440631e+00        1.978551e+04
5.80988916859385753355e+01	4.16415764046935532594e-01	5.31404771258186681138e+00	1.19363051249143969912e+00        1.978554e+04
6.99840362268870563867e+01	7.12022296907255158871e-01	4.76337073677099276381e+00	1.21456203463884127025e+00        1.978558e+04
5.63688649337279983342e+01	3.94176207368915565432e-01	5.43094967676376594312e+00	1.10447345177900668745e+00        1.978558e+04
6.63970046773363407056e+01	6.77946407671936146500e-01	4.55210705887026811922e+00	1.06502047060528370892e+00        1.978563e+04
6.84888252381748685593e+01	6.48069752574293223013e-01	5.06118665892660235528e+00	1.13822089221407152237e+00        1.978566e+04
6.19653872246332682039e+01	5.68269290213488154073e-01	5.02543140765336993070e+00	1.12400949090824364696e+00        1.978571e+04
5.62808241645871731862e+01	3.33774172273971547753e-01	5.79420812668019813430e+00	1.18378739709760294474e+00        1.978572e+04
6.29130214654570139032e+01	5.56200985274142301051e-01	5.06077311844277488717e+00	9.97926947191762669931e-01        1.978573e+04
7.41568601259574080586e+01	8.12816718944097904576e-01	4.51998056125589631193e+00	9.17361769745527966258e-01        1.978575e+04
6.29638888964562823958e+01	5.43079027136747827242e-01	4.86487370954737574635e+00	1.19340213764632041560e+00        1.978578e+04
6.88603780503663642776e+01	7.19231928913357743127e-01	4.66871961137630808736e+00	1.10759805708184178030e+00        1.978580e+04
6.50475571912919718898e+01	6.78080738643859759485e-01	5.26724858075591129136e+00	8.43762273591144529306e-01        1.978581e+04
7.34873337998205045096e+01	7.62364074787376555520e-01	4.38620940842238038471e+00	1.16859840091389077799e+00        1.978587e+04
6.66591507679003285602e+01	6.61177607392313237966e-01	4.86056469427921911119e+00	9.21995128379045625344e-01        1.978588e+04
6.22245082235628075296e+01	5.41174915405637224630e-01	4.79440031933736232617e+00	1.10390293762420155232e+00        1.978588e+04
6.58925579955858751191e+01	6.52761073678468806136e-01	4.49625658330548905184e+00	1.05781002017946113014e+00        1.978594e+04
7.13322767448287464731e+01	7.33388363432872503189e-01	4.31449578934389244012e+00	1.13484479841994101434e+00        1.978594e+04
6.56072460721275234619e+01	6.79365702843692020885e-01	5.41930747224692233033e+00	9.07725360053527441373e-01        1.978599e+04
6.03511270491485163348e+01	5.58091107927569884950e-01	5.17211680036333731891e+00	9.62398215794307620996e-01        1.978603e+04
5.93316349078591400712e+01	4.65728939698824673243e-01	5.49299685998285625033e+00	1.02351459686602996868e+00        1.978605e+04
6.16936900380380208730e+01	5.07436228461680682855e-01	5.00467439446374662282e+00	1.14188161874699201093e+00        1.978607e+04
6.23701036702592119809e+01	5.78215881781324769761e-01	5.79815259058334042663e+00	1.01643087162888301478e+00        1.978609e+04
7.26384317801834527017e+01	7.36642591470573648849e-01	4.81922526409397811165e+00	1.17204304426546657147e+00        1.978610e+04
6.92769239405413088662e+01	7.23119425354874056922e-01	4.96599191308339804607e+00	8.99954779838673113446e-01        1.978611e+04
6.07383761684857574892e+01	5.44345308333838429071e-01	5.04150289442085597358e+00	1.03700885585824598145e+00        1.978620e+04
7.44337917918121405592e+01	7.78500415717939930893e-01	4.68248430092045708761e+00	1.10461354149320034601e+00        1.978620e+04
5.98918900099382298663e+01	4.61662307874531496754e-01	5.80157824524289811308e+00	1.13778675457762323830e+00        1.978621e+04
6.42953517631523112641e+01	6.38604611029236490793e-01	5.20773605446190934742e+00	1.07113519907161403033e+00        1.978621e+04
7.08911395341986576568e+01	7.14673765068838062753e-01	4.96833879006863377015e+00	1.07867959017346293216e+00        1.978626e+04
5.94673606576305715521e+01	4.41258561150846551069e-01	5.43440402486171514340e+00	1.16000141045588245348e+00        1.978627e+04
5.95159915000305588251e+01	4.75719423340366986963e-01	5.44744140555541012105e+00	1.02607911054990297295e+00        1.978627e+04
6.30082865619014143022e+01	5.93628477307720059386e-01	5.61666960451649899255e+00	9.73287845241880722469e-01        1.978629e+04
5.84996433704135867515e+01	4.33301367110344171074e-01	5.45131448330600854035e+00	1.14154527455025189830e+00        1.978630e+04
6.65637389693309700078e+01	6.85192089426518546880e-01	5.39247542206788832431e+00	1.01278387101617273203e+00        1.978633e+04
7.11140849742980947212e+01	7.31106103373637905563e-01	4.81930421885711890440e+00	1.17108001293347308014e+00        1.978633e+04
6.12726239884516417078e+01	5.80938159356089167673e-01	5.24719934581945057772e+00	9.40159967685174180474e-01        1.978636e+04
6.96943507253995591100e+01	7.17091870129595632122e-01	5.10263540667960491248e+00	9.83502127584179319797e-01        1.978637e+04
6.01642172621403048538e+01	4.64565005335910996553e-01	5.50510917510882169523e+00	1.12909442660366710065e+00        1.978637e+04
6.50489691891544765667e+01	6.16622913511108428075e-01	4.71278558766944932756e+00	1.02963615716850109827e+00        1.978638e+04
6.46052941644444018721e+01	6.16959690425083695509e-01	4.67949741841890975991e+00	1.02686770382019898484e+00        1.978639e+04
6.95977552571125386294e+01	6.98132826214390100894e-01	5.10651757632044933644e+00	1.05533742332459556934e+00        1.978639e+04
7.17864392178060199967e+01	7.58007548991349255907e-01	4.84699693436938083835e+00	9.55661083807156086500e-01        1.978641e+04
6.19757419245282648035e+01	5.19227821769580932809e-01	5.66191614557885447567e+00	1.12947119001974249919e+00        1.978641e+04
6.71799508708213579666e+01	6.36800211041982922033e-01	5.06199083226294010984e+00	1.22403021727304817112e+00        1.978641e+04
6.59024829134732357261e+01	6.30983643919159398195e-01	4.68736097737481749448e+00	1.13132275644869806364e+00        1.978643e+04
6.69460329169500880653e+01	6.45720128751720801041e-01	5.01435238872394783982e+00	1.20623916419809895650e+00        1.978643e+04
6.69039712929450871570e+01	6.97135677708907497419e-01	4.59437716113205318891e+00	9.19612539742120871367e-01        1.978643e+04
6.00775328058290938316e+01	4.87398966667040745016e-01	5.77925197414745284163e+00	1.11587696095788557749e+00        1.978646e+04
5.88786895461648853711e+01	4.79959211388735484949e-01	5.42510000861443142384e+00	1.03807632336742794443e+00        1.978649e+04
6.15701459005025029114e+01	5.12699610711485842529e-01	5.48177926455908526293e+00	1.19500733156711169691e+00        1.978649e+04
7.11122634675237605961e+01	7.36744321050063710743e-01	4.51274708701352178508e+00	9.89382298508819091332e-01        1.978651e+04
6.25280038311799089001e+01	5.24715870678639784153e-01	5.25402191819819730512e+00	1.18617942132573994662e+00        1.978653e+04
6.65809874375300978500e+01	6.32718968804678594253e-01	4.81844178992078653323e+00	1.07659885866834015289e+00        1.978655e+04
7.27417917830858300476e+01	7.78155926659803709455e-01	4.58581998822395053850e+00	1.03979700629058102734e+00        1.978656e+04
6.44312703011158731670e+01	6.48238836751145353077e-01	5.30278026802025159725e+00	9.94539122685955012670e-01        1.978662e+04
6.74467430176911904027e+01	6.97098622439935255990e-01	4.56926293177800690870e+00	9.87674630758677896125e-01        1.978666e+04
6.08544151346200123953e+01	5.27629989167070601042e-01	5.63061373707536372279e+00	1.09431368764958580897e+00        1.978666e+04
6.88987043597732764511e+01	7.16750652547654576452e-01	4.62127698179946921897e+00	9.27857451825023882286e-01        1.978666e+04
7.06631460417056445067e+01	7.48358172237671981364e-01	4.94600917546027130101e+00	9.56794860866636009966e-01        1.978669e+04
6.66773094009915467950e+01	6.76513293514557356723e-01	4.77736648175406930505e+00	1.06908692221868717454e+00        1.978669e+04
6.62307666155650878181e+01	6.70328264840242216138e-01	4.67675503266389025470e+00	9.52101816495433572740e-01        1.978669e+04
6.74216740136490528812e+01	6.72829290039368865806e-01	5.32581526164872443019e+00	1.02997754428182153319e+00        1.978670e+04
5.98031531562519020895e+01	4.98462739308935864901e-01	5.39378733976175794851e+00	1.05529751635049318104e+00        1.978671e+04
7.16736120088165193920e+01	7.36749699371456512331e-01	4.79232819326793268999e+00	1.05978619515138872131e+00        1.978671e+04
6.97084075106373575181e+01	7.02808278772144467972e-01	4.56314733925670168446e+00	1.11191163332764464400e+00        1.978674e+04
7.09001513018129969623e+01	7.48461930288769283770e-01	4.52114255880185034187e+00	9.48148922637926050427e-01        1.978674e+04
6.81600858047834634590e+01	6.64956707236023181196e-01	5.07056539517268145545e+00	1.18470130149487973270e+00        1.978674e+04
6.95089873536721967184e+01	7.04030669752810922546e-01	4.95621071034956273138e+00	1.02347712348886754619e+00        1.978675e+04
6.41428537665550493330e+01	5.90685969669468957655e-01	4.88301325266739727482e+00	1.10148037551649480292e+00        1.978675e+04
6.65465026912228552192e+01	6.55990947950893743545e-01	4.69833868680635724502e+00	1.01090943527654442136e+00        1.978677e+04
6.28102279744150351348e+01	5.50106395272555670495e-01	5.49453467902196734940e+00	1.10023670837114040388e+00        1.978677e+04
6.25301400934331681469e+01	5.42776436119587146756e-01	5.44077815888790627952e+00	1.09315142403490117573e+00        1.978678e+04
6.70333189925622860983e+01	6.67280890477651156267e-01	4.61477565791106147941e+00	1.04344264345436621433e+00        1.978678e+04
7.05218624904764652683e+01	7.34953863105954896540e-01	4.85111895190912356668e+00	9.72863074982507347599e-01        1.978678e+04
6.30965076237448769803e+01	5.92759697608155833315e-01	5.09219385109619437912e+00	9.70144485179878834913e-01        1.978679e+04
6.48489535763861510986e+01	6.26122942527685300007e-01	5.46708320514724110950e+00	1.09628062594764119630e+00        1.978680e+04
6.30900316715263684841e+01	6.07503576725840654937e-01	5.12230124023820199142e+00	9.45033012620098200607e-01        1.978680e+04
6.11306214451847083069e+01	5.33416939929697853096e-01	5.28240857795780627271e+00	1.02463139353951460109e+00        1.978681e+04
6.45161350421178099168e+01	5.87611652181839860809e-01	4.98545524818689678170e+00	1.11671926597655235547e+00        1.978682e+04
7.08949300458749149811e+01	7.32727494062877959813e-01	5.00196144973178125070e+00	1.08438080191549235387e+00        1.978682e+04
6.56396078508023350651e+01	6.30915859555575719853e-01	4.75399614028489470030e+00	1.08337595447552659245e+00        1.978682e+04
6.56144720866723503150e+01	6.47282280983123348150e-01	5.13204378526283200301e+00	1.10934687460686931537e+00        1.978682e+04
6.79178251265081200927e+01	7.02899545869512087926e-01	4.63069625444757893007e+00	9.45963104006774080368e-01        1.978683e+04
6.76563005744636569716e+01	7.02357035507408578034e-01	4.73734607617457559314e+00	1.02279114655562519687e+00        1.978684e+04
6.73261788779149839002e+01	6.47687196133422293798e-01	4.82120461838683578293e+00	1.14040339213552921471e+00        1.978684e+04
6.17987323274039610510e+01	5.50712088648246944622e-01	5.23790299799419845073e+00	1.09651659114624466795e+00        1.978686e+04
6.45263916789942584273e+01	6.28522262485406324473e-01	4.87575213200536428104e+00	1.04499443382982670769e+00        1.978689e+04
6.50792712351479281097e+01	6.42006632086863815445e-01	4.90903938668075934260e+00	9.56112562380189490163e-01        1.978689e+04
6.81904275899552345663e+01	7.04991023398067739869e-01	4.69262659592764208583e+00	1.04707373394746805495e+00        1.978690e+04
7.20849133428570638671e+01	7.57794679970246076728e-01	4.73708958143355562953e+00	1.01690155349076882807e+00        1.978691e+04
7.14687026414310224709e+01	7.33955025741648503512e-01	4.66223243617214855306e+00	1.10586815514950531636e+00        1.978691e+04
6.98185318574080042708e+01	7.10071011145567698719e-01	5.07162559172578131239e+00	1.07644401727015948111e+00        1.978691e+04
6.64501670045698773492e+01	6.89214398159033514446e-01	4.90673924144295803274e+00	9.56637800684080885638e-01        1.978692e+04
6.50421510816049845971e+01	6.51111062200409818068e-01	4.86565142713174303424e+00	9.90488825472913059222e-01        1.978692e+04
6.22506225775826678159e+01	5.75629350600882827571e-01	5.22062818546619578086e+00	1.05286997245164504200e+00        1.978693e+04
7.14627656348700384115e+01	7.51828678564328778400e-01	4.80107557087071068480e+00	9.99329453664836608873e-01        1.978694e+04
6.83135908469920707375e+01	6.85545346900762964104e-01	4.81313785333748000994e+00	1.13312708564807085310e+00        1.978694e+04
6.69512587324375942899e+01	6.37253942124586414408e-01	5.04003925491093252020e+00	1.13709803389711838761e+00        1.978695e+04
6.51789500129969212594e+01	6.15442057883670012863e-01	5.18555442159515767031e+00	1.15696206154357916773e+00        1.978695e+04
6.67831530926561782735e+01	6.52576975450326779438e-01	5.09402280474611401928e+00	1.02980640834575076781e+00        1.978697e+04
6.90200157074303035643e+01	7.02615422188237359613e-01	4.59739687719568923541e+00	1.06754506661057435579e+00        1.978699e+04
7.19511057269831866279e+01	7.51789163002516747092e-01	4.63816704696913362227e+00	1.06196232420633718263e+00        1.978700e+04
6.78460204328201115231e+01	6.97544340867049861288e-01	4.65909869028638912170e+00	1.02073115127012337133e+00        1.978700e+04
7.10306894065863190235e+01	7.53535453189645099137e-01	4.62769634223501036274e+00	1.00329093191868268242e+00        1.978702e+04
6.23957093274481238154e+01	5.77835284153636496995e-01	5.20189303328390550973e+00	1.01182252311308329418e+00        1.978702e+04
6.65647048737490507619e+01	6.42910832831651957164e-01	4.88252813613227854006e+00	1.06915363544421015973e+00        1.978704e+04
6.84916084091263144273e+01	7.12882231463217608258e-01	4.76570353123552603591e+00	9.48070586600203712990e-01        1.978706e+04
6.52811428986114066220e+01	6.23697248279785454450e-01	5.10333140506005555892e+00	1.13287387875140499460e+00        1.978707e+04
6.74465228425067948592e+01	6.69378264825972624230e-01	4.73505405487566655154e+00	1.05251575606794611772e+00        1.978707e+04
6.72274224484860098983e+01	6.77852191500897371945e-01	4.70936467117148982453e+00	1.04397070998162244670e+00        1.978708e+04
7.05094991748888020311e+01	7.23554682798905890451e-01	4.69615369291125617224e+00	1.06805383805601072922e+00        1.978712e+04
6.61429121298037472343e+01	6.40066684823461073961e-01	4.98237809866400205294e+00	1.12184890489977173722e+00        1.978716e+04
6.46606923088532852262e+01	6.17951850245337275247e-01	5.18195624157230660956e+00	1.10105912492759983046e+00        1.978717e+04
6.97674994545281066394e+01	7.14706643184365830734e-01	4.81477473136725819813e+00	1.08370246329214992009e+00        1.978722e+04
6.77187569973615950403e+01	6.93745563224032468774e-01	4.79487592940422757692e+00	1.02804571550146328640e+00        1.978723e+04
6.74255189792735905030e+01	6.70097278367939641619e-01	4.81713448253773357521e+00	1.05650992162085710646e+00        1.978724e+04
6.43808141794732478047e+01	6.24054521258642247439e-01	5.15384660163966579205e+00	1.00775687449545703345e+00        1.978724e+04
6.72147139744352841717e+01	6.68795093976881971365e-01	5.12333567684634605399e+00	1.05664260213498528707e+00        1.978731e+04
6.66480360318345219639e+01	6.64737408990895284333e-01	4.96911606900947244725e+00	1.04091402939564559027e+00        1.978739e+04
