# Network	H1	L1	
1.385722789515463660e+01 1.158713824216842525e+01 7.600065282293950730e+00
1.417990319909073804e+01 1.183426526276849167e+01 7.811518445604205496e+00
1.429236964805035370e+01 1.191356839845709992e+01 7.895487202940380200e+00
1.416539164481057789e+01 1.182743613675334515e+01 7.795516331962267564e+00
1.410595836140666748e+01 1.177070416736198588e+01 7.773582488028661253e+00
1.419596105088873372e+01 1.185151166016159507e+01 7.814536552310936024e+00
1.421766500048029158e+01 1.186504869723716027e+01 7.833429483825906203e+00
1.423958246251615734e+01 1.187929388411978238e+01 7.851629481929981225e+00
1.411892693825497602e+01 1.178751205186965301e+01 7.771657320984354023e+00
1.437157872342980269e+01 1.198073469910056765e+01 7.937522980975099784e+00
1.422374785966197663e+01 1.186996954027818951e+01 7.837016414944313780e+00
1.425184544879540915e+01 1.188992838579345523e+01 7.857779691302973823e+00
1.415624887914366603e+01 1.181454517867218890e+01 7.798455266869844138e+00
1.421242322698963356e+01 1.185987789723692210e+01 7.831747585673682011e+00
1.428871384707279368e+01 1.191710908429007176e+01 7.883517899812291674e+00
1.415999979750081650e+01 1.181431902158296232e+01 7.805604417435343834e+00
1.430621928135823140e+01 1.193029246839228641e+01 7.895317076908839660e+00
1.436648347409925108e+01 1.197696148345588085e+01 7.933992754936267211e+00
1.433167208087922440e+01 1.194919600044253549e+01 7.912871765475610886e+00
1.420983305009819908e+01 1.185124278167210221e+01 7.840114784971453865e+00
1.423151796200748720e+01 1.187101875460554190e+01 7.849523376023872068e+00
1.418494933268773472e+01 1.183660845126891203e+01 7.817127857612894637e+00
1.425255536884130514e+01 1.188977163667578729e+01 7.859304356594614127e+00
1.423419577767168853e+01 1.187582112749981533e+01 7.847114245677552447e+00
1.425727958441028420e+01 1.188759095163398527e+01 7.871162716820946592e+00
1.421232254969227249e+01 1.185571717632835309e+01 7.837862112298499717e+00
1.437872169792947830e+01 1.198610228068489469e+01 7.942354171369363947e+00
1.428757459012615172e+01 1.191532360629565979e+01 7.884151890068575419e+00
1.422472730913370320e+01 1.186963435293496261e+01 7.839301457836683085e+00
1.421963165532692486e+01 1.186618628714050594e+01 7.835275835096946473e+00
1.424547006770304947e+01 1.188617075900533493e+01 7.851901816604057061e+00
1.428212399229489726e+01 1.191275337389014410e+01 7.878157956283594388e+00
1.424381846855768075e+01 1.187719656236777688e+01 7.862478386876746050e+00
1.432628358795547108e+01 1.194560172439132728e+01 7.908539744146275474e+00
1.424041373309499470e+01 1.188132940857748387e+01 7.850056991805368867e+00
1.427174126813662802e+01 1.189563507968426137e+01 7.885205442828952194e+00
1.423699628480091839e+01 1.187389893619150349e+01 7.855099443453624986e+00
1.425103575320214588e+01 1.188010833964892043e+01 7.871152766733092498e+00
1.426536683281236151e+01 1.189109099714682571e+01 7.880523191532188498e+00
1.427400825362063763e+01 1.190356901637045084e+01 7.877331800612152435e+00
1.427815242234695603e+01 1.190819672793133677e+01 7.877847884077072926e+00
1.433647053184879994e+01 1.195112274333698466e+01 7.918652188615339149e+00
1.427742145826801412e+01 1.190504406308152596e+01 7.881287290354239694e+00
1.430080309413852113e+01 1.192053058118666087e+01 7.900248084732243825e+00
1.427041963427166138e+01 1.190344389314706319e+01 7.871016454112265137e+00
1.430226498111074918e+01 1.192720431490034549e+01 7.892818306570183573e+00
1.426721193118773101e+01 1.189557638671304751e+01 7.877093291138584696e+00
1.435374432112786991e+01 1.196574069734846901e+01 7.927863873713343779e+00
1.426830062288988543e+01 1.190247351892371874e+01 7.868641991886498488e+00
1.428607692308528065e+01 1.190988042474504205e+01 7.889660456609311368e+00
1.433633051860841334e+01 1.195394017198273673e+01 7.914144748704078580e+00
1.427657732840056681e+01 1.190845871693577607e+01 7.874596573846651459e+00
1.430564547396398645e+01 1.193022921834530692e+01 7.894372883547254638e+00
1.427807854926123632e+01 1.190194360968773601e+01 7.887158256982492510e+00
1.428000983827470272e+01 1.190963777596742723e+01 7.879036046780843350e+00
1.428390502520992555e+01 1.190693384806756150e+01 7.890175480111982331e+00
1.429442921455022564e+01 1.192133875091146145e+01 7.887483055817217981e+00
1.430153637325673621e+01 1.192795868851858998e+01 7.890357670003261603e+00
1.430248137651421736e+01 1.192598524671313065e+01 7.895052211399035791e+00
1.428721932485195012e+01 1.191656384028839710e+01 7.881633223942487554e+00
1.436405797294392350e+01 1.197307518912820967e+01 7.935466713784161463e+00
1.438628019062105778e+01 1.199190454367542813e+01 7.947281493594678281e+00
1.435026520443856235e+01 1.196374529987723712e+01 7.924576319109145395e+00
1.434283697007549740e+01 1.195921058694856498e+01 7.917970351496769865e+00
1.429937727501478761e+01 1.192193665761524635e+01 7.895544109497403262e+00
1.433829047256051759e+01 1.195274269930372846e+01 7.919502234342831848e+00
1.430833531920296942e+01 1.193187056059516138e+01 7.896766713785692282e+00
1.431944320566480933e+01 1.194037263331411580e+01 7.904046754534248542e+00
1.434181156681931490e+01 1.195657172544874136e+01 7.920097953456888717e+00
1.431966384327664876e+01 1.193812669430410445e+01 7.907838112606272674e+00
1.433043921818147304e+01 1.194536466609116232e+01 7.916422877796155610e+00
1.430925335415449240e+01 1.193353864473515813e+01 7.895909508599636695e+00
1.432951254817505493e+01 1.194832801968280300e+01 7.910271006885237099e+00
1.431873238004077997e+01 1.193604825305472517e+01 7.909288784206678358e+00
1.431457898652246463e+01 1.193375597499535345e+01 7.905228642528514094e+00
1.435830344707100359e+01 1.197018227043310823e+01 7.929414498610849016e+00
1.432336501400752127e+01 1.193930722240730624e+01 7.912757317993989403e+00
1.431866175384135076e+01 1.193982479661056040e+01 7.903458625637429513e+00
1.432102072748917898e+01 1.194218516015893528e+01 7.904166513785904513e+00
1.435654875171954892e+01 1.196887462525221402e+01 7.928211164285031032e+00
1.432231701433216742e+01 1.193917029432869015e+01 7.911066763847215633e+00
1.438020299202091223e+01 1.198690702691500576e+01 7.943821373861752910e+00
1.434831951227977775e+01 1.196287277624984746e+01 7.922370085127862893e+00
1.432394096119477034e+01 1.194577323359061616e+01 7.904036089962100498e+00
1.437726251726426696e+01 1.198513010982632565e+01 7.941179618977677990e+00
1.435805630518054876e+01 1.197049813659169004e+01 7.928490097401256875e+00
1.433163359992625985e+01 1.194695357253013945e+01 7.916187338507387317e+00
1.433033447351418133e+01 1.194800473356155557e+01 7.912248037667907852e+00
1.433859314709667743e+01 1.195465446838138668e+01 7.917164263773789123e+00
1.437984713306690310e+01 1.198691530687420048e+01 7.943164671350925410e+00
1.436109821561673705e+01 1.197278092170702024e+01 7.930552248071922605e+00
1.437137327339158333e+01 1.198078807411459756e+01 7.937070422158755356e+00
1.434624261058982775e+01 1.195844335281703152e+01 7.925295554070484805e+00
1.434845246128632468e+01 1.196221871431536954e+01 7.923598391177882228e+00
1.437161511592273122e+01 1.198069129373679154e+01 7.937654386807110996e+00
1.437428295407183931e+01 1.198278620863962018e+01 7.939322711778149078e+00
1.435881820511345452e+01 1.196926249355597527e+01 7.931734716179795086e+00
1.435635921473603993e+01 1.196827161926672822e+01 7.928778238164501779e+00
1.435202828393332553e+01 1.196584925121572951e+01 7.924592580063792191e+00
1.435297232587739202e+01 1.196454257919990027e+01 7.928274431294293656e+00
1.438729695548075682e+01 1.199249085380353108e+01 7.948237339600804141e+00
1.437037511259896228e+01 1.197972927626698869e+01 7.936861303069070672e+00
1.436484936906419563e+01 1.197531992788711719e+01 7.933511834027459741e+00
1.436592792923368656e+01 1.197664678033856944e+01 7.933461865222663612e+00
1.436018684908115439e+01 1.197057883996690286e+01 7.932225953454676848e+00
1.436233535809948947e+01 1.197191229880152363e+01 7.934103153370241301e+00
1.437407151598495503e+01 1.198273480838174621e+01 7.939017474388535334e+00
1.436153048158989343e+01 1.197330340669548576e+01 7.930546217307476553e+00
1.436500384578471490e+01 1.197418870843782024e+01 7.935498740730153600e+00
1.436735065427114399e+01 1.197577233447311684e+01 7.937357357184681383e+00
1.437064706453242202e+01 1.198009833230086230e+01 7.936796646113366549e+00
1.438541788151673195e+01 1.199126807359319713e+01 7.946680918036525654e+00
1.439139652279596149e+01 1.199580723753552114e+01 7.950654224416633831e+00
1.437665719585035973e+01 1.198439383861862240e+01 7.941194900509365162e+00
1.438805537118179245e+01 1.199327957371647990e+01 7.948420121688853257e+00
