# Mf af A2220 phi2220 logL logPrior
8.367567757269578976e+01 6.702980681362491477e-01 6.840855656731647194e+00 4.976561596833226631e+00 1.923831334240569777e+04 0.000000000000000000e+00
9.154143978686754224e+01 6.929478730672478104e-01 6.953827014619003322e+00 4.178663933932902808e+00 1.924631908364899209e+04 0.000000000000000000e+00
8.548636519087956742e+01 7.837955289811423532e-01 4.171258328718620234e+00 3.872243168682673264e+00 1.943900926176100620e+04 0.000000000000000000e+00
8.386899671461662820e+01 3.640051235504083715e-01 5.654284988969974890e+00 5.446743425303115949e+00 1.945128986771533164e+04 0.000000000000000000e+00
9.144543128004323762e+01 5.684565421296572385e-01 5.521586231539208356e+00 6.169662258722865111e+00 1.947521094747886673e+04 0.000000000000000000e+00
6.817268720869121523e+01 2.977800055583248451e-01 4.107705743412621402e+00 4.703976863667056030e+00 1.950055864722420301e+04 0.000000000000000000e+00
5.015889066044977795e+01 6.702051322595145022e-01 4.290523673732246301e+00 3.238982268166115563e+00 1.952947967596169474e+04 0.000000000000000000e+00
8.713052803383125422e+01 3.803824393733715725e-01 4.401596908709857203e+00 5.978541217108086947e+00 1.954389227751918952e+04 0.000000000000000000e+00
5.124547800503822259e+01 4.241974774610403065e-01 3.465322839669866539e+00 4.042491112511988227e+00 1.954406549412396635e+04 0.000000000000000000e+00
6.755471506190744435e+01 4.316459523085331984e-01 6.501322890589224635e+00 2.856483619439814881e+00 1.956521572928780733e+04 0.000000000000000000e+00
7.489258259075063506e+01 6.280479849473964427e-01 2.691124680133867297e+00 5.117609606013395762e+00 1.956881151951631182e+04 0.000000000000000000e+00
9.962219316713978401e+01 3.506738852177911370e-01 6.866058004213860144e+00 1.663644528819413715e+00 1.957247818595433273e+04 0.000000000000000000e+00
7.634729577237507669e+01 2.448983168019869261e-01 6.506145551197310084e+00 8.891175207982005002e-01 1.958650003439844295e+04 0.000000000000000000e+00
9.420530389985074748e+01 9.032371073185135879e-01 1.762430902094334950e+00 3.694444207703739824e+00 1.959021239834172229e+04 0.000000000000000000e+00
5.995705718738724244e+01 8.495878671003557203e-01 4.961056425166290751e+00 4.716293419337324266e+00 1.959453908422165478e+04 0.000000000000000000e+00
8.116127106651370582e+01 6.260709407938627180e-01 4.092556685700317054e+00 3.238944435018813905e+00 1.959746983182939221e+04 0.000000000000000000e+00
6.872787843189161094e+01 6.807040301352194067e-01 6.680447874931783048e+00 6.097841340761874562e+00 1.960734404303663177e+04 0.000000000000000000e+00
7.877559166057305617e+01 9.236166296920688135e-01 1.344133051802847589e+00 3.603709049466589320e+00 1.961195489572892257e+04 0.000000000000000000e+00
5.815715383512696945e+01 5.749488144016399183e-01 1.717991964642659797e+00 3.379183211986797719e+00 1.961610946238629549e+04 0.000000000000000000e+00
6.929197062158850429e+01 9.176421242877552675e-01 5.589843398496250337e+00 1.399820192802902596e+00 1.962771919729090587e+04 0.000000000000000000e+00
8.646932439556881889e+01 5.109211809710806351e-01 1.870024489768987719e+00 5.585733416127677486e+00 1.962823181677433604e+04 0.000000000000000000e+00
5.021682272392929036e+01 7.578857368000536665e-01 1.951004802420668094e+00 3.106710892074135089e+00 1.962876664095828892e+04 0.000000000000000000e+00
9.340044578554305588e+01 3.332942249304621241e-01 5.320201352787564453e+00 3.108965058872646736e+00 1.963628479694181806e+04 0.000000000000000000e+00
5.545636069339654739e+01 9.599637587127110017e-01 2.930093507734446767e+00 1.327579513468708061e+00 1.964839182228699428e+04 0.000000000000000000e+00
5.900649178437391384e+01 8.402797152243555168e-01 1.620670373138104914e+00 2.336759276914734063e+00 1.965278169529636943e+04 0.000000000000000000e+00
6.543715044682758730e+01 5.369094434653093328e-01 5.331731159554695232e+00 1.254457455839652624e-02 1.966014474823802448e+04 0.000000000000000000e+00
5.089923829580295234e+01 4.516105782188928885e-01 2.364556429772116442e+00 5.064115817586710477e+00 1.966039120552656459e+04 0.000000000000000000e+00
8.552932426900491691e+01 8.781421729403954268e-01 1.206271062623926360e+00 5.613029994623863317e+00 1.966354152168046858e+04 0.000000000000000000e+00
9.840372310273214396e+01 7.247224501797495666e-01 1.586465677850555922e+00 3.167154392158957332e-01 1.966556175258744406e+04 0.000000000000000000e+00
8.165503741761087042e+01 2.250779055322462141e-01 2.488337732113571121e+00 7.082364912052125927e-01 1.967035165053266246e+04 0.000000000000000000e+00
6.022578053544994958e+01 4.976370370220971617e-01 1.643530019659183772e+00 5.586507899611152794e+00 1.967262767849130614e+04 0.000000000000000000e+00
8.834431565245247953e+01 3.434764318280950079e-01 4.675306647436592300e-01 5.371829489240096400e+00 1.967300501871214874e+04 0.000000000000000000e+00
6.373417566543149348e+01 3.146799315918034634e-01 3.286182691227942931e-01 4.167623770528192217e+00 1.967308088235685864e+04 0.000000000000000000e+00
5.120552216081354402e+01 7.802819627016617243e-01 1.008610532442673513e+00 2.043089236564408218e+00 1.967350919510640961e+04 0.000000000000000000e+00
8.226538234959370754e+01 7.147995167538587769e-01 3.596032118212308393e-01 3.551563119735006602e+00 1.967689692860196010e+04 0.000000000000000000e+00
9.433164094040873238e+01 5.066869164876137699e-01 5.586209928380529988e+00 2.553650027144800827e+00 1.967749723815092148e+04 0.000000000000000000e+00
8.642788913018277697e+01 2.820717059665637794e-01 1.687455425906002060e-01 5.622714004988101699e+00 1.968042667105096189e+04 0.000000000000000000e+00
6.025690250532347392e+01 7.536072228550138030e-01 2.324232858349290609e+00 5.207486109585685696e+00 1.968103943562962377e+04 0.000000000000000000e+00
9.436694085406169563e+01 2.522060167531639530e-01 3.537625880747128915e-01 4.359201091224148006e-01 1.968182234295765738e+04 0.000000000000000000e+00
8.457317767146076903e+01 3.935548069249474312e-01 2.426543025066140169e-01 4.093807735325136199e-01 1.968366333909042078e+04 0.000000000000000000e+00
7.117598867724252898e+01 4.303486160889942735e-01 9.817234870026558813e-03 2.230069685652737443e-01 1.968390488358592120e+04 0.000000000000000000e+00
6.662924760745184471e+01 9.456680257216295571e-01 5.405266238906897946e+00 2.256742211688362310e-01 1.968419830444712716e+04 0.000000000000000000e+00
9.072117022406348497e+01 7.857681769364324165e-01 2.519673620908244871e-01 2.244008555015695183e-01 1.968468796839944480e+04 0.000000000000000000e+00
7.579565073355350080e+01 6.900019616147752277e-01 1.271487186399514080e+00 2.706226337061556464e+00 1.968590132031245594e+04 0.000000000000000000e+00
7.828959801817750019e+01 7.652783453799136826e-01 4.486242449919918940e+00 2.963725609512827264e-01 1.968851260603293122e+04 0.000000000000000000e+00
8.125894730978589564e+01 4.107057173015680185e-01 6.061056162213223963e+00 2.516789982988507202e+00 1.969046553449421117e+04 0.000000000000000000e+00
7.303027306867356572e+01 5.783292208531203293e-01 2.655656352973281287e-01 6.898990450637073613e-01 1.969088843989668021e+04 0.000000000000000000e+00
9.596544742217614044e+01 9.404157796828591653e-01 7.505341530694947805e-01 2.318252639833533024e+00 1.969401976435001416e+04 0.000000000000000000e+00
6.393613835408880419e+01 5.518811570873545236e-01 4.094561978903780153e-01 2.739109891199650315e-01 1.969490703792121712e+04 0.000000000000000000e+00
6.133692036496421451e+01 9.460135863350882524e-01 4.197692919441001536e+00 6.189771019008271757e+00 1.969490765624936466e+04 0.000000000000000000e+00
9.961978482231052112e+01 2.324707394839559127e-01 2.993140573875209487e+00 2.004815856792248052e+00 1.969673795589184010e+04 0.000000000000000000e+00
5.561790003546011008e+01 7.000335834011178759e-01 8.383170757516038574e-01 1.059107791667231346e+00 1.970053669180133511e+04 0.000000000000000000e+00
6.571302878058422436e+01 5.472446729556700307e-01 5.172165059287432420e-01 7.304747939499223186e-01 1.970134985024545676e+04 0.000000000000000000e+00
5.747789821892268236e+01 2.917429835933585958e-01 3.079934129829422940e+00 2.301812196349193318e+00 1.970219347351772012e+04 0.000000000000000000e+00
6.642281302111543084e+01 9.585007699996204167e-01 1.952177751003172146e+00 5.644133194354512995e+00 1.970295992179875248e+04 0.000000000000000000e+00
9.172676866875640656e+01 5.484688247830640240e-01 1.406904129591917130e+00 2.671053491231108357e+00 1.970351298729622795e+04 0.000000000000000000e+00
8.975362749823835884e+01 5.029715880753818924e-01 3.843825883651077469e+00 1.611059513469838000e+00 1.970648642413130074e+04 0.000000000000000000e+00
6.691275419786954615e+01 3.519501543643087649e-01 3.204617298036172013e+00 6.083812496011282711e-01 1.970757368084867994e+04 0.000000000000000000e+00
5.758141389148599387e+01 4.733277659967825013e-01 7.129430068271216392e-01 5.957374840343487854e-01 1.970772272917578812e+04 0.000000000000000000e+00
8.273717166855767857e+01 4.832361152113088254e-01 6.206547282645210828e+00 2.183421821277849784e+00 1.971158907709754567e+04 0.000000000000000000e+00
5.014875892666801604e+01 2.578221188294454458e-01 5.993954829452061261e+00 6.119225561538832459e+00 1.971250488402183692e+04 0.000000000000000000e+00
9.626582696412511098e+01 8.154743432129409886e-01 1.051178583908783493e+00 2.219994485671556994e+00 1.971261911804774718e+04 0.000000000000000000e+00
7.469918491276290240e+01 6.368308624636885851e-01 8.402657033628280203e-01 1.472405345590116710e+00 1.971360744584849454e+04 0.000000000000000000e+00
6.056555483058377121e+01 8.905193820219825529e-01 2.059682981559039838e+00 6.519580570416700915e-01 1.971441867497839485e+04 0.000000000000000000e+00
7.783047639309864962e+01 7.119506307456245908e-01 8.816435621477705098e-01 1.441908896194436629e+00 1.971668928475605935e+04 0.000000000000000000e+00
7.897584970856428299e+01 2.101728950444986255e-01 2.632476195900141924e+00 2.432131347105487951e+00 1.971779914446830298e+04 0.000000000000000000e+00
7.039911998974500307e+01 6.334463904101358400e-01 5.430168218515239786e+00 5.413252212045299716e-01 1.971871435575187206e+04 0.000000000000000000e+00
6.872764676701011410e+01 8.890059109738694954e-01 6.682540443458832691e+00 6.096593704498393329e+00 1.971931934147094216e+04 0.000000000000000000e+00
6.469960072113617855e+01 4.251401760639725858e-01 3.547230746619721931e+00 4.806959536167179081e-01 1.971977710484084309e+04 0.000000000000000000e+00
5.322802157775010556e+01 2.261960509130897523e-01 3.175830192375774352e+00 5.259290571945962611e-02 1.971982436158601558e+04 0.000000000000000000e+00
7.812382552391277102e+01 6.087462486714281251e-01 4.550496890912182124e+00 1.052798154421680010e+00 1.972058855685938397e+04 0.000000000000000000e+00
8.610477272075625876e+01 4.420811198259694264e-01 3.764365355558501491e+00 2.371722267251224370e+00 1.972065684947965201e+04 0.000000000000000000e+00
5.698379569842411740e+01 7.524457840786947793e-01 2.723069602702004932e+00 1.037450455419224760e+00 1.972113683634235349e+04 0.000000000000000000e+00
5.533736456510198565e+01 3.744148815079083037e-01 2.437175363129609806e+00 1.800578507110759174e+00 1.972253075662914125e+04 0.000000000000000000e+00
5.900889926596635604e+01 3.713317752438048402e-01 2.785613014783148156e+00 2.407144034540937838e-01 1.972325445094990573e+04 0.000000000000000000e+00
9.439627708852248134e+01 7.644332333912304822e-01 3.089012725603312415e+00 1.433845048288225010e+00 1.972386518093913037e+04 0.000000000000000000e+00
9.418892214161503773e+01 7.483466135439785782e-01 4.425813671130890192e+00 2.152900790241657258e+00 1.972434445183699791e+04 0.000000000000000000e+00
5.178305553635381386e+01 7.422371536187554186e-01 3.059159013855333065e+00 7.294472074894597924e-01 1.972440365523929722e+04 0.000000000000000000e+00
6.188454045146237092e+01 6.519763421126978375e-01 3.613630842831819123e+00 6.064016965021932215e+00 1.972551660559679658e+04 0.000000000000000000e+00
7.926285467735986856e+01 5.015392224306136626e-01 3.250180557372596812e+00 1.335798268159773983e+00 1.972709880371343024e+04 0.000000000000000000e+00
5.259448549011230511e+01 3.225900881106187890e-01 1.482476163550276560e+00 7.139097684857730330e-01 1.972830431199112354e+04 0.000000000000000000e+00
9.363005153913421452e+01 8.141381085651288041e-01 2.931936171681215342e+00 2.286761229858179423e+00 1.972941941672472603e+04 0.000000000000000000e+00
8.237532343991365735e+01 5.948092584205526556e-01 5.023651376063577700e+00 1.552554915072870356e+00 1.972952013963515128e+04 0.000000000000000000e+00
7.580836996994293031e+01 3.266165710129568800e-01 5.615489020356561056e+00 1.817009141211720857e+00 1.972972842700538240e+04 0.000000000000000000e+00
5.884558812846007214e+01 6.519182693149322416e-01 6.364937597819020354e+00 6.116479169171847197e+00 1.973057935121165065e+04 0.000000000000000000e+00
5.543400702669138269e+01 8.185019848341587023e-01 5.459407485096348545e+00 6.167705970319378395e+00 1.973230674372470457e+04 0.000000000000000000e+00
6.112057160564013003e+01 8.721007826341186098e-01 5.044542220020667322e+00 1.536664998155257977e-01 1.973527223820139261e+04 0.000000000000000000e+00
7.208326209858485356e+01 3.672907223365776685e-01 2.765636026871296060e+00 1.405154457836099047e+00 1.973552424016252917e+04 0.000000000000000000e+00
7.789623188311297497e+01 9.499194963350030552e-01 4.109240089835788368e+00 6.149772262075183349e+00 1.973812890483325100e+04 0.000000000000000000e+00
7.809287611469052592e+01 9.456167227583202051e-01 3.339837251997608281e+00 5.505901095847982596e-01 1.973842775022135902e+04 0.000000000000000000e+00
7.422807865536233862e+01 5.095101713778027452e-01 3.889215610059594486e+00 1.213000334505760058e+00 1.974020514706741233e+04 0.000000000000000000e+00
6.004911816161849458e+01 2.272163657438644457e-01 3.454452556338632796e+00 8.255996936798531971e-01 1.974047230881582436e+04 0.000000000000000000e+00
6.175990707410461766e+01 8.483955369625448828e-01 4.932811249584900359e+00 6.107667299908356995e+00 1.974135657045591870e+04 0.000000000000000000e+00
6.143428401805652328e+01 5.527105355117185592e-01 1.832319718242082285e+00 9.843898469324000589e-01 1.974253890605914421e+04 0.000000000000000000e+00
6.166754268627209257e+01 6.788731787302754173e-01 2.475499150384201208e+00 1.162332190211256666e+00 1.974340043703203992e+04 0.000000000000000000e+00
7.177611228084656148e+01 3.206466342231969469e-01 3.492468724552539872e+00 1.659392272334813567e+00 1.974408728663154398e+04 0.000000000000000000e+00
9.352915224676019079e+01 8.919322939457742239e-01 3.801885797387009269e+00 1.057917723626675688e+00 1.974438911416968767e+04 0.000000000000000000e+00
8.247085321249825540e+01 9.013707339959095011e-01 1.496450962638564253e+00 5.462681215322049422e-01 1.974460982937075823e+04 0.000000000000000000e+00
9.186352025689537015e+01 7.974175030495014305e-01 2.563306176150908833e+00 1.832048831234946107e+00 1.974486205552378669e+04 0.000000000000000000e+00
6.864008763460492446e+01 4.938099156647981491e-01 5.115072626005026990e+00 2.070215008533663692e+00 1.974489192826234648e+04 0.000000000000000000e+00
7.104602519663170312e+01 7.523719543191625947e-01 6.791143915873218972e+00 6.258782199117531864e-01 1.974495561324591472e+04 0.000000000000000000e+00
6.844625119449834472e+01 7.285201356014545659e-01 2.956072926647713039e+00 1.841376715019648336e-01 1.974585108774104447e+04 0.000000000000000000e+00
6.709699065781511251e+01 5.171175539311798630e-01 2.099261778091762398e+00 1.196324077713331713e+00 1.974594755378667469e+04 0.000000000000000000e+00
5.402224617377224547e+01 3.990021180774151466e-01 2.200713889039510374e+00 8.715733244029524318e-01 1.974607639677146290e+04 0.000000000000000000e+00
6.437082984860811052e+01 5.864306675260707591e-01 2.924801972999645283e+00 1.677954626186196840e+00 1.974608736514267366e+04 0.000000000000000000e+00
8.857058777404041905e+01 7.378809184613333017e-01 3.205619531619274376e+00 1.881651815513533554e+00 1.974686112394640440e+04 0.000000000000000000e+00
6.966569429613316800e+01 7.674117330054335273e-01 2.408417509330825546e+00 2.213231924488879843e-01 1.974686700438716070e+04 0.000000000000000000e+00
8.919782416525544022e+01 7.751948549321037163e-01 3.972159070750151955e+00 1.974623136861598960e+00 1.974693908925011056e+04 0.000000000000000000e+00
5.114812111709431974e+01 6.887137380483892013e-01 5.666353659383123187e+00 6.267405414600292879e+00 1.974709298613188730e+04 0.000000000000000000e+00
6.425640037213541689e+01 8.397702205777785034e-01 5.809894036226214808e+00 6.249277513580791421e+00 1.974819131233265580e+04 0.000000000000000000e+00
5.727955790952033510e+01 6.725802547971414524e-01 3.141671750781456662e+00 8.596717038503081110e-01 1.974845929276751849e+04 0.000000000000000000e+00
5.883403396508104777e+01 4.862913697920566158e-01 2.245583471433434841e+00 1.069162203546939915e+00 1.974996091460555181e+04 0.000000000000000000e+00
6.626139829648116120e+01 6.843543647667259533e-01 3.122231383355238421e+00 2.639818724585676346e-01 1.975074763824588445e+04 0.000000000000000000e+00
5.150054515202914018e+01 5.277069202795954261e-01 6.468335966738217202e+00 6.217021611415545657e+00 1.975076011395384558e+04 0.000000000000000000e+00
5.332411393860432014e+01 5.092483045049144286e-01 6.242697846664117201e+00 1.177537135302233695e+00 1.975082398223855125e+04 0.000000000000000000e+00
6.059568113763513963e+01 2.546296606162567477e-01 3.645731439162675613e+00 1.933839175710761582e+00 1.975109522249929068e+04 0.000000000000000000e+00
6.889658460952034602e+01 7.207749237784029095e-01 2.493196387921196244e+00 4.222475160702022223e-01 1.975131539889069609e+04 0.000000000000000000e+00
7.821019866018926336e+01 7.079631207621074340e-01 3.586396070238933032e+00 9.988986454163515383e-01 1.975169336432256750e+04 0.000000000000000000e+00
5.755055180840493989e+01 6.537048373487861497e-01 5.865444860345461642e+00 1.022447102999402890e+00 1.975290858804919844e+04 0.000000000000000000e+00
6.274187035169003224e+01 6.787339195010131387e-01 2.504194257598796547e+00 9.903552529023588180e-01 1.975372560857408098e+04 0.000000000000000000e+00
6.237526658569438354e+01 7.070757530572510108e-01 5.621609232668011380e+00 6.968014208664981279e-02 1.975504732273833361e+04 0.000000000000000000e+00
6.042461059744449159e+01 2.735368657676185977e-01 3.058641681454972172e+00 1.166872600463430221e+00 1.975582207395910882e+04 0.000000000000000000e+00
5.939459313327955670e+01 2.316413930207136262e-01 2.924882825453328117e+00 1.452353988181611655e+00 1.975612893355487176e+04 0.000000000000000000e+00
7.184413958507084885e+01 4.710518626826585287e-01 3.408569649602481988e+00 1.636471368695397777e+00 1.975665683743355839e+04 0.000000000000000000e+00
6.871219758620033247e+01 3.926199230525020956e-01 5.778879262997734578e+00 1.504435557807441759e+00 1.975671848769729695e+04 0.000000000000000000e+00
6.113123738380958372e+01 3.967767207046273836e-01 2.981332753439260408e+00 9.254923627879177994e-01 1.975698669655203048e+04 0.000000000000000000e+00
6.038396122871125726e+01 5.393567195465212016e-01 2.864191566083247764e+00 1.297541048394555752e+00 1.975721889727660528e+04 0.000000000000000000e+00
6.710678590320361536e+01 7.388199765232513760e-01 2.435047354136730569e+00 9.631307454277096003e-01 1.975801946968202174e+04 0.000000000000000000e+00
5.547419444933775168e+01 4.265626978100474087e-01 2.870370940054880915e+00 6.587383315542615358e-01 1.975882582702805303e+04 0.000000000000000000e+00
5.259258000909404984e+01 4.340039288982947552e-01 3.061667318461068543e+00 6.882696649382603615e-01 1.975930992322141174e+04 0.000000000000000000e+00
7.742007576437399052e+01 7.728877704659791181e-01 3.200130575068136807e+00 7.535438184251442850e-01 1.975950842230045237e+04 0.000000000000000000e+00
6.146330670974349175e+01 7.798191559640663684e-01 4.517030556222562332e+00 5.824076843344072607e-02 1.976047785699897577e+04 0.000000000000000000e+00
8.062052938003621705e+01 8.634487867559466068e-01 5.083847997621266046e+00 6.772244271897459589e-01 1.976327576774932459e+04 0.000000000000000000e+00
5.124620581139163988e+01 3.622758255480079126e-01 3.356288862971326559e+00 7.525107042197562990e-01 1.976343769494303706e+04 0.000000000000000000e+00
7.629341974439962826e+01 7.761984979240761362e-01 4.794589214900720542e+00 7.595938475667906031e-01 1.976346044023476861e+04 0.000000000000000000e+00
6.721696326295098345e+01 4.924184704716381145e-01 3.757222669491112832e+00 1.750338764620948062e+00 1.976392108938483216e+04 0.000000000000000000e+00
7.027781826697500378e+01 5.591645819774107018e-01 3.175859720577982159e+00 1.349256809758691666e+00 1.976407013121849377e+04 0.000000000000000000e+00
7.229398121419006884e+01 6.040640594311852407e-01 6.421531023572388364e+00 1.591136276857862741e+00 1.976456846075340945e+04 0.000000000000000000e+00
6.869934233681938451e+01 6.588901050901432299e-01 2.940701574665514961e+00 8.247243720670568434e-01 1.976478934353747536e+04 0.000000000000000000e+00
7.006908399679510069e+01 6.558971029086192450e-01 2.712723485314673777e+00 1.202293050431178623e+00 1.976489241537337875e+04 0.000000000000000000e+00
5.796128809903155599e+01 4.350885759626393900e-01 5.908292228094730092e+00 1.548742466897790937e+00 1.976518264333023035e+04 0.000000000000000000e+00
5.632121648172864781e+01 5.022419990806256118e-01 5.175814087258546969e+00 1.279330875099907505e+00 1.976577152677502818e+04 0.000000000000000000e+00
5.687727551699072137e+01 2.141653912845403462e-01 6.207625164907217830e+00 1.776805871265350278e+00 1.976606209351865255e+04 0.000000000000000000e+00
7.314313900667902146e+01 8.856339095106864345e-01 4.389532144701024485e+00 4.912154421349528843e-01 1.976714439380478143e+04 0.000000000000000000e+00
7.060817651689622210e+01 6.727520534059269197e-01 3.558734677165845461e+00 1.590001489073460617e+00 1.976721095011407670e+04 0.000000000000000000e+00
6.714491176341262246e+01 5.367101660885832404e-01 3.483000573086737717e+00 1.098205997246757049e+00 1.976740241806060294e+04 0.000000000000000000e+00
5.916316565367573332e+01 6.341136733860198715e-01 6.017982737001982052e+00 2.877131935968649246e-01 1.976745126447622897e+04 0.000000000000000000e+00
5.154879605047944580e+01 3.863492150750310050e-01 6.715639664431568789e+00 3.969976552963701000e-01 1.976794362473757792e+04 0.000000000000000000e+00
5.513796892486553247e+01 4.483802927245948422e-01 6.775186987293604801e+00 5.204125846171523406e-01 1.976844228750008551e+04 0.000000000000000000e+00
6.892962727224056607e+01 8.333529178561512873e-01 3.460522725073287731e+00 5.506274269860900183e-01 1.976865952438221939e+04 0.000000000000000000e+00
5.141502317634279962e+01 5.068742797030695302e-01 5.309143211981602661e+00 2.770434970832901245e-01 1.976890344571349488e+04 0.000000000000000000e+00
5.445749978238629296e+01 5.581645854779770932e-01 5.473240892357196685e+00 8.649530875969534405e-01 1.976893489580026653e+04 0.000000000000000000e+00
5.717737639048890941e+01 5.143130206419007644e-01 4.455466799777008546e+00 1.222767572566112682e+00 1.976922160904128395e+04 0.000000000000000000e+00
9.308791278951842685e+01 9.289111937386009821e-01 2.944724928637445949e+00 1.379393326339816372e+00 1.976949021660414292e+04 0.000000000000000000e+00
5.476430598106912129e+01 4.768183258551694226e-01 5.228750721392476208e+00 3.409382196540539645e-01 1.976989768133152029e+04 0.000000000000000000e+00
8.624677901993339901e+01 8.480148160042910721e-01 3.117395292407598717e+00 1.229947179114912803e+00 1.977014992541680476e+04 0.000000000000000000e+00
6.950974506871715164e+01 5.855818427640498980e-01 4.778810509746733715e+00 1.087984681438780132e+00 1.977059806677917732e+04 0.000000000000000000e+00
8.933069308256996521e+01 9.397160970941678126e-01 3.771286534935553991e+00 6.972659918316459482e-01 1.977066537250038527e+04 0.000000000000000000e+00
7.462622353507825324e+01 7.816446160715591063e-01 3.121167749003006975e+00 1.350439278843714286e+00 1.977072983695324729e+04 0.000000000000000000e+00
5.981470641083135575e+01 7.147294898447523748e-01 4.740193564111135238e+00 3.921598341561073342e-01 1.977134699053466829e+04 0.000000000000000000e+00
5.653330598673756668e+01 2.801147625572324440e-01 3.741633309104249516e+00 1.315257451033692959e+00 1.977146652602840913e+04 0.000000000000000000e+00
5.702025365808992774e+01 6.400099409223743985e-01 4.468005125367260355e+00 4.973632879468902757e-01 1.977174159534161663e+04 0.000000000000000000e+00
6.574627808693546172e+01 6.978088010897681714e-01 3.478530992079837958e+00 1.117940536599515422e+00 1.977175618079957349e+04 0.000000000000000000e+00
6.426571866683585199e+01 6.046310561529716354e-01 3.685594361064451707e+00 7.075372656451763831e-01 1.977218025111536917e+04 0.000000000000000000e+00
8.474971502353437813e+01 8.373121248202970435e-01 4.191118568170672631e+00 1.227055556149418081e+00 1.977277053567769690e+04 0.000000000000000000e+00
6.331504607666375506e+01 3.356670534113871396e-01 5.769570319405086245e+00 1.674874040589402258e+00 1.977301676325463632e+04 0.000000000000000000e+00
5.568673338111717896e+01 3.095727700785979586e-01 6.956519846550614616e+00 1.488421456538217225e+00 1.977323484639961316e+04 0.000000000000000000e+00
6.428380966241557815e+01 5.124246635588857179e-01 3.899092672288391626e+00 1.490234872019988943e+00 1.977342405056547068e+04 0.000000000000000000e+00
6.032729496506195233e+01 5.949542620225337641e-01 3.611856678730532622e+00 7.224587634374314282e-01 1.977421275389704897e+04 0.000000000000000000e+00
5.715310062350399534e+01 4.624749401317200248e-01 4.894387898136801418e+00 5.725888452202277934e-01 1.977444101584914824e+04 0.000000000000000000e+00
5.746447309665788339e+01 4.057084113492577249e-01 5.440555493700470535e+00 1.448376917919323770e+00 1.977528503654740416e+04 0.000000000000000000e+00
6.537363726706963973e+01 4.670435087758873505e-01 4.266001140513887790e+00 1.522071803251571875e+00 1.977538137563818236e+04 0.000000000000000000e+00
5.656662508137513612e+01 4.006039968269920482e-01 5.261723842061480028e+00 1.392250639547230717e+00 1.977542578072792821e+04 0.000000000000000000e+00
5.948770912296798485e+01 2.359464404987860753e-01 6.465020648857453089e+00 1.548307832141651463e+00 1.977553929856306422e+04 0.000000000000000000e+00
6.619151221761774195e+01 7.107231606098293186e-01 4.030176785594933087e+00 5.182361795213601408e-01 1.977576497009534069e+04 0.000000000000000000e+00
5.265808659109588774e+01 4.276880949749488070e-01 4.651405595527863035e+00 8.386766201545089450e-01 1.977594184590247096e+04 0.000000000000000000e+00
8.491929945364759647e+01 9.203662946471854456e-01 4.026138795185811858e+00 8.010868240399570128e-01 1.977594624891546482e+04 0.000000000000000000e+00
7.113320070077001844e+01 5.950035773662596394e-01 4.282425800814342765e+00 1.425775545786892362e+00 1.977601941730166436e+04 0.000000000000000000e+00
6.513510633650220427e+01 5.121142120325478109e-01 4.916223311416619168e+00 1.062186643348635329e+00 1.977609302767346526e+04 0.000000000000000000e+00
6.997634011916777297e+01 5.759643056322027999e-01 4.214067531278802292e+00 1.421892568837750614e+00 1.977629923354476341e+04 0.000000000000000000e+00
7.536185938679967933e+01 8.569557829237421931e-01 3.357144370302599601e+00 8.585643174120933807e-01 1.977633054191757401e+04 0.000000000000000000e+00
6.105272952463354841e+01 6.197561006935713435e-01 5.198793971639632971e+00 1.123853998763860940e+00 1.977679153052911352e+04 0.000000000000000000e+00
7.020524032429976558e+01 8.042560601828816491e-01 4.143056047861534807e+00 9.395051396987522674e-01 1.977690268183341323e+04 0.000000000000000000e+00
6.777466735187233837e+01 5.824518688907640573e-01 3.938946885208336912e+00 1.163090289452104020e+00 1.977709476436721525e+04 0.000000000000000000e+00
6.201161580353799962e+01 4.367384009361284236e-01 6.227728128455045642e+00 1.546926698603728445e+00 1.977743267494621978e+04 0.000000000000000000e+00
5.536381812912473066e+01 5.467541371771795777e-01 5.309594010252050467e+00 6.908206506175608164e-01 1.977828791695320979e+04 0.000000000000000000e+00
6.087587834934389264e+01 6.027817289386462329e-01 6.673790796722998131e+00 9.062125357966546169e-01 1.977828873492893035e+04 0.000000000000000000e+00
8.518126081573895192e+01 8.844750917169703630e-01 4.233500856785855859e+00 1.027654157526979528e+00 1.977833860085314882e+04 0.000000000000000000e+00
6.856204131893225906e+01 5.835949440026564350e-01 5.945591211918024754e+00 1.452546696230172074e+00 1.977847794228010025e+04 0.000000000000000000e+00
5.728656458785795280e+01 3.019868819217096378e-01 4.833613050069185846e+00 1.460050685393719405e+00 1.977853020112541708e+04 0.000000000000000000e+00
5.613559380701548918e+01 5.537349924775845089e-01 5.221682868865608285e+00 7.548359161744447876e-01 1.977910902417447505e+04 0.000000000000000000e+00
6.599491870145725159e+01 7.383357343725716060e-01 4.703076230727511131e+00 9.496228149784357031e-01 1.977919405415929941e+04 0.000000000000000000e+00
7.571169670331354951e+01 7.526064034106874079e-01 4.192008133794963953e+00 1.454110771343493980e+00 1.977930739164018814e+04 0.000000000000000000e+00
5.444965844810730715e+01 2.219829551834889003e-01 6.213070764547935276e+00 1.479584645191578396e+00 1.977932708714298496e+04 0.000000000000000000e+00
6.120589859401385269e+01 5.465188764032565816e-01 4.603017881111696852e+00 7.365821080754401118e-01 1.977936977307016423e+04 0.000000000000000000e+00
6.609671047650616060e+01 6.867288655801794262e-01 3.769485772467660478e+00 1.037139482770641052e+00 1.977942429712995727e+04 0.000000000000000000e+00
6.211740925083220333e+01 4.468606326402166373e-01 6.115297134589495975e+00 1.499842122579373216e+00 1.977961949224375712e+04 0.000000000000000000e+00
7.423459615883295726e+01 7.693969370222583093e-01 5.365356159658882795e+00 9.710233092568703039e-01 1.977962274368928047e+04 0.000000000000000000e+00
5.505447250328754194e+01 3.691908636809291822e-01 4.838499121861833174e+00 1.195184370563894927e+00 1.978004465824141153e+04 0.000000000000000000e+00
5.751601603708413535e+01 3.361107489907115276e-01 5.593738877514303098e+00 1.468177511883243858e+00 1.978015838827005427e+04 0.000000000000000000e+00
5.830569215161838770e+01 5.063003471724879523e-01 6.365936641679282637e+00 1.143953504986779945e+00 1.978022994025634398e+04 0.000000000000000000e+00
7.342622154830768011e+01 7.183459418647650807e-01 5.400663185983215264e+00 1.195752648272284002e+00 1.978071513808174859e+04 0.000000000000000000e+00
6.953791735978153099e+01 7.223715129584917793e-01 5.855789577589373351e+00 1.176354460807843116e+00 1.978078961206758686e+04 0.000000000000000000e+00
5.213569616058760658e+01 3.128274343968809879e-01 5.552317055615794139e+00 1.099079691580597817e+00 1.978098042296914355e+04 0.000000000000000000e+00
6.253092916170043480e+01 4.455584839306126477e-01 5.694001570106220989e+00 1.197012021908381074e+00 1.978102136664567297e+04 0.000000000000000000e+00
6.953690746782994836e+01 6.764835579347037164e-01 5.599263177285068949e+00 1.028864448788839203e+00 1.978113107198796570e+04 0.000000000000000000e+00
5.114554279948563931e+01 3.311190297154634754e-01 5.544105422597194632e+00 8.549303771018680331e-01 1.978126054579148331e+04 0.000000000000000000e+00
6.783164063870555083e+01 6.847336735558339216e-01 6.008327847773546004e+00 9.678508649031893896e-01 1.978129127607196642e+04 0.000000000000000000e+00
7.486918997564283984e+01 7.501799065373030428e-01 3.917339385522011774e+00 1.331479161951969470e+00 1.978136179470365096e+04 0.000000000000000000e+00
6.389580885953486700e+01 6.012243616870901475e-01 4.999392702707386782e+00 7.909616815177343829e-01 1.978138672607221815e+04 0.000000000000000000e+00
6.040254414171604225e+01 3.742092697360201448e-01 6.149685281713547447e+00 1.451886819778881454e+00 1.978144610372203169e+04 0.000000000000000000e+00
6.912920267924334894e+01 6.293820666876003278e-01 4.156099414498604538e+00 1.293135434508066783e+00 1.978160195713477879e+04 0.000000000000000000e+00
5.686380065309898413e+01 2.466498894827766908e-01 5.791926258388992110e+00 1.468289716469645345e+00 1.978162383793363188e+04 0.000000000000000000e+00
7.120654303451971145e+01 7.611809228540238337e-01 5.535183687083380377e+00 1.111882531211624059e+00 1.978183278587321183e+04 0.000000000000000000e+00
7.442054686531777463e+01 8.123865231392055630e-01 5.285435836430003143e+00 9.434628070709130121e-01 1.978185508899813431e+04 0.000000000000000000e+00
6.285614660495353689e+01 4.954672767605116657e-01 5.675560845853209635e+00 1.439249921501836393e+00 1.978193481512025028e+04 0.000000000000000000e+00
6.985727306120661240e+01 6.607193865979897884e-01 4.219247323662645321e+00 1.349614381032297139e+00 1.978194364456669791e+04 0.000000000000000000e+00
6.056755267562188294e+01 5.156028473763366593e-01 5.882563846833627430e+00 1.289665431466647583e+00 1.978194657289267707e+04 0.000000000000000000e+00
6.612067727399087858e+01 6.199705023288910599e-01 4.005352338795912459e+00 1.169671285179268549e+00 1.978195357966490337e+04 0.000000000000000000e+00
6.062311788268672075e+01 4.480150668791141322e-01 6.461976688417905734e+00 1.163410990692456126e+00 1.978196595832191088e+04 0.000000000000000000e+00
6.044045645150286106e+01 3.643830717422532062e-01 5.413461126624440567e+00 1.283902930315143021e+00 1.978205894350539893e+04 0.000000000000000000e+00
5.977556751404654278e+01 4.901127513211249176e-01 6.668528802700314451e+00 1.147128317343229620e+00 1.978206665513554253e+04 0.000000000000000000e+00
5.426319678006882441e+01 3.583444755663908188e-01 5.291992112098522938e+00 8.011217012869773502e-01 1.978215424743926633e+04 0.000000000000000000e+00
6.075205134036947641e+01 4.134562732469325708e-01 5.368598407841394859e+00 1.443889488069543203e+00 1.978217708156163280e+04 0.000000000000000000e+00
7.183173093346994165e+01 7.172396803549763167e-01 3.865875992259788063e+00 1.228019615742738102e+00 1.978222262470101850e+04 0.000000000000000000e+00
7.004989073586807535e+01 7.740454700107186614e-01 5.001565788851618066e+00 6.724924679312724862e-01 1.978224300348781981e+04 0.000000000000000000e+00
6.667742665926425616e+01 6.005365821375480140e-01 4.452008568575936742e+00 1.342919511777988406e+00 1.978260078759671524e+04 0.000000000000000000e+00
5.526782472518534917e+01 4.063301777904340661e-01 6.498519592048311644e+00 9.137260198806207434e-01 1.978263198071701481e+04 0.000000000000000000e+00
6.064148712252785600e+01 5.835236689261871224e-01 5.245387811273971579e+00 6.998817285557713541e-01 1.978271398258152476e+04 0.000000000000000000e+00
6.199073977213618036e+01 6.361792587313687131e-01 4.450973344770472906e+00 8.144296308166280030e-01 1.978285578753875234e+04 0.000000000000000000e+00
5.901887702390078516e+01 5.229530770143678842e-01 6.327708219233572962e+00 1.041972646248622292e+00 1.978299101294313004e+04 0.000000000000000000e+00
6.081009688265367430e+01 5.186711941248104418e-01 4.600725143342503820e+00 9.096884277774489602e-01 1.978307643878593808e+04 0.000000000000000000e+00
7.076981505926038096e+01 7.106589565479242143e-01 5.286879354330643821e+00 1.005611959352375351e+00 1.978336158110647739e+04 0.000000000000000000e+00
6.771361479257902261e+01 6.666305443783829832e-01 4.802301224071797492e+00 8.926477051517643924e-01 1.978349224147895438e+04 0.000000000000000000e+00
5.989401261877814875e+01 5.166918303930787548e-01 4.842663533483986704e+00 1.157597524628372510e+00 1.978349549135875714e+04 0.000000000000000000e+00
6.781611713971483368e+01 6.785161075506505046e-01 5.831741994737633661e+00 1.015629467447668466e+00 1.978351853519337237e+04 0.000000000000000000e+00
5.569393526017606888e+01 3.061209139718654715e-01 5.335747899404107208e+00 1.295562449188962129e+00 1.978352172246486589e+04 0.000000000000000000e+00
5.951109149372666707e+01 4.048503904444656354e-01 6.043035803479720691e+00 1.145432328672964406e+00 1.978353399179365442e+04 0.000000000000000000e+00
7.105924574704059182e+01 6.902599376838780554e-01 5.428889414661123958e+00 1.293989656272181321e+00 1.978353709138482736e+04 0.000000000000000000e+00
7.269983925359332488e+01 7.374816296064823362e-01 4.937033494074388074e+00 1.307624192621251291e+00 1.978368570703640216e+04 0.000000000000000000e+00
6.064580109282302089e+01 5.824010562806454239e-01 4.679357328879263811e+00 9.647247604382067632e-01 1.978374453834234373e+04 0.000000000000000000e+00
5.436355096349368665e+01 3.812751376563311423e-01 5.936222541383601836e+00 8.558253856796276260e-01 1.978376682723605700e+04 0.000000000000000000e+00
5.763731652870101385e+01 5.034698691972555595e-01 4.924681876613917098e+00 8.452385921446439188e-01 1.978382334630599507e+04 0.000000000000000000e+00
6.423424248843967632e+01 5.963298837081477677e-01 5.809551123345870316e+00 9.711651483813962260e-01 1.978388545670952954e+04 0.000000000000000000e+00
5.404715543472030959e+01 3.260523350411284049e-01 5.451821124528591689e+00 9.134401067752406789e-01 1.978392863249537913e+04 0.000000000000000000e+00
6.506385990362151972e+01 5.729286249633142036e-01 4.427819904102973325e+00 1.171436305702849179e+00 1.978399263065036575e+04 0.000000000000000000e+00
6.560271376155553469e+01 6.666132002465828821e-01 5.928145366756813139e+00 9.951075375639266696e-01 1.978400785205649299e+04 0.000000000000000000e+00
6.162240467757602147e+01 5.223687992363829080e-01 4.604396150374204133e+00 1.184258331146410992e+00 1.978407063442239451e+04 0.000000000000000000e+00
5.511620926484450678e+01 3.436859152426463004e-01 6.111842253874871567e+00 9.700951487156085351e-01 1.978409591202572847e+04 0.000000000000000000e+00
6.002266801490991810e+01 3.837135566325959868e-01 5.550960856014834022e+00 1.304553188559815391e+00 1.978418554350234626e+04 0.000000000000000000e+00
7.234774556854257810e+01 7.087164243542090070e-01 4.723554798145919165e+00 1.324305580266549542e+00 1.978420591144773061e+04 0.000000000000000000e+00
5.639384407611816385e+01 4.430781805625711445e-01 5.158827028146497184e+00 1.018920851314882858e+00 1.978427818321741870e+04 0.000000000000000000e+00
6.374729461779150341e+01 5.143003318643515343e-01 5.318111265883844752e+00 1.172761714506448172e+00 1.978439039569285524e+04 0.000000000000000000e+00
6.056036883284758687e+01 5.413825135962827551e-01 5.780959137255042180e+00 8.783121688017914153e-01 1.978447374315333582e+04 0.000000000000000000e+00
6.758500969339735320e+01 6.820617780825865006e-01 4.460065867716873633e+00 8.807486968624430590e-01 1.978459603815979062e+04 0.000000000000000000e+00
6.109400129471274710e+01 5.405455842720476856e-01 6.003843044522767514e+00 1.160389530197767805e+00 1.978461958339263947e+04 0.000000000000000000e+00
5.494911214451792603e+01 3.678156629296391311e-01 6.245633818440423646e+00 1.010579037285853410e+00 1.978465006101412291e+04 0.000000000000000000e+00
6.889817459245378473e+01 7.585554995239285336e-01 4.739805481306865076e+00 7.424864820626042583e-01 1.978476928846283772e+04 0.000000000000000000e+00
6.585009919306210691e+01 6.442312260233982180e-01 4.278618495840366798e+00 1.012062750944006106e+00 1.978480089174251771e+04 0.000000000000000000e+00
7.266122473848520258e+01 7.469862431845810669e-01 5.044231542129884005e+00 1.028414632782957749e+00 1.978483354650586625e+04 0.000000000000000000e+00
6.233122772251363841e+01 6.010865373152406432e-01 5.104268399780400145e+00 1.097032238298632612e+00 1.978484041028374122e+04 0.000000000000000000e+00
5.904577305679040222e+01 5.508441869486497833e-01 5.489677722014180361e+00 8.327236724685365132e-01 1.978488843058875864e+04 0.000000000000000000e+00
7.098335154641196709e+01 6.976601732416850554e-01 5.152136514436834069e+00 1.278045966479079532e+00 1.978489096494340993e+04 0.000000000000000000e+00
6.190067268522152233e+01 5.620926345527438306e-01 4.892662768540013474e+00 1.154592671183749308e+00 1.978492252381970320e+04 0.000000000000000000e+00
7.614821376110100459e+01 8.107584643601133401e-01 4.529605794897165083e+00 9.453895115622760192e-01 1.978492934079065890e+04 0.000000000000000000e+00
6.853935626673542458e+01 7.239672773013692275e-01 4.200506910299966812e+00 8.713940131903434860e-01 1.978493349509541076e+04 0.000000000000000000e+00
6.364532652974046556e+01 6.229057341405257464e-01 5.309419090654261097e+00 8.332494256237443775e-01 1.978495919220920041e+04 0.000000000000000000e+00
5.995813447202400681e+01 4.848573532412759901e-01 6.170252527310549517e+00 1.080522692437914989e+00 1.978501552735699443e+04 0.000000000000000000e+00
5.525337703383195276e+01 3.117867071700446968e-01 5.376296560866697050e+00 1.128706387449114557e+00 1.978512359822572398e+04 0.000000000000000000e+00
5.541956860481859337e+01 4.051813453876612070e-01 5.800105251569540599e+00 1.007337889644375428e+00 1.978514055838675995e+04 0.000000000000000000e+00
5.555401749264761690e+01 2.898435365586748413e-01 6.029746733054905938e+00 1.201951979406877147e+00 1.978518156229853412e+04 0.000000000000000000e+00
5.475697595906417803e+01 3.032134942152323043e-01 5.525647815460962065e+00 1.157808840114367577e+00 1.978521783625645912e+04 0.000000000000000000e+00
5.820020346547679679e+01 4.571104768565366627e-01 5.255901826799505905e+00 1.139926569144112056e+00 1.978522496496110398e+04 0.000000000000000000e+00
7.341243737294225014e+01 7.479236980595774797e-01 4.242154427652932824e+00 1.101779933597221373e+00 1.978523160986990115e+04 0.000000000000000000e+00
6.146730401749533002e+01 5.025576118941077475e-01 6.000945139397246386e+00 1.132029927414159642e+00 1.978532284829076161e+04 0.000000000000000000e+00
5.652715723292229200e+01 4.284525456425845591e-01 5.962383585849718060e+00 9.832400889869895577e-01 1.978538028151203616e+04 0.000000000000000000e+00
5.779276078344235401e+01 3.964638988081586879e-01 5.161132229344260303e+00 1.118022386554686332e+00 1.978538154863559976e+04 0.000000000000000000e+00
7.122405293525385162e+01 7.287081755148608897e-01 4.550361888022875334e+00 1.216993093695808659e+00 1.978541055484667959e+04 0.000000000000000000e+00
6.090631182282329803e+01 5.462460724289449621e-01 4.864271831100701604e+00 9.232246793332068435e-01 1.978542208921130805e+04 0.000000000000000000e+00
5.566277279002657963e+01 3.891453530748685274e-01 5.893131276209110148e+00 1.058280128125581809e+00 1.978550783568092811e+04 0.000000000000000000e+00
6.116719064053005894e+01 5.497775022520833277e-01 5.962820202218661159e+00 1.003813969020154406e+00 1.978551497802604354e+04 0.000000000000000000e+00
5.809889168593857534e+01 4.164157640469355326e-01 5.314047712581866811e+00 1.193630512491439699e+00 1.978553826088896676e+04 0.000000000000000000e+00
6.998403622688705639e+01 7.120222969072551589e-01 4.763370736770992764e+00 1.214562034638841270e+00 1.978557717243510706e+04 0.000000000000000000e+00
5.636886493372799833e+01 3.941762073689155654e-01 5.430949676763765943e+00 1.104473451779006687e+00 1.978558078117815967e+04 0.000000000000000000e+00
6.639700467733634071e+01 6.779464076719361465e-01 4.552107058870268119e+00 1.065020470605283709e+00 1.978562885386512789e+04 0.000000000000000000e+00
6.848882523817486856e+01 6.480697525742932230e-01 5.061186658926602355e+00 1.138220892214071522e+00 1.978565839748159124e+04 0.000000000000000000e+00
6.196538722463326820e+01 5.682692902134881541e-01 5.025431407653369931e+00 1.124009490908243647e+00 1.978571174586720008e+04 0.000000000000000000e+00
5.628082416458717319e+01 3.337741722739715478e-01 5.794208126680198134e+00 1.183787397097602945e+00 1.978571525704603118e+04 0.000000000000000000e+00
6.291302146545701390e+01 5.562009852741423011e-01 5.060773118442774887e+00 9.979269471917626699e-01 1.978572754370652910e+04 0.000000000000000000e+00
7.415686012595740806e+01 8.128167189440979046e-01 4.519980561255896312e+00 9.173617697455279663e-01 1.978575314399751369e+04 0.000000000000000000e+00
6.296388889645628240e+01 5.430790271367478272e-01 4.864873709547375746e+00 1.193402137646320416e+00 1.978577545535095487e+04 0.000000000000000000e+00
6.886037805036636428e+01 7.192319289133577431e-01 4.668719611376308087e+00 1.107598057081841780e+00 1.978580093657657562e+04 0.000000000000000000e+00
6.504755719129197189e+01 6.780807386438597595e-01 5.267248580755911291e+00 8.437622735911445293e-01 1.978580640416692040e+04 0.000000000000000000e+00
7.348733379982050451e+01 7.623640747873765555e-01 4.386209408422380385e+00 1.168598400913890778e+00 1.978587330014920008e+04 0.000000000000000000e+00
6.665915076790032856e+01 6.611776073923132380e-01 4.860564694279219111e+00 9.219951283790456253e-01 1.978588204745197436e+04 0.000000000000000000e+00
6.222450822356280753e+01 5.411749154056372246e-01 4.794400319337362326e+00 1.103902937624201552e+00 1.978588479965678198e+04 0.000000000000000000e+00
6.589255799558587512e+01 6.527610736784688061e-01 4.496256583305489052e+00 1.057810020179461130e+00 1.978593705405508808e+04 0.000000000000000000e+00
7.133227674482874647e+01 7.333883634328725032e-01 4.314495789343892440e+00 1.134844798419941014e+00 1.978593838117441919e+04 0.000000000000000000e+00
6.560724607212752346e+01 6.793657028436920209e-01 5.419307472246922330e+00 9.077253600535274414e-01 1.978599126371198872e+04 0.000000000000000000e+00
6.035112704914851633e+01 5.580911079275698850e-01 5.172116800363337319e+00 9.623982157943076210e-01 1.978603370122791603e+04 0.000000000000000000e+00
5.933163490785914007e+01 4.657289396988246732e-01 5.492996859982856250e+00 1.023514596866029969e+00 1.978605012208707194e+04 0.000000000000000000e+00
6.169369003803802087e+01 5.074362284616806829e-01 5.004674394463746623e+00 1.141881618746992011e+00 1.978606834572381558e+04 0.000000000000000000e+00
6.237010367025921198e+01 5.782158817813247698e-01 5.798152590583340427e+00 1.016430871628883015e+00 1.978608817199252007e+04 0.000000000000000000e+00
7.263843178018345270e+01 7.366425914705736488e-01 4.819225264093978112e+00 1.172043044265466571e+00 1.978609871697408016e+04 0.000000000000000000e+00
6.927692394054130887e+01 7.231194253548740569e-01 4.965991913083398046e+00 8.999547798386731134e-01 1.978611148183953992e+04 0.000000000000000000e+00
6.073837616848575749e+01 5.443453083338384291e-01 5.041502894420855974e+00 1.037008855858245981e+00 1.978619569739696090e+04 0.000000000000000000e+00
7.443379179181214056e+01 7.785004157179399309e-01 4.682484300920457088e+00 1.104613541493200346e+00 1.978620175874443157e+04 0.000000000000000000e+00
5.989189000993822987e+01 4.616623078745314968e-01 5.801578245242898113e+00 1.137786754577623238e+00 1.978620615190445460e+04 0.000000000000000000e+00
6.429535176315231126e+01 6.386046110292364908e-01 5.207736054461909347e+00 1.071135199071614030e+00 1.978620678626986410e+04 0.000000000000000000e+00
7.089113953419865766e+01 7.146737650688380628e-01 4.968338790068633770e+00 1.078679590173462932e+00 1.978625526109979182e+04 0.000000000000000000e+00
5.946736065763057155e+01 4.412585611508465511e-01 5.434404024861715143e+00 1.160001410455882453e+00 1.978627303550221768e+04 0.000000000000000000e+00
5.951599150003055883e+01 4.757194233403669870e-01 5.447441405555410121e+00 1.026079110549902973e+00 1.978627488343028745e+04 0.000000000000000000e+00
6.300828656190141430e+01 5.936284773077200594e-01 5.616669604516498993e+00 9.732878452418807225e-01 1.978628610862368078e+04 0.000000000000000000e+00
5.849964337041358675e+01 4.333013671103441711e-01 5.451314483306008540e+00 1.141545274550251898e+00 1.978630049944372149e+04 0.000000000000000000e+00
6.656373896933097001e+01 6.851920894265185469e-01 5.392475422067888324e+00 1.012783871016172732e+00 1.978632688245445024e+04 0.000000000000000000e+00
7.111408497429809472e+01 7.311061033736379056e-01 4.819304218857118904e+00 1.171080012933473080e+00 1.978633436063544286e+04 0.000000000000000000e+00
6.127262398845164171e+01 5.809381593560891677e-01 5.247199345819450578e+00 9.401599676851741805e-01 1.978636216419576886e+04 0.000000000000000000e+00
6.969435072539955911e+01 7.170918701295956321e-01 5.102635406679604912e+00 9.835021275841793198e-01 1.978637330440336882e+04 0.000000000000000000e+00
6.016421726214030485e+01 4.645650053359109966e-01 5.505109175108821695e+00 1.129094426603667101e+00 1.978637378638922019e+04 0.000000000000000000e+00
6.504896918915447657e+01 6.166229135111084281e-01 4.712785587669449328e+00 1.029636157168501098e+00 1.978637750765925011e+04 0.000000000000000000e+00
6.460529416444440187e+01 6.169596904250836955e-01 4.679497418418909760e+00 1.026867703820198985e+00 1.978638818277039900e+04 0.000000000000000000e+00
6.959775525711253863e+01 6.981328262143901009e-01 5.106517576320449336e+00 1.055337423324595569e+00 1.978638858393807095e+04 0.000000000000000000e+00
7.178643921780602000e+01 7.580075489913492559e-01 4.846996934369380838e+00 9.556610838071560865e-01 1.978640605134974612e+04 0.000000000000000000e+00
6.197574192452826480e+01 5.192278217695809328e-01 5.661916145578854476e+00 1.129471190019742499e+00 1.978640636064076534e+04 0.000000000000000000e+00
6.717995087082135797e+01 6.368002110419829220e-01 5.061990832262940110e+00 1.224030217273048171e+00 1.978641358076141842e+04 0.000000000000000000e+00
6.590248291347323573e+01 6.309836439191593982e-01 4.687360977374817494e+00 1.131322756448698064e+00 1.978642526802240172e+04 0.000000000000000000e+00
6.694603291695008807e+01 6.457201287517208010e-01 5.014352388723947840e+00 1.206239164198098957e+00 1.978643285079129782e+04 0.000000000000000000e+00
6.690397129294508716e+01 6.971356777089074974e-01 4.594377161132053189e+00 9.196125397421208714e-01 1.978643362433055154e+04 0.000000000000000000e+00
6.007753280582909383e+01 4.873989666670407450e-01 5.779251974147452842e+00 1.115876960957885577e+00 1.978645575849556917e+04 0.000000000000000000e+00
5.887868954616488537e+01 4.799592113887354849e-01 5.425100008614431424e+00 1.038076323367427944e+00 1.978648701404325038e+04 0.000000000000000000e+00
6.157014590050250291e+01 5.126996107114858425e-01 5.481779264559085263e+00 1.195007331567111697e+00 1.978649179117702079e+04 0.000000000000000000e+00
7.111226346752376060e+01 7.367443210500637107e-01 4.512747087013521785e+00 9.893822985088190913e-01 1.978650714375634561e+04 0.000000000000000000e+00
6.252800383117990890e+01 5.247158706786397842e-01 5.254021918198197305e+00 1.186179421325739947e+00 1.978653195108451109e+04 0.000000000000000000e+00
6.658098743753009785e+01 6.327189688046785943e-01 4.818441789920786533e+00 1.076598858668340153e+00 1.978655159669286877e+04 0.000000000000000000e+00
7.274179178308583005e+01 7.781559266598037095e-01 4.585819988223950538e+00 1.039797006290581027e+00 1.978655633515072986e+04 0.000000000000000000e+00
6.443127030111587317e+01 6.482388367511453531e-01 5.302780268020251597e+00 9.945391226859550127e-01 1.978662226023001858e+04 0.000000000000000000e+00
6.744674301769119040e+01 6.970986224399352560e-01 4.569262931778006909e+00 9.876746307586778961e-01 1.978665779985323024e+04 0.000000000000000000e+00
6.085441513462001240e+01 5.276299891670706010e-01 5.630613737075363723e+00 1.094313687649585809e+00 1.978666061760630691e+04 0.000000000000000000e+00
6.889870435977327645e+01 7.167506525476545765e-01 4.621276981799469219e+00 9.278574518250238823e-01 1.978666296277469155e+04 0.000000000000000000e+00
7.066314604170564451e+01 7.483581722376719814e-01 4.946009175460271301e+00 9.567948608666360100e-01 1.978668760502563237e+04 0.000000000000000000e+00
6.667730940099154680e+01 6.765132935145573567e-01 4.777366481754069305e+00 1.069086922218687175e+00 1.978669107365040327e+04 0.000000000000000000e+00
6.623076661556508782e+01 6.703282648402422161e-01 4.676755032663890255e+00 9.521018164954335727e-01 1.978669250477330570e+04 0.000000000000000000e+00
6.742167401364905288e+01 6.728292900393688658e-01 5.325815261648724430e+00 1.029977544281821533e+00 1.978670422067723121e+04 0.000000000000000000e+00
5.980315315625190209e+01 4.984627393089358649e-01 5.393787339761757949e+00 1.055297516350493181e+00 1.978670604609795555e+04 0.000000000000000000e+00
7.167361200881651939e+01 7.367496993714565123e-01 4.792328193267932690e+00 1.059786195151388721e+00 1.978670735039304782e+04 0.000000000000000000e+00
6.970840751063735752e+01 7.028082787721444680e-01 4.563147339256701684e+00 1.111911633327644644e+00 1.978673974087208626e+04 0.000000000000000000e+00
7.090015130181299696e+01 7.484619302887692838e-01 4.521142558801850342e+00 9.481489226379260504e-01 1.978674398041767199e+04 0.000000000000000000e+00
6.816008580478346346e+01 6.649567072360231812e-01 5.070565395172681455e+00 1.184701301494879733e+00 1.978674445940505757e+04 0.000000000000000000e+00
6.950898735367219672e+01 7.040306697528109225e-01 4.956210710349562731e+00 1.023477123488867546e+00 1.978674816307327274e+04 0.000000000000000000e+00
6.414285376655504933e+01 5.906859696694689577e-01 4.883013252667397275e+00 1.101480375516494803e+00 1.978674960943175392e+04 0.000000000000000000e+00
6.654650269122285522e+01 6.559909479508937435e-01 4.698338686806357245e+00 1.010909435276544421e+00 1.978676793781367451e+04 0.000000000000000000e+00
6.281022797441503513e+01 5.501063952725556705e-01 5.494534679021967349e+00 1.100236708371140404e+00 1.978677261706041827e+04 0.000000000000000000e+00
6.253014009343316815e+01 5.427764361195871468e-01 5.440778158887906280e+00 1.093151424034901176e+00 1.978677860837845947e+04 0.000000000000000000e+00
6.703331899256228610e+01 6.672808904776511563e-01 4.614775657911061479e+00 1.043442643454366214e+00 1.978677980562330777e+04 0.000000000000000000e+00
7.052186249047646527e+01 7.349538631059548965e-01 4.851118951909123567e+00 9.728630749825073476e-01 1.978678099487674990e+04 0.000000000000000000e+00
6.309650762374487698e+01 5.927596976081558333e-01 5.092193851096194379e+00 9.701444851798788349e-01 1.978679090388876284e+04 0.000000000000000000e+00
6.484895357638615110e+01 6.261229425276853000e-01 5.467083205147241110e+00 1.096280625947641196e+00 1.978680092063781558e+04 0.000000000000000000e+00
6.309003167152636848e+01 6.075035767258406549e-01 5.122301240238201991e+00 9.450330126200982006e-01 1.978680365270548646e+04 0.000000000000000000e+00
6.113062144518470831e+01 5.334169399296978531e-01 5.282408577957806273e+00 1.024631393539514601e+00 1.978680688058674423e+04 0.000000000000000000e+00
6.451613504211780992e+01 5.876116521818398608e-01 4.985455248186896782e+00 1.116719265976552355e+00 1.978681550037211127e+04 0.000000000000000000e+00
7.089493004587491498e+01 7.327274940628779598e-01 5.001961449731781251e+00 1.084380801915492354e+00 1.978681729684579841e+04 0.000000000000000000e+00
6.563960785080233507e+01 6.309158595555757199e-01 4.753996140284894700e+00 1.083375954475526592e+00 1.978681744812888428e+04 0.000000000000000000e+00
6.561447208667235031e+01 6.472822809831233482e-01 5.132043785262832003e+00 1.109346874606869315e+00 1.978682336105934155e+04 0.000000000000000000e+00
6.791782512650812009e+01 7.028995458695120879e-01 4.630696254447578930e+00 9.459631040067740804e-01 1.978682807780530129e+04 0.000000000000000000e+00
6.765630057446365697e+01 7.023570355074085780e-01 4.737346076174575593e+00 1.022791146555625197e+00 1.978683793590838104e+04 0.000000000000000000e+00
6.732617887791498390e+01 6.476871961334222938e-01 4.821204618386835783e+00 1.140403392135529215e+00 1.978684203716977572e+04 0.000000000000000000e+00
6.179873232740396105e+01 5.507120886482469446e-01 5.237902997994198451e+00 1.096516591146244668e+00 1.978686094554000374e+04 0.000000000000000000e+00
6.452639167899425843e+01 6.285222624854063245e-01 4.875752132005364281e+00 1.044994433829826708e+00 1.978688582233096531e+04 0.000000000000000000e+00
6.507927123514792811e+01 6.420066320868638154e-01 4.909039386680759343e+00 9.561125623801894902e-01 1.978689489610788223e+04 0.000000000000000000e+00
6.819042758995523457e+01 7.049910233980677399e-01 4.692626595927642086e+00 1.047073733947468055e+00 1.978690136586094377e+04 0.000000000000000000e+00
7.208491334285706387e+01 7.577946799702460767e-01 4.737089581433555630e+00 1.016901553490768828e+00 1.978690611092975814e+04 0.000000000000000000e+00
7.146870264143102247e+01 7.339550257416485035e-01 4.662232436172148553e+00 1.105868155149505316e+00 1.978690896184522353e+04 0.000000000000000000e+00
6.981853185740800427e+01 7.100710111455676987e-01 5.071625591725781312e+00 1.076444017270159481e+00 1.978691209672997502e+04 0.000000000000000000e+00
6.645016700456987735e+01 6.892143981590335144e-01 4.906739241442958033e+00 9.566378006840808856e-01 1.978691873687518819e+04 0.000000000000000000e+00
6.504215108160498460e+01 6.511110622004098181e-01 4.865651427131743034e+00 9.904888254729130592e-01 1.978692428919926533e+04 0.000000000000000000e+00
6.225062257758266782e+01 5.756293506008828276e-01 5.220628185466195781e+00 1.052869972451645042e+00 1.978693238415335873e+04 0.000000000000000000e+00
7.146276563487003841e+01 7.518286785643287784e-01 4.801075570870710685e+00 9.993294536648366089e-01 1.978693920514875936e+04 0.000000000000000000e+00
6.831359084699207074e+01 6.855453469007629641e-01 4.813137853337480010e+00 1.133127085648070853e+00 1.978694360316100574e+04 0.000000000000000000e+00
6.695125873243759429e+01 6.372539421245864144e-01 5.040039254910932520e+00 1.137098033897118388e+00 1.978695408591428350e+04 0.000000000000000000e+00
6.517895001299692126e+01 6.154420578836700129e-01 5.185554421595157670e+00 1.156962061543579168e+00 1.978695476911051810e+04 0.000000000000000000e+00
6.678315309265617827e+01 6.525769754503267794e-01 5.094022804746114019e+00 1.029806408345750768e+00 1.978696746440757124e+04 0.000000000000000000e+00
6.902001570743030356e+01 7.026154221882373596e-01 4.597396877195689235e+00 1.067545066610574356e+00 1.978698786334316901e+04 0.000000000000000000e+00
7.195110572698318663e+01 7.517891630025167471e-01 4.638167046969133622e+00 1.061962324206337183e+00 1.978700167010951554e+04 0.000000000000000000e+00
6.784602043282011152e+01 6.975443408670498613e-01 4.659098690286389122e+00 1.020731151270123371e+00 1.978700249705942770e+04 0.000000000000000000e+00
7.103068940658631902e+01 7.535354531896450991e-01 4.627696342235010363e+00 1.003290931918682682e+00 1.978701662958183806e+04 0.000000000000000000e+00
6.239570932744812382e+01 5.778352841536364970e-01 5.201893033283905510e+00 1.011822523113083294e+00 1.978702246219083827e+04 0.000000000000000000e+00
6.656470487374905076e+01 6.429108328316519572e-01 4.882528136132278540e+00 1.069153635444210160e+00 1.978704389152179283e+04 0.000000000000000000e+00
6.849160840912631443e+01 7.128822314632176083e-01 4.765703531235526036e+00 9.480705866002037130e-01 1.978706290807659025e+04 0.000000000000000000e+00
6.528114289861140662e+01 6.236972482797854545e-01 5.103331405060055559e+00 1.132873878751404995e+00 1.978707007398199858e+04 0.000000000000000000e+00
6.744652284250679486e+01 6.693782648259726242e-01 4.735054054875666552e+00 1.052515756067946118e+00 1.978707234903561766e+04 0.000000000000000000e+00
6.722742244848600990e+01 6.778521915008973719e-01 4.709364671171489825e+00 1.043970709981622447e+00 1.978707529176875687e+04 0.000000000000000000e+00
7.050949917488880203e+01 7.235546827989058905e-01 4.696153692911256172e+00 1.068053838056010729e+00 1.978711802476644152e+04 0.000000000000000000e+00
6.614291212980374723e+01 6.400666848234610740e-01 4.982378098664002053e+00 1.121848904899771737e+00 1.978715897144483097e+04 0.000000000000000000e+00
6.466069230885328523e+01 6.179518502453372752e-01 5.181956241572306610e+00 1.101059124927599830e+00 1.978717311939903448e+04 0.000000000000000000e+00
6.976749945452810664e+01 7.147066431843658307e-01 4.814774731367258198e+00 1.083702463292149920e+00 1.978722452259598867e+04 0.000000000000000000e+00
6.771875699736159504e+01 6.937455632240324688e-01 4.794875929404227577e+00 1.028045715501463286e+00 1.978723157052576062e+04 0.000000000000000000e+00
6.742551897927359050e+01 6.700972783679396416e-01 4.817134482537733575e+00 1.056509921620857106e+00 1.978723646191865191e+04 0.000000000000000000e+00
6.438081417947324780e+01 6.240545212586422474e-01 5.153846601639665792e+00 1.007756874495457033e+00 1.978724194813183931e+04 0.000000000000000000e+00
6.721471397443528417e+01 6.687950939768819714e-01 5.123335676846346054e+00 1.056642602134985287e+00 1.978730674014304532e+04 0.000000000000000000e+00
6.664803603183452196e+01 6.647374089908952843e-01 4.969116069009472447e+00 1.040914029395645590e+00 1.978738661804441290e+04 0.000000000000000000e+00
