# Network	H1	L1	
1.282885314503013952e+01 1.066473910309539441e+01 7.130414635886032748e+00
1.672340523192765005e+01 1.393410886176383556e+01 9.247318139859775243e+00
1.715043671084825050e+01 1.415048041586655003e+01 9.690272616030398467e+00
1.205978293141625635e+01 1.008407306983289331e+01 6.614365780265701211e+00
1.552810441912327732e+01 1.274270241715683838e+01 8.873869615842975733e+00
1.220098461017403046e+01 1.022911152228617304e+01 6.650511478250059838e+00
1.219807107728516549e+01 1.011659552952465901e+01 6.815235351658997409e+00
1.634535856302338530e+01 1.370243808382871364e+01 8.911449776138693935e+00
1.422673009505270159e+01 1.181831339915611601e+01 7.920057928879387532e+00
1.704888156638247665e+01 1.419763348292583593e+01 9.438832880660582347e+00
1.592787123585206999e+01 1.329979835123365106e+01 8.764270986363120741e+00
1.243823864168843052e+01 1.038495510844488123e+01 6.845618153474223533e+00
1.488064807471739392e+01 1.245620961159365869e+01 8.141039812925139785e+00
1.279483619060689925e+01 1.067150300414231090e+01 7.058814119740349113e+00
1.630352071932113844e+01 1.360840684788554178e+01 8.978644157541577187e+00
1.361869547189844987e+01 1.143603852843156332e+01 7.394990813553196318e+00
1.222466313178232156e+01 1.025256482845864348e+01 6.657875270971267412e+00
1.682468352874115780e+01 1.400963096558691312e+01 9.316663353924640845e+00
1.211936400209283171e+01 1.018364562187145950e+01 6.570566616613962907e+00
1.537447720389829797e+01 1.292816120310066808e+01 8.320889207280137256e+00
1.295817699176479643e+01 1.088582948827515651e+01 7.029442887036039700e+00
1.445067849301280205e+01 1.214513012317524954e+01 7.830576172898383369e+00
1.561313081057137353e+01 1.302090600438571855e+01 8.615443141995951848e+00
1.319905256774369562e+01 1.095344123941595527e+01 7.364585100378929106e+00
1.551756341543600826e+01 1.305921596528781770e+01 8.381625899791149692e+00
1.439837848784627994e+01 1.185128931383922968e+01 8.176811400476021063e+00
1.218573838480050675e+01 1.016198283897618460e+01 6.725052026799049010e+00
1.574394151269159536e+01 1.307149950452710918e+01 8.775397145326316206e+00
1.365687225569150343e+01 1.142522983283365612e+01 7.481596291915527885e+00
1.450529481970634293e+01 1.207484865963315102e+01 8.037512528982782456e+00
1.514816497326104994e+01 1.264212250033764207e+01 8.345276552852496366e+00
1.294623895390462032e+01 1.085759973252623389e+01 7.051073045986946397e+00
1.504690394052940228e+01 1.242368405657203034e+01 8.488898200473201427e+00
1.258882703373339673e+01 1.042304480890242857e+01 7.059653178228296966e+00
1.496427299378110654e+01 1.242737218793447873e+01 8.336059424869715073e+00
1.326361232249616684e+01 1.120588605586643638e+01 7.095881167579564774e+00
1.444494279471504861e+01 1.214441211103944340e+01 7.821101381508148265e+00
1.477877363447390202e+01 1.250642254761397787e+01 7.874105993670241332e+00
1.346854451821127263e+01 1.138826534639932397e+01 7.190904243489772085e+00
1.331348688339544140e+01 1.120557862210221067e+01 7.189154382695393863e+00
1.324810021064464927e+01 1.101220666134480908e+01 7.365016200872596563e+00
1.592338386024611196e+01 1.337999284907771091e+01 8.633072739145415397e+00
1.512832707512079367e+01 1.270105072158794890e+01 8.218855799895939285e+00
1.313481112457523636e+01 1.106974686706344357e+01 7.069934057500428359e+00
1.357343019696915754e+01 1.130209211272097214e+01 7.516696161716567737e+00
1.313040935649570073e+01 1.096425896329942518e+01 7.224449823679172766e+00
1.465731092586159079e+01 1.234311360930706059e+01 7.904701765729079455e+00
1.598344506257523889e+01 1.337447260887820377e+01 8.751799729354381441e+00
1.396330709469529197e+01 1.163661957234920408e+01 7.717708853616291442e+00
1.355126007029213042e+01 1.142054456098169979e+01 7.294368473235035566e+00
1.294495928517248373e+01 1.078742866640845754e+01 7.155651868412992833e+00
1.468315272506463032e+01 1.227214103232457276e+01 8.061608302957200323e+00
1.336739340692044919e+01 1.120360168911002496e+01 7.291537265018351199e+00
1.434083179993208290e+01 1.211988271680050389e+01 7.666022413543002401e+00
1.392912741282778200e+01 1.165067287673704399e+01 7.634291846795888681e+00
1.464797185917841738e+01 1.207825136020608170e+01 8.287274803393618328e+00
1.367007005638776462e+01 1.137408195603911665e+01 7.582946327375314155e+00
1.505382434783573942e+01 1.247771385861540061e+01 8.421655677953671315e+00
1.361541968516002576e+01 1.131221369335354865e+01 7.577167977479950522e+00
1.414703051095793818e+01 1.176370600990569670e+01 7.858351811320452462e+00
1.287975289029343529e+01 1.080313102357477462e+01 7.012873491123189140e+00
1.272676272825069965e+01 1.061816635619576843e+01 7.016055357060936970e+00
1.304070990944380526e+01 1.084955819023657675e+01 7.235136627523785613e+00
1.552156449654378001e+01 1.288909449062086487e+01 8.648133187700985047e+00
1.441543688720280159e+01 1.210000963731585166e+01 7.835469828018655214e+00
1.329657404162971979e+01 1.117267412628713252e+01 7.209038362523488175e+00
1.474728090490644483e+01 1.227451081481842543e+01 8.174269285087429893e+00
1.500393464154178957e+01 1.243411384555359689e+01 8.397074943304369654e+00
1.336716073623601275e+01 1.119599976154679410e+01 7.302778614186098416e+00
1.486794210966265872e+01 1.233315285516622772e+01 8.303556059146298907e+00
1.508371609624786380e+01 1.269236607402689465e+01 8.149989859815654825e+00
1.437205916008515771e+01 1.199955822941580408e+01 7.909910669523843474e+00
1.502684673357479106e+01 1.250780054132930452e+01 8.328328065864702978e+00
1.401429629009053635e+01 1.180387212383623208e+01 7.554409532886556811e+00
1.431435239012531468e+01 1.201256721754085177e+01 7.784530377148588975e+00
1.547682523506334462e+01 1.292024331121018221e+01 8.520530038432003295e+00
1.391065205610951594e+01 1.171656174453250010e+01 7.498561296188852587e+00
1.444943787886604980e+01 1.202633426633963687e+01 8.009590447049964368e+00
1.414642142597912056e+01 1.180441226773882057e+01 7.795966275880005014e+00
1.536685531757206036e+01 1.276478019016692933e+01 8.555736616324431054e+00
1.438733406680407612e+01 1.210338964336740020e+01 7.778389337815886151e+00
1.308568809340720129e+01 1.092810476501439787e+01 7.198038560803118102e+00
1.521991350430804957e+01 1.267344010113301600e+01 8.427910955961277040e+00
1.424508949328180307e+01 1.191991349735334893e+01 7.799886979131241738e+00
1.314660695328110585e+01 1.099259774622342256e+01 7.210829992017761647e+00
1.338777567040600047e+01 1.111224749442586202e+01 7.466625276772699493e+00
1.408152658598782914e+01 1.181997633706866324e+01 7.653597218499215593e+00
1.440279608106944842e+01 1.210807763968150930e+01 7.799678892384872775e+00
1.385362484963149399e+01 1.149814763785911076e+01 7.727581922718270491e+00
1.331928686683065877e+01 1.107363114914503122e+01 7.401222589114080819e+00
1.363835225641202697e+01 1.136751837006437249e+01 7.535527743710326298e+00
1.346997287874398097e+01 1.120409259059881535e+01 7.477197240636837883e+00
1.413546402251931511e+01 1.186260037296174552e+01 7.687005627898667370e+00
1.469784096707551235e+01 1.221508340670780335e+01 8.174244091083584962e+00
1.351892374099484684e+01 1.126346067634564818e+01 7.476346213709564203e+00
1.350970088536636027e+01 1.126029327149438153e+01 7.464436579676123173e+00
1.488511340991813370e+01 1.248042182038614811e+01 8.112069551683712021e+00
1.479869432315659417e+01 1.227851542947787955e+01 8.260715012533772494e+00
1.416022657411744845e+01 1.180608122770593837e+01 7.818469330703509357e+00
1.413760229008701153e+01 1.184231337152290031e+01 7.722137820793115282e+00
1.337721737485493989e+01 1.117732485927579411e+01 7.349649902161071502e+00
1.365741358427401764e+01 1.134147715410257895e+01 7.608931710488780809e+00
1.378690104258564020e+01 1.146698517280120733e+01 7.654207431524592486e+00
1.376883174616686745e+01 1.150672572934951887e+01 7.561480717675497232e+00
1.398425745239171292e+01 1.172383972285923193e+01 7.623059664431410809e+00
1.470261921926371507e+01 1.219387989116741977e+01 8.214396210705057655e+00
1.371938553382962667e+01 1.143093564124879435e+01 7.586517632714078196e+00
1.434808434421929135e+01 1.200881498339237474e+01 7.852126275314319059e+00
1.428639020351349664e+01 1.186170842953404225e+01 7.962463072427239830e+00
1.417090067301178280e+01 1.175082299471138114e+01 7.920390446898943004e+00
1.418723397250782448e+01 1.186623356044750643e+01 7.776252881664113659e+00
1.370798103996831330e+01 1.142828153297715410e+01 7.569882786090158078e+00
1.360082313486720906e+01 1.133174838931009454e+01 7.521560236234711816e+00
1.434831097268690669e+01 1.199813185951593475e+01 7.868853769806387177e+00
1.393354693410412359e+01 1.161667464189694599e+01 7.693932702408495139e+00
