# Network	H1	L1	
1.398029812933858018e+01 1.112461107345581546e+01 8.467098927586238943e+00
1.389926595183398739e+01 1.101180467113398720e+01 8.481140954176108693e+00
1.412935505629847022e+01 1.123987252081972521e+01 8.561772014172579048e+00
1.401652701846982119e+01 1.118740076022329966e+01 8.444234357811820857e+00
1.427917601912178114e+01 1.136210136872054299e+01 8.648555964551613684e+00
1.402036400464519517e+01 1.103701949436444885e+01 8.646086253546732436e+00
1.427788173290885076e+01 1.134416180050039458e+01 8.669942319473637582e+00
1.424935161093914537e+01 1.132141556051296760e+01 8.652720441476708046e+00
1.404145851255316124e+01 1.117750119682788856e+01 8.498589539133114101e+00
1.413852095522465291e+01 1.119191542696935393e+01 8.639375201766156920e+00
1.408126014018922412e+01 1.114278043748924496e+01 8.609316538354763182e+00
1.417083617360395031e+01 1.124865212393381420e+01 8.618609125249941272e+00
1.453128503319779341e+01 1.156020023982698319e+01 8.804545140502284539e+00
1.414955966617866778e+01 1.121258644278753813e+01 8.630639837796922009e+00
1.432417937157655885e+01 1.139283420132649738e+01 8.682479111992416065e+00
1.406034998013318749e+01 1.120408721312853828e+01 8.494814376102688414e+00
1.418187433052246860e+01 1.129357285306126357e+01 8.577923509762126031e+00
1.428982829820372302e+01 1.132711201493153652e+01 8.711815321351657815e+00
1.411162001856326853e+01 1.124354108364116556e+01 8.527637624148249884e+00
1.427249852638674099e+01 1.138828852781858458e+01 8.602970335463636431e+00
1.411359942156350655e+01 1.111591823350106090e+01 8.696553941560782874e+00
1.413906223340045543e+01 1.119956725193199887e+01 8.630340329872479899e+00
1.428728893819645407e+01 1.134617616240283411e+01 8.682794002809950840e+00
1.424513827590378590e+01 1.129333263768178242e+01 8.682430675467012193e+00
1.421405182109755394e+01 1.127210615317441622e+01 8.659035283703039099e+00
1.417576535092155865e+01 1.129702175372644923e+01 8.563271733410052988e+00
1.425139138743099387e+01 1.130196521134146614e+01 8.681459487860873736e+00
1.416955601262177744e+01 1.127065034401763022e+01 8.587709730639550898e+00
1.415507550634323053e+01 1.126198626407391679e+01 8.575186760536967157e+00
1.412225077374793081e+01 1.123769031875949054e+01 8.552910803713743348e+00
1.417791789752521581e+01 1.133233810462711411e+01 8.520062734005081850e+00
1.412881125211373146e+01 1.122617446398660945e+01 8.578829424926837532e+00
1.420063131005011314e+01 1.125257063746422936e+01 8.662423659279975041e+00
1.414243948576714160e+01 1.121810661443559098e+01 8.611775577413869343e+00
1.420512572544961927e+01 1.126623808465047105e+01 8.652021514987223938e+00
1.415329359780075258e+01 1.124728777971230187e+01 8.591521242823189297e+00
1.439988320634189201e+01 1.145903729105151392e+01 8.720498880143155773e+00
1.416564457418951406e+01 1.130490952771270230e+01 8.536070921243297249e+00
1.433048398945007307e+01 1.139614366266459022e+01 8.688537333279668928e+00
1.457251665310035627e+01 1.160404976765448204e+01 8.815002586198437129e+00
1.441096135688442459e+01 1.147309285493378184e+01 8.720318088904988940e+00
1.421130257179857459e+01 1.121558100639648359e+01 8.727649367164518779e+00
1.417132960601949598e+01 1.125488997404992730e+01 8.611273684796874051e+00
1.421747367270744533e+01 1.131958032629960087e+01 8.602537931946615757e+00
1.417710480621415670e+01 1.131291709057882500e+01 8.544484044579288451e+00
1.436163847874154698e+01 1.142648409893980244e+01 8.700121891717707001e+00
1.442212959763874025e+01 1.146836343687137116e+01 8.744967822177462935e+00
1.417506513284678071e+01 1.128935478592633679e+01 8.572219084807075618e+00
1.424031882708617758e+01 1.133397516060431265e+01 8.621350668884169011e+00
1.418245246029463225e+01 1.131069326188705837e+01 8.556294508957718037e+00
1.427382639998121228e+01 1.131874153326191390e+01 8.696448137027685377e+00
1.422399159960885129e+01 1.130070489866211680e+01 8.638055673535406598e+00
1.426218672950535726e+01 1.138559754702646387e+01 8.589420166950953117e+00
1.431148868235025340e+01 1.133367264143144659e+01 8.738796985964814468e+00
1.419264072339189475e+01 1.131202032208481789e+01 8.571420356978302735e+00
1.418115559278701987e+01 1.128951086686709004e+01 8.582081235558449706e+00
1.419132142640355454e+01 1.124437929986012641e+01 8.657802145370249391e+00
1.419073576960523830e+01 1.125602141831144287e+01 8.641699110317809129e+00
1.447085728115081160e+01 1.150689925618865139e+01 8.774792302918658748e+00
1.418837773947181269e+01 1.129769115783754607e+01 8.583253309792192809e+00
1.437545932912014202e+01 1.144114028408590578e+01 8.703685421880434703e+00
1.451011797113780055e+01 1.155213623441616910e+01 8.780186328195156875e+00
1.432602274657864250e+01 1.141699532144280482e+01 8.653735931124879599e+00
1.421995786223352987e+01 1.126286079698722808e+01 8.680735468345146089e+00
1.434500551968954163e+01 1.139787069161358168e+01 8.710208209749039199e+00
1.420978068745184153e+01 1.130907581888464897e+01 8.603642909151787421e+00
1.427476085841969677e+01 1.134844307314500789e+01 8.659193806623001421e+00
1.420969441135231115e+01 1.130018456866768162e+01 8.615175214588610686e+00
1.423600171540563331e+01 1.130006769869720706e+01 8.658649712622180417e+00
1.423150857212486464e+01 1.130213561595597938e+01 8.648558651995305269e+00
1.424930259012162104e+01 1.130767811026932534e+01 8.670584758791227031e+00
1.430726527916374557e+01 1.137990240643331674e+01 8.671543172262804688e+00
1.423306344561076742e+01 1.125085364220983308e+01 8.717705395822640924e+00
1.430789551504876478e+01 1.137653695484174499e+01 8.676997233183415759e+00
1.431403387163264718e+01 1.135570733046649394e+01 8.714325946568456160e+00
1.424594334295066567e+01 1.132199025047791707e+01 8.646354058135914400e+00
1.429419528486492474e+01 1.131672132955720578e+01 8.732458828474351620e+00
1.432719536577756081e+01 1.139032088516965224e+01 8.690748942526534293e+00
1.448828700847889195e+01 1.154401500863641239e+01 8.754780289672350335e+00
1.448838813437213879e+01 1.153962099134223251e+01 8.760738445381706541e+00
1.445296491525579619e+01 1.151975713218132746e+01 8.728309713637136369e+00
1.430108727745192532e+01 1.136763066805919742e+01 8.677446070814692547e+00
1.446888149077918762e+01 1.150921988146989783e+01 8.768488428126628875e+00
1.424723863579346528e+01 1.129144837608358820e+01 8.688325633600834763e+00
1.438528883186475582e+01 1.145075791878185356e+01 8.707277293254621853e+00
1.436229718590486648e+01 1.138770015693101634e+01 8.751906397584708230e+00
1.423691439673375037e+01 1.129851962281389710e+01 8.662169813205814251e+00
1.423999722860363981e+01 1.130170454960213533e+01 8.663082323523292771e+00
1.427874241001387290e+01 1.136620366533031046e+01 8.642447515013362391e+00
1.434676391450143029e+01 1.139041273088402129e+01 8.722851175994900785e+00
1.430305346808795086e+01 1.139288515705401039e+01 8.647514458453434472e+00
1.430138865949991711e+01 1.138153525716879955e+01 8.659698192194481337e+00
1.431151337719652616e+01 1.141453898323027438e+01 8.632943585243188167e+00
1.440764601667504685e+01 1.146548545599203095e+01 8.724844239311529748e+00
1.426585716056796294e+01 1.132393024301062390e+01 8.676594053956748098e+00
1.425278019067718205e+01 1.134889906619833511e+01 8.622310197911138729e+00
1.425162688553712620e+01 1.133858634434355217e+01 8.633963666615152022e+00
1.442754722127352629e+01 1.148000617096984399e+01 8.738625586244769039e+00
1.425966899895974827e+01 1.135711014417201881e+01 8.622888676832069166e+00
1.449194416549430109e+01 1.150299333752422548e+01 8.814623643280384613e+00
1.433502573001839586e+01 1.140944409381148894e+01 8.678568323777810178e+00
1.425598620443932241e+01 1.135958077933423560e+01 8.613539758946055613e+00
1.427554827237430146e+01 1.137600292902420485e+01 8.624258567304302403e+00
1.425794298015471107e+01 1.135307777308822530e+01 8.625344231017862739e+00
1.447126630309852580e+01 1.152391640502480108e+01 8.753107968327315191e+00
1.427009162806419162e+01 1.136184678576123908e+01 8.633883986378016573e+00
1.426543019993636463e+01 1.132436496751123656e+01 8.675324597492632961e+00
1.438851341350017421e+01 1.142717548338041667e+01 8.743510663486604884e+00
1.427845956063433164e+01 1.137548727071379773e+01 8.629756472722640126e+00
1.427770921278102279e+01 1.127038835738534139e+01 8.765348061454551143e+00
1.431413543570785762e+01 1.136331438555003892e+01 8.704571181105874800e+00
1.426357905111934876e+01 1.135020741322674986e+01 8.638430356509410046e+00
1.430268269581684493e+01 1.131087348410320814e+01 8.753906175178574500e+00
1.430235177458857265e+01 1.130884816733432707e+01 8.755981921649675925e+00
1.446478515310185919e+01 1.151455098439165248e+01 8.754720164188071863e+00
1.436664549488652654e+01 1.141756935619490143e+01 8.720069539414376791e+00
1.426744363326136167e+01 1.131417128254712878e+01 8.691920157104297218e+00
1.429236493539108999e+01 1.135980119148261558e+01 8.673327639169805536e+00
1.431684383642771863e+01 1.139396906649551511e+01 8.668880339951734015e+00
1.454038745576107949e+01 1.157662388163520006e+01 8.797991069943622122e+00
1.426988654217178620e+01 1.135636942756402057e+01 8.640748541136044736e+00
1.427967301273653611e+01 1.137661196727563784e+01 8.630281658017707969e+00
1.427825917826583968e+01 1.133623401239850281e+01 8.680926423940707792e+00
1.432394875407061363e+01 1.138099482810588725e+01 8.697612582304879325e+00
1.435967037161874238e+01 1.138540469539239020e+01 8.750582443682365152e+00
1.428270585947717564e+01 1.132813566861773857e+01 8.698794683272746298e+00
1.438614878512191453e+01 1.146798348806582801e+01 8.686002048417572396e+00
1.439684351272209994e+01 1.142683571593963343e+01 8.757655431149068193e+00
1.443873801626277320e+01 1.148253070537841403e+01 8.753778847007374964e+00
1.442542393268824696e+01 1.148325306509186206e+01 8.730850742100290773e+00
1.434490605350713821e+01 1.145020478536507547e+01 8.641130716355846175e+00
1.429729615845818103e+01 1.136672430469130468e+01 8.672384679187326029e+00
1.428274573642366363e+01 1.138424412369951710e+01 8.625300661619938580e+00
1.435951390880634548e+01 1.143027173329119783e+01 8.691635507792945248e+00
1.431568672054643621e+01 1.139412110436573577e+01 8.666769325410530911e+00
1.428273554133934020e+01 1.136797408875617599e+01 8.646716120077389434e+00
1.432843572128166088e+01 1.140982308733031303e+01 8.667179895140314727e+00
1.429285715676782154e+01 1.137053648960623597e+01 8.660061526473251448e+00
1.428966559386387125e+01 1.136481569997204666e+01 8.662303786529642835e+00
1.431926992629486328e+01 1.133164974241092438e+01 8.754153604855863691e+00
1.428353389008720242e+01 1.135647825459723137e+01 8.663125419969972540e+00
1.429852762835432856e+01 1.138289988063366387e+01 8.653177603995088063e+00
1.435988120566127968e+01 1.144143300347918135e+01 8.677545682253789749e+00
1.432491594879028085e+01 1.141178128216821719e+01 8.658779643105678048e+00
1.429517712117461237e+01 1.139749049262861469e+01 8.628400743833957165e+00
1.429184133113292887e+01 1.132671712746170911e+01 8.715630083289733321e+00
1.429975699408599077e+01 1.137449824801104015e+01 8.666247151789811198e+00
1.448534112036376875e+01 1.154316733419666541e+01 8.751022526998575302e+00
1.435513911971976775e+01 1.144605330129261134e+01 8.663595268159596685e+00
1.430889770770932934e+01 1.135433096442275058e+01 8.707681778753748603e+00
1.431555747411312218e+01 1.134586391631927071e+01 8.729636750002855550e+00
1.446203296451438014e+01 1.152800990343355636e+01 8.732432944663157670e+00
1.429409301070100469e+01 1.133911100837709363e+01 8.703198063831061759e+00
1.429373691035240057e+01 1.137612249295715117e+01 8.654175401943557944e+00
1.437796952688386476e+01 1.143902525300413231e+01 8.710608990026747378e+00
1.448646959689924785e+01 1.152755340086664582e+01 8.773443678057898154e+00
1.429937418318916365e+01 1.131751669542744132e+01 8.739903768324790434e+00
1.446667450128967580e+01 1.151529345924481618e+01 8.756865173892904863e+00
1.430257388952727737e+01 1.135358488086034789e+01 8.698260183420979175e+00
1.429914896762291932e+01 1.138119728733459368e+01 8.656443236401385022e+00
1.430457305578197769e+01 1.139706070671537574e+01 8.644525293828930756e+00
1.444083416191736369e+01 1.149131689426636349e+01 8.745703363798019936e+00
1.435987996759109286e+01 1.142549810077688477e+01 8.698514001412410934e+00
1.433178972345920776e+01 1.139782262704173554e+01 8.688488708627431834e+00
1.434147781822280088e+01 1.142629941986971609e+01 8.667044916121158238e+00
1.448193593027780501e+01 1.151439067679079287e+01 8.783238333946345122e+00
1.441042736391202794e+01 1.147245404940422731e+01 8.720276079052377227e+00
1.430239488567890227e+01 1.137976985264359442e+01 8.663679216519849291e+00
1.435374459755890264e+01 1.142709622863865881e+01 8.686279741833294210e+00
1.430589120741537990e+01 1.137508102700864043e+01 8.675601124267569020e+00
1.438350080110045681e+01 1.144977992966759395e+01 8.705609390355085964e+00
1.430640506815363366e+01 1.140199726022086146e+01 8.641046490559343596e+00
1.432055609344454439e+01 1.135263867106798230e+01 8.729027553494345781e+00
1.439355300259971493e+01 1.145521586220493759e+01 8.715067273919096635e+00
1.436636595214168466e+01 1.143376348080274063e+01 8.698363256148677891e+00
1.441278480613986979e+01 1.142478710969890798e+01 8.786501315435737425e+00
1.431325520722339029e+01 1.140099949834277382e+01 8.653697768347084818e+00
1.454682781435837313e+01 1.158041051017190526e+01 8.803652189659159077e+00
1.446735418756346014e+01 1.152409358278669238e+01 8.746405220636908950e+00
1.448739726326282096e+01 1.153083685546378945e+01 8.770660230351705167e+00
1.430705449845408772e+01 1.141495252680722849e+01 8.625002448258934251e+00
1.430908835620576447e+01 1.132691750525978236e+01 8.743623357324059597e+00
1.430635457705808733e+01 1.139001186082548678e+01 8.656755228996926732e+00
1.451968756856767939e+01 1.155297835470336132e+01 8.794885913107370001e+00
1.434732371404721363e+01 1.136223192855446662e+01 8.760444244294863125e+00
1.436011127469435600e+01 1.142016159033713585e+01 8.705900589381451837e+00
1.438627588168927929e+01 1.146162692655138216e+01 8.694598434696507283e+00
1.435807623731663796e+01 1.141052226384309520e+01 8.715178420602629927e+00
1.433155880436836682e+01 1.135426717423494658e+01 8.744952526981446539e+00
1.431534154648630697e+01 1.138325988257299493e+01 8.680460704269171046e+00
1.437917364396320608e+01 1.142087430835361239e+01 8.736375948643377853e+00
1.431205279312250944e+01 1.138101587189721364e+01 8.677979769321288117e+00
1.432839673221333854e+01 1.138225963080643766e+01 8.703282059810311111e+00
1.432568424449632083e+01 1.140145769884340332e+01 8.673637726726576958e+00
1.433040167332180559e+01 1.140086189717687937e+01 8.682209403155672689e+00
1.432008101968625624e+01 1.139728283673871800e+01 8.669871068808326697e+00
1.431432952471914355e+01 1.136580490450240610e+01 8.701638271902321975e+00
1.432205862982422850e+01 1.142740349049228143e+01 8.633412584928828792e+00
1.444382242469111866e+01 1.149595950128675703e+01 8.744536659010856638e+00
1.431736840754014750e+01 1.134825020567877729e+01 8.729504876368434196e+00
1.438942851441258597e+01 1.146053212573509228e+01 8.701256022344354690e+00
1.436972886231920299e+01 1.143794437704406342e+01 8.698421466232574062e+00
1.434361340544201902e+01 1.140673322970549286e+01 8.696302809303990244e+00
1.438018992952108910e+01 1.144740035509757448e+01 8.703268783578479884e+00
1.448708117162264486e+01 1.153181796436186168e+01 8.768848003586581896e+00
1.440731245264526450e+01 1.141994496385470725e+01 8.783820873098269644e+00
1.432170013826735655e+01 1.140733908328418167e+01 8.659313476796208775e+00
1.443568311455721442e+01 1.148429163647098683e+01 8.746427418803339293e+00
1.432449162121121411e+01 1.139821204291098411e+01 8.675933519281329609e+00
1.432938730853312848e+01 1.140559340958035861e+01 8.674317241909438536e+00
1.440684070870160483e+01 1.147424033541006594e+01 8.711995634247669429e+00
1.433446938730958742e+01 1.134871821481941900e+01 8.756917693820220450e+00
1.435647793178834952e+01 1.140338333739910048e+01 8.721886668964142331e+00
1.435124217468041863e+01 1.143095955350758786e+01 8.677056853703309258e+00
1.441388834250192374e+01 1.148079033697187690e+01 8.715023258064547917e+00
1.435029563767121452e+01 1.144304163799346341e+01 8.659548657967883756e+00
1.432205935149960574e+01 1.139195100658397841e+01 8.680140340539869825e+00
1.432081770276771948e+01 1.140223557243579755e+01 8.664574059155189190e+00
1.434160734977696627e+01 1.135465158408910114e+01 8.760912554016250908e+00
1.432897452729467069e+01 1.137902103756176686e+01 8.708466640608222065e+00
1.443878015992685349e+01 1.149422318149439448e+01 8.738489913062450043e+00
1.432922261920845131e+01 1.143148630863210791e+01 8.639892455719097697e+00
1.439882046488283862e+01 1.146190450358816548e+01 8.714974235794054280e+00
1.456102517586520939e+01 1.157994465353066005e+01 8.827702758552028683e+00
1.434238062798248414e+01 1.135472054411779830e+01 8.762088988529871614e+00
1.433369594283197657e+01 1.140530992535689059e+01 8.681805393356469835e+00
1.434604833887430964e+01 1.140830375929971652e+01 8.698258922155989836e+00
1.435165814764343395e+01 1.138063914208950678e+01 8.743634501988312380e+00
1.436149187627460933e+01 1.141096617659183998e+01 8.720223611179852341e+00
1.434864184005336973e+01 1.144028764786483343e+01 8.660446939289073498e+00
1.437557399846567385e+01 1.144274227334237004e+01 8.701768616277146151e+00
1.439250412296804349e+01 1.146726703208584297e+01 8.697468697528568882e+00
1.438189207701970496e+01 1.141443526693434940e+01 8.749256382802341747e+00
1.435731049341624654e+01 1.142691550381655929e+01 8.692408565696680967e+00
1.438452230341155769e+01 1.144328738371194198e+01 8.715827886731336349e+00
1.433468277909112487e+01 1.138297158100216144e+01 8.712696962667116907e+00
1.433362218201317084e+01 1.138163746389150255e+01 8.712694961792328385e+00
1.438712833449737261e+01 1.143555990268517064e+01 8.730259527951977461e+00
1.439049218516156436e+01 1.145646657671091084e+01 8.708366029738405345e+00
1.433584041262793995e+01 1.141149389804027692e+01 8.677218871926992705e+00
1.434054985047145969e+01 1.140100603256105671e+01 8.698760340379735112e+00
1.443903425931437923e+01 1.149599249890959562e+01 8.736582100951643781e+00
1.434722951141676184e+01 1.141929311617765563e+01 8.685777995095527615e+00
1.434508112506333077e+01 1.143311159536837884e+01 8.664023991916305789e+00
1.439607416571526599e+01 1.141575822122265471e+01 8.770827533326706060e+00
1.444625134871452765e+01 1.149964300554221097e+01 8.743705666096062146e+00
1.436097059544863086e+01 1.143899539230934437e+01 8.682560731608264248e+00
1.444716605921860264e+01 1.148686724461355624e+01 8.761991100615322381e+00
1.436888142848763650e+01 1.142427388394002463e+01 8.714971011464283990e+00
1.434762916051779946e+01 1.141464436494902301e+01 8.692546033785395920e+00
1.434534938181893438e+01 1.141365601473157021e+01 8.690080854850243952e+00
1.439154856736389476e+01 1.145196139119215673e+01 8.716034101667913703e+00
1.434341576054252698e+01 1.142812704499156595e+01 8.667842172265947553e+00
1.434964639893268412e+01 1.141515653968529520e+01 8.695202869909465448e+00
1.434597910562566447e+01 1.140872842720445135e+01 8.697587721509060898e+00
1.444018834002930340e+01 1.150181730834049532e+01 8.730821147010015437e+00
1.437031128991884721e+01 1.144229130523376448e+01 8.693665294646493180e+00
1.438001274500694215e+01 1.144084351439207303e+01 8.711593782182161405e+00
1.434632101489664358e+01 1.139268950106628964e+01 8.719148616393631812e+00
1.435629267709973966e+01 1.141419793757119905e+01 8.707423549620919800e+00
1.436470398868691944e+01 1.139912750101980699e+01 8.740973223737263709e+00
1.440478235241761773e+01 1.146125663431099895e+01 8.725671950227335216e+00
1.437252055798766470e+01 1.141087467054324911e+01 8.738494518103935960e+00
1.437250736939675910e+01 1.142997697452790185e+01 8.713472008626993670e+00
1.434793581519062400e+01 1.140841003126710085e+01 8.701232252693522184e+00
1.440958763717795321e+01 1.146784112627312169e+01 8.724954772150427473e+00
1.437714950901602151e+01 1.143646318108710425e+01 8.712619463297974320e+00
1.448963656781381992e+01 1.151464908247207042e+01 8.795591189616111194e+00
1.448286924741817039e+01 1.153143514906330935e+01 8.762391513779684615e+00
1.440786728885753654e+01 1.146922193386675559e+01 8.720297474572801022e+00
1.439960790107655697e+01 1.143438307511816632e+01 8.752347764811315045e+00
1.436010242580628393e+01 1.144305316597524502e+01 8.675775234543102954e+00
1.442122842769913582e+01 1.148649286893775923e+01 8.719650849415916838e+00
1.438696019371024093e+01 1.145315823396470734e+01 8.706881765774094006e+00
1.438009543169562221e+01 1.143200101888374398e+01 8.723330632786673533e+00
1.436714902934391880e+01 1.143343905780945491e+01 8.700082904359888403e+00
1.435784598029172621e+01 1.141230619044459793e+01 8.712462832593272921e+00
1.435524236629937000e+01 1.142013437325268832e+01 8.697902867476088318e+00
1.436202262096792559e+01 1.140203272758314412e+01 8.732774097863593710e+00
1.438165673587727511e+01 1.142545310948259640e+01 8.734476041046690398e+00
1.436343718267719005e+01 1.143589456391054249e+01 8.690721674512133177e+00
1.435820604715267201e+01 1.143355844705367730e+01 8.685149516864926866e+00
1.440990492118452693e+01 1.148133667970683192e+01 8.707713126004813731e+00
1.456652674780180590e+01 1.159605759006666936e+01 8.815619652768752701e+00
1.436074312069335335e+01 1.138844588952921200e+01 8.748385176694421617e+00
1.436184746639927212e+01 1.141151842297553820e+01 8.720086578137232536e+00
1.436225967706297624e+01 1.143781306192501468e+01 8.686249788708968467e+00
1.436528171939099785e+01 1.140332409332378738e+01 8.736447704879275022e+00
1.437963782865067053e+01 1.141083891843488196e+01 8.750242240115026604e+00
1.438496247632480340e+01 1.144623342179499836e+01 8.712685343741949140e+00
1.439671483536148244e+01 1.141627496385874529e+01 8.771206530477400065e+00
1.439368781337239156e+01 1.147233898576304512e+01 8.692737604723049571e+00
1.439308820163702052e+01 1.143380022602257462e+01 8.742379560023055163e+00
1.452481114534367990e+01 1.156319495154147958e+01 8.789918163472602686e+00
1.438112526573934247e+01 1.141335721529035574e+01 8.749402321591231768e+00
1.440335492176862076e+01 1.140372744267708605e+01 8.798388114624740908e+00
1.437663222892511072e+01 1.139511801556057691e+01 8.765776614608370210e+00
1.436553729093763287e+01 1.142337979066548925e+01 8.710628898967918587e+00
1.441670228138222143e+01 1.146623190556058347e+01 8.738811736038021749e+00
1.436502612029812909e+01 1.143818504858951890e+01 8.690333608732791149e+00
1.438931453663585103e+01 1.144938019720104982e+01 8.715736683389435413e+00
1.436748998859994941e+01 1.141876976262630095e+01 8.719889086487915719e+00
1.442534932534922731e+01 1.148669943380187242e+01 8.726192713655203548e+00
1.445700223250605987e+01 1.150488858545382342e+01 8.754567504279096468e+00
1.437434326762922510e+01 1.144849731323262887e+01 8.692160470478148326e+00
1.443267411001072986e+01 1.149261037662624574e+01 8.730520528401312319e+00
1.436651232637906261e+01 1.143230747272249026e+01 8.700518505993480645e+00
1.436775995321063171e+01 1.140804056980513081e+01 8.734365256317335735e+00
1.436912990678704283e+01 1.144400365436584366e+01 8.689457672201587712e+00
1.438109380417996519e+01 1.138987305366971192e+01 8.779900388154297630e+00
1.442059250175891627e+01 1.149505187347962476e+01 8.707311325994840701e+00
1.441930614543250222e+01 1.147975146481605080e+01 8.725347902620345764e+00
1.441796748524233962e+01 1.146861663395996089e+01 8.737769675881953191e+00
1.440032382065422034e+01 1.145958227491947490e+01 8.720510319015323475e+00
1.440200263569468042e+01 1.145345131403971628e+01 8.731330535232212142e+00
1.438036915062891907e+01 1.145543105914208404e+01 8.692992359228366439e+00
1.447030907155360246e+01 1.148618114863559292e+01 8.800993537494209207e+00
1.438236913245080828e+01 1.144813229309903591e+01 8.705906550255221532e+00
1.437020081640401337e+01 1.141621583924288963e+01 8.727696569862997578e+00
1.438538845238748465e+01 1.145293390231853436e+01 8.704579596695403154e+00
1.437482194710031003e+01 1.144308837136609291e+01 8.700070950052239738e+00
1.442838810864165566e+01 1.146510269844777774e+01 8.759554984566134905e+00
1.451588219289908110e+01 1.155603822881100307e+01 8.784578321831009617e+00
1.437804169814087452e+01 1.144610191473386962e+01 8.701427126110024446e+00
1.437915489827437199e+01 1.139182765828893729e+01 8.774187038832204522e+00
1.437346976049463798e+01 1.141275554874079035e+01 8.737599426646893264e+00
1.440538455445974897e+01 1.148855489293690368e+01 8.690696786440257782e+00
1.438752246464777151e+01 1.144116643031846792e+01 8.723560820244109948e+00
1.442508127924002892e+01 1.145279005732357724e+01 8.770209223020358991e+00
1.437310240492485391e+01 1.143481561696092896e+01 8.708103384122347634e+00
1.439447274405200794e+01 1.144265704974446685e+01 8.733066198145380099e+00
1.438858203843526340e+01 1.144342583409427583e+01 8.722344768258453840e+00
1.437381200550651172e+01 1.142580502473892423e+01 8.721092311533794827e+00
1.441348034773122322e+01 1.145456595764487062e+01 8.748790456765860313e+00
1.437587377370900832e+01 1.142079258399788877e+01 8.731050538790466220e+00
1.437798574726858369e+01 1.144101035489262941e+01 8.708028261776494361e+00
1.438554834872910071e+01 1.142993646540509722e+01 8.735018814543296983e+00
1.439630941281055954e+01 1.143823540901695246e+01 8.741881687445143712e+00
1.437655471764252546e+01 1.138705004713613533e+01 8.776127663917982602e+00
1.439058980194717385e+01 1.145044449409440901e+01 8.716443984536873302e+00
1.441096918975985908e+01 1.146958314219672026e+01 8.724946735221063676e+00
1.438820506096703156e+01 1.145257180386178142e+01 8.709709751411203627e+00
1.441996016341684772e+01 1.146304714826594839e+01 8.748359914358848854e+00
1.438883180260173944e+01 1.140622946909344115e+01 8.771340259159234876e+00
1.443823770038977372e+01 1.149492365234625346e+01 8.736672027705242982e+00
1.439277251629190424e+01 1.145471432724405147e+01 8.714437468187918867e+00
1.438254127495918411e+01 1.145119613649026213e+01 8.702160683964359933e+00
1.438617209089361104e+01 1.146622001630789178e+01 8.688368429482402178e+00
1.447514462811671443e+01 1.151112997274443117e+01 8.776314645423838101e+00
1.443210579301447183e+01 1.150124040370936562e+01 8.718207774356210749e+00
1.440853914405975544e+01 1.147413872561815218e+01 8.714937795025969436e+00
1.456495763906345253e+01 1.159584414586479184e+01 8.813307527400032981e+00
1.438183275067099132e+01 1.145483005329091419e+01 8.696205018195925618e+00
1.447610203870454981e+01 1.152502242465053328e+01 8.759645446380140754e+00
1.439577638360775502e+01 1.146066780788821404e+01 8.711571103083157297e+00
1.439073978107084884e+01 1.143882710407009462e+01 8.731931397445036325e+00
1.439766139240661502e+01 1.145608964844650579e+01 8.720703156119510524e+00
1.441341747526578843e+01 1.148432645610995451e+01 8.709583753876543710e+00
1.438908031930744968e+01 1.143246173362083340e+01 8.737531181333562103e+00
1.455340514471603441e+01 1.158934421022219752e+01 8.802766728889070080e+00
1.443753442475267335e+01 1.147000914251925252e+01 8.768197678910031101e+00
1.440870282602873687e+01 1.148069572867328425e+01 8.706568940428342174e+00
1.445445936539653253e+01 1.150262794176023284e+01 8.753339133115789039e+00
1.443396233498327241e+01 1.148458326210514535e+01 8.743203988440971131e+00
1.440730510145270316e+01 1.147215586260016629e+01 8.715508025958886407e+00
1.440217857367888321e+01 1.145194810542812291e+01 8.733592173826091098e+00
1.439667857040180721e+01 1.146881894701459181e+01 8.702329907563015610e+00
1.448775342585675219e+01 1.151840909544017677e+01 8.787562303534754093e+00
1.438788415649121433e+01 1.141399433575053379e+01 8.759677151817047758e+00
1.438849509950276229e+01 1.138980516608228477e+01 8.792106090528044149e+00
1.439651764759755714e+01 1.145704837418032618e+01 8.717554871022025864e+00
1.439321069835905220e+01 1.146491792648933306e+01 8.701733801158308523e+00
1.438964598632791336e+01 1.146469206638816196e+01 8.696134051102211160e+00
1.442268263458012356e+01 1.146592693326486589e+01 8.749073890352645932e+00
1.439785434370814166e+01 1.146695768371773383e+01 8.706726777754211000e+00
1.440322465250110717e+01 1.146014666496977696e+01 8.724558373224271079e+00
1.438990964868979106e+01 1.145286111595291167e+01 8.712145083511257937e+00
1.452911162549916568e+01 1.155003542178471498e+01 8.814293300187676650e+00
1.439332672831493198e+01 1.146977126629349897e+01 8.695527666963808855e+00
1.444143711264521102e+01 1.149746009426394089e+01 8.738622160231821923e+00
1.444122732709181811e+01 1.146279129915540018e+01 8.783704363464812204e+00
1.440493140089625790e+01 1.147159517058382860e+01 8.712321901006918168e+00
1.453353084257362404e+01 1.156952946784352143e+01 8.795993783805169386e+00
1.440329495123777903e+01 1.144399179641231967e+01 8.745853715675742990e+00
1.442211203268980846e+01 1.148110312662428711e+01 8.728206372404022417e+00
1.440573490378846877e+01 1.146351193336099072e+01 8.724281762524611850e+00
1.442897936952461890e+01 1.147665268166165475e+01 8.745392436630583077e+00
1.446550474728661051e+01 1.152051586968721608e+01 8.748059309930201977e+00
1.441480205243223622e+01 1.144798289566086247e+01 8.759577948249615886e+00
1.453539757080878658e+01 1.157114209006152450e+01 8.796957046222322774e+00
1.439839348512261985e+01 1.142618189937068962e+01 8.761055995421733300e+00
1.442034541937650260e+01 1.146794726874963111e+01 8.742570986575444181e+00
1.447392596042487334e+01 1.152793500379244129e+01 8.752213848861213563e+00
1.446371303505232575e+01 1.151384580815948411e+01 8.753876253767289839e+00
1.443961852866829254e+01 1.149669607635161661e+01 8.736621920482884107e+00
1.440762763593370543e+01 1.146497497609964178e+01 8.725484679553890288e+00
1.442448094518085711e+01 1.148344678827004728e+01 8.729037770502312554e+00
1.443609500553483294e+01 1.148396407699304511e+01 8.747537258403704996e+00
1.447788397155751028e+01 1.151965067865970305e+01 8.769650650712200957e+00
1.440313452163818830e+01 1.145031312839838122e+01 8.737311560773909136e+00
1.456581348717070057e+01 1.159598220496490129e+01 8.814540217457812687e+00
1.440718305660594822e+01 1.140832559397323287e+01 8.798694833237982849e+00
1.457705678929495541e+01 1.159971553554215795e+01 8.828203901860902647e+00
1.441639206270123097e+01 1.147690667740712200e+01 8.724274939707187926e+00
1.445213691264121714e+01 1.151092420450313014e+01 8.738586001173805684e+00
1.442910873609405620e+01 1.148844891890810160e+01 8.730104258006607054e+00
1.446890261822750645e+01 1.150594449783661233e+01 8.772820765777344931e+00
1.439975472048957172e+01 1.145821659547790006e+01 8.721365057224501172e+00
1.451724280328447492e+01 1.155511739756833300e+01 8.788037354149590641e+00
1.445966466958084418e+01 1.151815686543461403e+01 8.741508152485243599e+00
1.442944737448248205e+01 1.147675828362048733e+01 8.746026002265711696e+00
1.450523683099550531e+01 1.153749449717229503e+01 8.791366005973561215e+00
1.448427619371117636e+01 1.149800699160359052e+01 8.808523830741634697e+00
1.440125513733366525e+01 1.145441657168834126e+01 8.728830994629852569e+00
1.441624903336365016e+01 1.147440425845993239e+01 8.727329666363869975e+00
1.443919129153630898e+01 1.148468033301616487e+01 8.751706279464004368e+00
1.440189798516596298e+01 1.146589920024859843e+01 8.714804708360707863e+00
1.443750441518127126e+01 1.150622265018633961e+01 8.720571888512678171e+00
1.441317308038483702e+01 1.146651324837577945e+01 8.732618860911820491e+00
1.442004023856618744e+01 1.148012516419486850e+01 8.726069372649275735e+00
1.450553223243614376e+01 1.155432846962506765e+01 8.769718294349912568e+00
1.440357826028360577e+01 1.145614310516214829e+01 8.730398149807387043e+00
1.443378028112967115e+01 1.148323396460049217e+01 8.744675575352889751e+00
1.445088015901383294e+01 1.148445023596788950e+01 8.771279276579711848e+00
1.452915599511904077e+01 1.156348255325056762e+01 8.796717863565550743e+00
1.445253079814598252e+01 1.146870783771134761e+01 8.794565765549567260e+00
1.442819348259773271e+01 1.147967887676890086e+01 8.740122428063669346e+00
1.442498993148230113e+01 1.146998042689696540e+01 8.747564434170591596e+00
1.441011356077262029e+01 1.147784963070237119e+01 8.712654055415512744e+00
1.449732893781252052e+01 1.153224171431933343e+01 8.785211857072621200e+00
1.453686461664718088e+01 1.155909443721096075e+01 8.815201000224973882e+00
1.444525761059144742e+01 1.151184322886538069e+01 8.725991800957435984e+00
1.443125065626416514e+01 1.148420733107023395e+01 8.739220644938402671e+00
1.448226574836240310e+01 1.152886506770214936e+01 8.764775607903944277e+00
1.440825160228946622e+01 1.147145873361815482e+01 8.717989949396173444e+00
1.441034213535139941e+01 1.145226123046988143e+01 8.746637820726338219e+00
1.443359514973710311e+01 1.148770834722820133e+01 8.738491052552376459e+00
1.441038416661140786e+01 1.142975043407009572e+01 8.776102599912972480e+00
1.445711819171400947e+01 1.146439059932994198e+01 8.807724711591717437e+00
1.441003236023384204e+01 1.147377875731628194e+01 8.717880112225914857e+00
1.441759439982975977e+01 1.148872893798442796e+01 8.710690883478854118e+00
1.446175828521388596e+01 1.150702263102033740e+01 8.759616593729329992e+00
1.442023164338264074e+01 1.147580196100706651e+01 8.732070201307383428e+00
1.444211082144504310e+01 1.149731401289763610e+01 8.739927658037430547e+00
1.452037023723380038e+01 1.155387971420049809e+01 8.794828899764416619e+00
1.440947127116223214e+01 1.146267035317594107e+01 8.731554883803404721e+00
1.442727319728400204e+01 1.149081596032843500e+01 8.723953259556738615e+00
1.441662979965443725e+01 1.149167156205228935e+01 8.705211053742639038e+00
1.448297694410063841e+01 1.152670087037291680e+01 8.768796280464890458e+00
1.441166597620759227e+01 1.145881671466642793e+01 8.740230872777951632e+00
1.453564626779144042e+01 1.156529443980528526e+01 8.805054056788533146e+00
1.446262034890475867e+01 1.150114991948754017e+01 8.768747794641246429e+00
1.441417483923318521e+01 1.148666174500861459e+01 8.707757360637620181e+00
1.444068752857619842e+01 1.148242684394750768e+01 8.757130241772692614e+00
1.447002309293601030e+01 1.151729058010766416e+01 8.759770887612569723e+00
1.452021013460682752e+01 1.156591559507758937e+01 8.778729908174636165e+00
1.447993953793690913e+01 1.153148854849741411e+01 8.757477997584780738e+00
1.441508834803278383e+01 1.148532466715498401e+01 8.711032623726751467e+00
1.441649730155141107e+01 1.142551510364685008e+01 8.791643706496346411e+00
1.454249987191314020e+01 1.156933606994129882e+01 8.811059268064706629e+00
1.442361329130881487e+01 1.148529872468876079e+01 8.725166679318109075e+00
1.445427858089456485e+01 1.148182901382334542e+01 8.780305905344745199e+00
1.444075405305455106e+01 1.148528770006911870e+01 8.753487537402019569e+00
1.443134893663078344e+01 1.148459474170496009e+01 8.738873826163027658e+00
1.446062428783490184e+01 1.151486850229519376e+01 8.747425802415854434e+00
1.445471763369690521e+01 1.151144606663955905e+01 8.742166283293681062e+00
1.443832750451713665e+01 1.147475947549546227e+01 8.763286832417568561e+00
1.443110526688769646e+01 1.148518952726051445e+01 8.737689668722458336e+00
1.442435283362713072e+01 1.147675414125498250e+01 8.737623764511356583e+00
1.446612652756487982e+01 1.151708453934743837e+01 8.753603853558860948e+00
1.443099176179432419e+01 1.147063001621406109e+01 8.756607234546075702e+00
1.448648632755712207e+01 1.153375562497317652e+01 8.765316155273525922e+00
1.446164458097038974e+01 1.150658012140816666e+01 8.760010153871093053e+00
1.450501421308720928e+01 1.154559265122541056e+01 8.780360337356988509e+00
1.457130952945166236e+01 1.159578912234421288e+01 8.823873074405165440e+00
1.444551588648761609e+01 1.149544718061302717e+01 8.748006821242316988e+00
1.444697641818371281e+01 1.150596054368751808e+01 8.736589700487387589e+00
1.446206969633279371e+01 1.152029029309180785e+01 8.742675303617422955e+00
1.442501771949016209e+01 1.145799814810650830e+01 8.763299301381469064e+00
1.449796431370368666e+01 1.151902417844632254e+01 8.803581726649365891e+00
1.448327186812391609e+01 1.153880003709829261e+01 8.753356939474711496e+00
1.445341477362521410e+01 1.150992463294588575e+01 8.742015417645585984e+00
1.443328087569330087e+01 1.147889648482599689e+01 8.749544692571344484e+00
1.443545497811271971e+01 1.149929003602336941e+01 8.726321624403547972e+00
1.442880618013571414e+01 1.148172699568774391e+01 8.738443395732323538e+00
1.442950355156716569e+01 1.149378262326712630e+01 8.723733934146096658e+00
1.450545704709057304e+01 1.154396798981168359e+01 8.783227606933158071e+00
1.447295618330893596e+01 1.150224559721614881e+01 8.784350112859920401e+00
1.450825884894186046e+01 1.154879096691559681e+01 8.781514791332329040e+00
1.442844301072386770e+01 1.144187954173130883e+01 8.789957921754631087e+00
1.445113651398310672e+01 1.151937015068185666e+01 8.725792679026683984e+00
1.443053345642794838e+01 1.148529375616475967e+01 8.736608218965134398e+00
1.448511216490422449e+01 1.152035824255068164e+01 8.780650339989112041e+00
1.443934089923100395e+01 1.144633132444908519e+01 8.802048898701986701e+00
1.443021495156196821e+01 1.150092897135171555e+01 8.715488302109374530e+00
1.445479679946715912e+01 1.150846974895827657e+01 8.746214869942210868e+00
1.443034175160188859e+01 1.149080982857374522e+01 8.729035029805853441e+00
1.454548890369108349e+01 1.157917423346376928e+01 8.803066029429130523e+00
1.447976485945483560e+01 1.151295841678046017e+01 8.781536248207775230e+00
1.443338783888119004e+01 1.148086484642839089e+01 8.747138211187031942e+00
1.449057326358171771e+01 1.152785043112127461e+01 8.779827899504999422e+00
1.445336088369151817e+01 1.150447041743808008e+01 8.749102882496931244e+00
1.445581797926989509e+01 1.147335623149963624e+01 8.793905289169950734e+00
1.446096124125900140e+01 1.149933082109391336e+01 8.768397270210483541e+00
1.445114749190524783e+01 1.150332198359106251e+01 8.746956452082629951e+00
1.449958862060460518e+01 1.153015239736807906e+01 8.791681059969914003e+00
1.455016390816293459e+01 1.157562972477340679e+01 8.815444755050625858e+00
1.443657707337189144e+01 1.147669484192872780e+01 8.757866926406991936e+00
1.449153559080787090e+01 1.154050598643610925e+01 8.764777541768161484e+00
1.447209108141830747e+01 1.150527598429158438e+01 8.778954652699297867e+00
1.452877433944945906e+01 1.155059979940342885e+01 8.812997678467104024e+00
1.447296480331403323e+01 1.152556757455293202e+01 8.753742187337987701e+00
1.445284778936265369e+01 1.149968393455425009e+01 8.754546169153478274e+00
1.443406220097789827e+01 1.148457830444812089e+01 8.743375365995587956e+00
1.445156890071722167e+01 1.149516930817555505e+01 8.758363218578908871e+00
1.445241244233421973e+01 1.150363071312188801e+01 8.748640226884164761e+00
1.455139031790907644e+01 1.157184092832951627e+01 8.822440575803041085e+00
1.447797643108709842e+01 1.153370876067902806e+01 8.751306403214856644e+00
1.452877094544610870e+01 1.154707017594723872e+01 8.817616204904181743e+00
1.443350102644751054e+01 1.145579300265206157e+01 8.780134313371830146e+00
1.444725512237465104e+01 1.149578728077892720e+01 8.750431724552910850e+00
1.446503281050107681e+01 1.152553693899024623e+01 8.740662015937008533e+00
1.445400926393600827e+01 1.150424437091856689e+01 8.750471144809084834e+00
1.443717218630940913e+01 1.149483787229122633e+01 8.735023928237708901e+00
1.447713506646820569e+01 1.150524470344053363e+01 8.787308122896163809e+00
1.443709620002063865e+01 1.149720743093593001e+01 8.731779198919426221e+00
1.445564327720892450e+01 1.152313071458102378e+01 8.728291991712641362e+00
1.443806640889134840e+01 1.148235840857876866e+01 8.752897063515435505e+00
1.459633161614248031e+01 1.161947747248297524e+01 8.834061348828251781e+00
1.444065833541772470e+01 1.149275420591926000e+01 8.743524113456459190e+00
1.443696544041835850e+01 1.149367583598449549e+01 8.736211244306089085e+00
1.443750653316926247e+01 1.149074769116045758e+01 8.740956034290285004e+00
1.443816009092848063e+01 1.148949099837539123e+01 8.743687060361365226e+00
1.452699300676851557e+01 1.157142640653222365e+01 8.782688468624519018e+00
1.446195590928870622e+01 1.151733825327564098e+01 8.746375722654734730e+00
1.445946778391093979e+01 1.151094863663888823e+01 8.750672550074060752e+00
1.443930591712355849e+01 1.149944972451089420e+01 8.732480254871791914e+00
1.445709148136803890e+01 1.149822779106547976e+01 8.763461174981818758e+00
1.448624426527978493e+01 1.152845138377633205e+01 8.771891563696911476e+00
1.445577053686959701e+01 1.150838280018888682e+01 8.747938450797631660e+00
1.444059847008980846e+01 1.148874298522465942e+01 8.748695262369770020e+00
1.444012813889975710e+01 1.150209481064655037e+01 8.730355985567957333e+00
1.447992805254984283e+01 1.152507868364154398e+01 8.765892866268169215e+00
1.446212132288519747e+01 1.150900593813128125e+01 8.757610146261912476e+00
1.445879741626907844e+01 1.149779243917658889e+01 8.766846168966527131e+00
1.446300422806194597e+01 1.152231954365763045e+01 8.741546981786640913e+00
1.458261211939591995e+01 1.160318012361591755e+01 8.832824420516761421e+00
1.445481052249981246e+01 1.150691416421612523e+01 8.748284040812439599e+00
1.444423713296523459e+01 1.149733709717786745e+01 8.743410434560953348e+00
1.446332841827438997e+01 1.148750944477827218e+01 8.787775355059640248e+00
1.449363067643358960e+01 1.153028871212143081e+01 8.781672528623573726e+00
1.444590141216752777e+01 1.148309491369726665e+01 8.764850187714774421e+00
1.452888433816286984e+01 1.156044662708995752e+01 8.800258740168880323e+00
1.444649474579623671e+01 1.149634099300959988e+01 8.748448674637426592e+00
1.445930848820109560e+01 1.150080416374687076e+01 8.763738103349897557e+00
1.446699938481203418e+01 1.152211415894871038e+01 8.748425944608859695e+00
1.452417124610618337e+01 1.154961665095042989e+01 8.806696633943184693e+00
1.448921624650725271e+01 1.153579722042802125e+01 8.767141491228191086e+00
1.444678635728720906e+01 1.149758701025421637e+01 8.747292666575944509e+00
1.449556461507735428e+01 1.153306648000404167e+01 8.781216947421917496e+00
1.449250775630647681e+01 1.153737728054683487e+01 8.770502069603830719e+00
1.446151833654170993e+01 1.151159386089933889e+01 8.753211946470665694e+00
1.446463267965182453e+01 1.149212785102796985e+01 8.783882741298336683e+00
1.451471362828438671e+01 1.155420959042727347e+01 8.785052785930366426e+00
1.450681701062834250e+01 1.153767349210653848e+01 8.793738122630099241e+00
1.445322083226075982e+01 1.149711908912223812e+01 8.758529846762950655e+00
1.444585884789461439e+01 1.148894922246393868e+01 8.757104750826059103e+00
1.444837345909303394e+01 1.151468034019125319e+01 8.727406961786360995e+00
1.449904294336493393e+01 1.153967096452075936e+01 8.778282309434858988e+00
1.445972545772554518e+01 1.149926851112750725e+01 8.766440784137401465e+00
1.447313314153053021e+01 1.151842805196840835e+01 8.763412471411845317e+00
1.449934346820287345e+01 1.155334184991587243e+01 8.760779252321096777e+00
1.444795419429405214e+01 1.150337358769384011e+01 8.741611779435576324e+00
1.457336506468212534e+01 1.159960589810638787e+01 8.822250977903140168e+00
1.447010525088070310e+01 1.150860361732199522e+01 8.771316249624591777e+00
1.444813533290463781e+01 1.147317731744978708e+01 8.781504247011620023e+00
1.450178332430858852e+01 1.154333527672074666e+01 8.777991243696305901e+00
1.446002501534341711e+01 1.149406705553856511e+01 8.773753242891004334e+00
1.446975751089378548e+01 1.152441722856219286e+01 8.749953712225341462e+00
1.445166369033656117e+01 1.150308148300142896e+01 8.748125502873275394e+00
1.457841881879341450e+01 1.159736739482312373e+01 8.833536368048953591e+00
1.454009951083084751e+01 1.157947899413227510e+01 8.793756876859449179e+00
1.444862430179990831e+01 1.151202175672862893e+01 8.731328609505517591e+00
1.444898110091000909e+01 1.149654559554141819e+01 8.752285085855685764e+00
1.445073748926205681e+01 1.146392763437620488e+01 8.797850713518014842e+00
1.447905679367968190e+01 1.151656902633142288e+01 8.775632370168287011e+00
1.444963400023514488e+01 1.150872143135228143e+01 8.737348210772202250e+00
1.450302565341276484e+01 1.154084469136071256e+01 8.783316965329216686e+00
1.444974690870225942e+01 1.148741375902453221e+01 8.765529696174917618e+00
1.446345405983092469e+01 1.152153001556190404e+01 8.743331712873860795e+00
1.445041368483571453e+01 1.149502002164791747e+01 8.756652920197351975e+00
1.446281024002352922e+01 1.152218388706959828e+01 8.741404836265347811e+00
1.453388372579907539e+01 1.156556018427302845e+01 8.801794918026985215e+00
1.450430712346355300e+01 1.154001499124874286e+01 8.786522584817605619e+00
1.447678999469238725e+01 1.152304143611707410e+01 8.763387736027352659e+00
1.445856233233842403e+01 1.147138674810951819e+01 8.800983512847460943e+00
1.455434197424411380e+01 1.156732877092433220e+01 8.833219990954049194e+00
1.446462448962587999e+01 1.151017725789734847e+01 8.760204399308697987e+00
1.449244119028729116e+01 1.154118571996032117e+01 8.765379845238864931e+00
1.447726943554275003e+01 1.152583855511709920e+01 8.760500893823165214e+00
1.446615159149842000e+01 1.150918667167198528e+01 8.764026701512280582e+00
1.445331727391369547e+01 1.151841995973819088e+01 8.730657584140891103e+00
1.454122097025946303e+01 1.157436020606438909e+01 8.802345887670325553e+00
1.446519759062836741e+01 1.152422346793907870e+01 8.742666343680452812e+00
1.445345684453157276e+01 1.150650549974795744e+01 8.746584815858506445e+00
1.445966996207003419e+01 1.147926272609745979e+01 8.792529936100301313e+00
1.445390598382335590e+01 1.151180848111252253e+01 8.740346885758620843e+00
1.445628661568808049e+01 1.150008569941750736e+01 8.759694721905283643e+00
1.445527771127020777e+01 1.151428253788500022e+01 8.739356460729920784e+00
1.450671012207397403e+01 1.154287495756271653e+01 8.786732969651177783e+00
1.448433831049967857e+01 1.152900485498466843e+01 8.768015929886797011e+00
1.455252273477687019e+01 1.158896673629267227e+01 8.801804811020275565e+00
1.446319790411460637e+01 1.151289571109198206e+01 8.754274724904684390e+00
1.446575175671215341e+01 1.153253540145291822e+01 8.732617082012467336e+00
1.447244264066335973e+01 1.149745137079914059e+01 8.789778607189148829e+00
1.449451980937223183e+01 1.150574572702677933e+01 8.815266290322094633e+00
1.455235560637146008e+01 1.158627941938919825e+01 8.805065752743086449e+00
1.454127564975595632e+01 1.156015414462930835e+01 8.821084608742584265e+00
1.445665574248074847e+01 1.150368950802335100e+01 8.755570967081188982e+00
1.446054121006715043e+01 1.151485732731953071e+01 8.747303174094630762e+00
1.445951458146691593e+01 1.149395148823967006e+01 8.773063382744219041e+00
1.457313172603479146e+01 1.159237752447022451e+01 8.831361822194773836e+00
1.452068825477437919e+01 1.155156136760359686e+01 8.798398568082189897e+00
1.447354500781644226e+01 1.152845967737221144e+01 8.750892672207291056e+00
1.447207830028490605e+01 1.147321906943896686e+01 8.820787635706876628e+00
1.445805257244298581e+01 1.148272487543393972e+01 8.785346528317244719e+00
1.450751734429524120e+01 1.155132553836003062e+01 8.776954927641966719e+00
1.447289592972864725e+01 1.152585635793364105e+01 8.753248071946588382e+00
1.446264477262854165e+01 1.150003411057836722e+01 8.770251380363832894e+00
1.445998847065178872e+01 1.149705811327621952e+01 8.769773161908586800e+00
1.446221800643992772e+01 1.150470014577039812e+01 8.763425370350676147e+00
1.458077008477843606e+01 1.160118749520479575e+01 8.832400860823383937e+00
1.445995966419020817e+01 1.151674110197640033e+01 8.743861153978556899e+00
1.448204779527149633e+01 1.152861028892069051e+01 8.764750604022912839e+00
1.445982890286813571e+01 1.151128856375264498e+01 8.750822104364726073e+00
1.446281874532773415e+01 1.148556818775558064e+01 8.789473787697433593e+00
1.445997938553884588e+01 1.151578339330058220e+01 8.745155039722902757e+00
1.450978799722243906e+01 1.153360108285337127e+01 8.803976021431674681e+00
1.452238291920239632e+01 1.156035671909353013e+01 8.789639251940352338e+00
1.447955382964361881e+01 1.150558070381541143e+01 8.790852733013883480e+00
1.446441845924718450e+01 1.151332487212956579e+01 8.755726797531625749e+00
1.452640241238822050e+01 1.153564651146424858e+01 8.828659389124773327e+00
1.448162534038115368e+01 1.152656268979971088e+01 8.766745408490361768e+00
1.446116043155867459e+01 1.149906151568037593e+01 8.769078930302589114e+00
1.447789280696224878e+01 1.151061479321058201e+01 8.781521918905111690e+00
1.452952053159446955e+01 1.155331858548086821e+01 8.810663796809386383e+00
1.447413460548447084e+01 1.151532676047817993e+01 8.769140332843248231e+00
1.449227814669469261e+01 1.153867753846665423e+01 8.768411859878028736e+00
1.446258063693735174e+01 1.151033510555865469e+01 8.756621748006434558e+00
1.447801585707300198e+01 1.150634251024468213e+01 8.787321844259114556e+00
1.451287851529649942e+01 1.155030384276933120e+01 8.787156760833550351e+00
1.447927427277212509e+01 1.152913939901753793e+01 8.759470770781890181e+00
1.450570480439191989e+01 1.153982614158944031e+01 8.789077567870691610e+00
1.457852251635342355e+01 1.160316619352277456e+01 8.826089340433508568e+00
1.449878380585327697e+01 1.154522531179279987e+01 8.770547551254257002e+00
1.449992295174734913e+01 1.153969843302226295e+01 8.779699635039520444e+00
1.447369226032272671e+01 1.150983484203300122e+01 8.775617901643688157e+00
1.447181238683529081e+01 1.152448330626399375e+01 8.753264435820607758e+00
1.446536829780968070e+01 1.151750101275987248e+01 8.751802695008192856e+00
1.448625692167861878e+01 1.152584234040865674e+01 8.775340332142384625e+00
1.448515093926556752e+01 1.150987096529834908e+01 8.794456668577554481e+00
1.451073458798189186e+01 1.155895561376719805e+01 8.772226821156289489e+00
1.446699608711762330e+01 1.151041568705391782e+01 8.763806621320421542e+00
1.446643782548586010e+01 1.151615994413509370e+01 8.755334573832483258e+00
1.450498269567597909e+01 1.154138007666153776e+01 8.785844804451061307e+00
1.452967988785033704e+01 1.156404176483499313e+01 8.796848055102154618e+00
1.446926869195147525e+01 1.151478713651985331e+01 8.761815661181422854e+00
1.449600798915068900e+01 1.153776015371374797e+01 8.775781347372776153e+00
1.452967366425452944e+01 1.157122352785865971e+01 8.787388853240866382e+00
1.447353441243240191e+01 1.152322699459920585e+01 8.757764441842741832e+00
1.449607480539658866e+01 1.153198735838080502e+01 8.783476096045292891e+00
1.457109399866213728e+01 1.160242663471027491e+01 8.814787377130167911e+00
1.454901226597737640e+01 1.157954343872259884e+01 8.808401198077694616e+00
1.449336877244418176e+01 1.153998006907954554e+01 8.768500349507151626e+00
1.448209692222294720e+01 1.153167184520006572e+01 8.760803371796416883e+00
1.454353626909840891e+01 1.156488973614530380e+01 8.818603778455059938e+00
1.447072055372220589e+01 1.150324930992806927e+01 8.779351266327012127e+00
1.450028092798463497e+01 1.152752776709816196e+01 8.796263443602390097e+00
1.447279612010427208e+01 1.152217723946228922e+01 8.757925507591536984e+00
1.451314961324662711e+01 1.155248477463853440e+01 8.784737174681184868e+00
1.451313573520254607e+01 1.154246459335931085e+01 8.797875878839155561e+00
1.448025689346243894e+01 1.149266395583233447e+01 8.808888403140247902e+00
1.452159569730743094e+01 1.156118103297839284e+01 8.787254105735097909e+00
1.448672721563095678e+01 1.151518762882168012e+01 8.790092109479557436e+00
1.447399100205148059e+01 1.152549179196193485e+01 8.755538503192438426e+00
1.448003907697729353e+01 1.152663020094143498e+01 8.764036049762362168e+00
1.452899597674086607e+01 1.155422745888360936e+01 8.808606695756841631e+00
1.449436329143860824e+01 1.154354710131248396e+01 8.765448507862172889e+00
1.449122515915239617e+01 1.153067896668967940e+01 8.777189138920933331e+00
1.448268078194644204e+01 1.152262104999309145e+01 8.773667805998636382e+00
1.448180565701494160e+01 1.151838086641294723e+01 8.777790001122269814e+00
1.447533891883264978e+01 1.152713484056080517e+01 8.755603873097527412e+00
1.452262121023028918e+01 1.156327664220150631e+01 8.786191445202392813e+00
1.449146066380595954e+01 1.154044412017807275e+01 8.764735117485457749e+00
1.454842230395401437e+01 1.158448206365055455e+01 8.800929885594205970e+00
1.448951270769557631e+01 1.153777819262422355e+01 8.765024408652637433e+00
1.447879542224100469e+01 1.152307118679832598e+01 8.766661126283214145e+00
1.447608905833712889e+01 1.152797891677682429e+01 8.755732780256428427e+00
1.452344932106756659e+01 1.155912529768079544e+01 8.793020103134862708e+00
1.447766916496847500e+01 1.152364742496498096e+01 8.764043272107741700e+00
1.447818759903817565e+01 1.152455552731425570e+01 8.763705611828436659e+00
1.452712790394254583e+01 1.156594704965049303e+01 8.790125936651147498e+00
1.449599674128619498e+01 1.153085948771105507e+01 8.784827886648885809e+00
1.448320638595484589e+01 1.152106735275907745e+01 8.776575315654287834e+00
1.449034551894278522e+01 1.152200366746853177e+01 8.787123803906881747e+00
1.449316191749957028e+01 1.154195154466999362e+01 8.765563125512802145e+00
1.447869371731544064e+01 1.149482174131608758e+01 8.803501854103094715e+00
1.450130566213800343e+01 1.153631984746151673e+01 8.786420789139411269e+00
1.450134483468665358e+01 1.155775952498511749e+01 8.758264484309039588e+00
1.452965562570190272e+01 1.154016941045756717e+01 8.828101867300262029e+00
1.449210467030103189e+01 1.152163084079237976e+01 8.790513098987048579e+00
1.447901564142763675e+01 1.151682063638770082e+01 8.775234263196654894e+00
1.448123005814660935e+01 1.153125435605951843e+01 8.759919918174324138e+00
1.451315065819213501e+01 1.156195409126245899e+01 8.772272203877516716e+00
1.447933796054579680e+01 1.151476342238813899e+01 8.778465190574870292e+00
1.447902427795121305e+01 1.153751436366309768e+01 8.748022996641489968e+00
1.448035952628589129e+01 1.151739447237159553e+01 8.776698501047121681e+00
1.449163208173986916e+01 1.152470384769254252e+01 8.785704389261738356e+00
1.448036036608931454e+01 1.151107796895886004e+01 8.784982659309022779e+00
1.448188887878487385e+01 1.151950033345929647e+01 8.776458144656313465e+00
1.448527405578097671e+01 1.153413076032221518e+01 8.762818728860613859e+00
1.449067378755736790e+01 1.154254173897681213e+01 8.760671037162641284e+00
1.448992203381772192e+01 1.154513843468893519e+01 8.756004743602222362e+00
1.453718724074916402e+01 1.156232202461283087e+01 8.811499433794077518e+00
1.449693531143059033e+01 1.154959479805277311e+01 8.761734612769064512e+00
1.449901737682463576e+01 1.153929651612665630e+01 8.778732300643982356e+00
1.448194671798798616e+01 1.152878053314700324e+01 8.764359654941925371e+00
1.455001159586288040e+01 1.158373174764671809e+01 8.804544067599740842e+00
1.449103009359097527e+01 1.152324882920300375e+01 8.786619918582507793e+00
1.449180888938421319e+01 1.152741650762094139e+01 8.782436651992629351e+00
1.448339030198359190e+01 1.152372651956231486e+01 8.773387130517413368e+00
1.448574877589884480e+01 1.153261281142831329e+01 8.765600911525371686e+00
1.448630895090855653e+01 1.149909561066058927e+01 8.810445343911949223e+00
1.455473816982740054e+01 1.157821280279015852e+01 8.819602682974824859e+00
1.448502913046546148e+01 1.152471154799701836e+01 8.774798723953567858e+00
1.449877335375485465e+01 1.152631776725086787e+01 8.795363977227363961e+00
1.456426833185618719e+01 1.158150491099325308e+01 8.831005380982855257e+00
1.448538331884210173e+01 1.152681724148742504e+01 8.772617293324566745e+00
1.448609477691381286e+01 1.150633565684139548e+01 8.800635297399269419e+00
1.451750581843720767e+01 1.156184662290622889e+01 8.779617181674268522e+00
1.451768012152565035e+01 1.154291961915169829e+01 8.804773862896414727e+00
1.448857970418051266e+01 1.154359629601181148e+01 8.755816717993464948e+00
1.452028439621576084e+01 1.155416042035497171e+01 8.794318389033314531e+00
1.451598104123884170e+01 1.154301453209732387e+01 8.801847595896868270e+00
1.454768553176160495e+01 1.156820309610309572e+01 8.821101487815264264e+00
1.450867245384459991e+01 1.155174274270023460e+01 8.778315099119051723e+00
1.453519096117707754e+01 1.157761544958697186e+01 8.788094035646686564e+00
1.449213734455786096e+01 1.153477377105204660e+01 8.773314018327301511e+00
1.452399051502581706e+01 1.156164998449884962e+01 8.790594412012058712e+00
1.452630899552893240e+01 1.156664006680741608e+01 8.787860410731960670e+00
1.453898465192194145e+01 1.156812862604754422e+01 8.806842498877854197e+00
1.458076851147508890e+01 1.160213267388457581e+01 8.831156651470033481e+00
1.450570750810456033e+01 1.155139692205425916e+01 8.773869127120393685e+00
1.452402202141432497e+01 1.155937909920626261e+01 8.793632384820375236e+00
1.449415073515550922e+01 1.153202054051686076e+01 8.780256703907134863e+00
1.453347508217054163e+01 1.157136761760423660e+01 8.793483349750090383e+00
1.450342549000568937e+01 1.153611967823844608e+01 8.790181665557682322e+00
1.453609748749654074e+01 1.156179894665214647e+01 8.810387918996335443e+00
1.448773595776788170e+01 1.153425564551082694e+01 8.766723440716152282e+00
1.451147316765690931e+01 1.155355380323094217e+01 8.780560802788983210e+00
1.448797128052347816e+01 1.151685287483178755e+01 8.789960846599482736e+00
1.449343417736886863e+01 1.152620013119927478e+01 8.786714106494295962e+00
1.451118867941391777e+01 1.154599314234132379e+01 8.790030673812108120e+00
1.450772478767066787e+01 1.155754124840887620e+01 8.769111631523534456e+00
1.451186022624289507e+01 1.155484368639375958e+01 8.779503095791742595e+00
1.449487811823002481e+01 1.153808095930845035e+01 8.773493001010905346e+00
1.451296071736331150e+01 1.154219893004705000e+01 8.797935703501778448e+00
1.449811747557316188e+01 1.154185710008259846e+01 8.773878561776019325e+00
1.458007363568559889e+01 1.160405300874836776e+01 8.827485541884067644e+00
1.452400092482715621e+01 1.155950765121820645e+01 8.793428553516985602e+00
1.449772223871412358e+01 1.154437383433245579e+01 8.769913504937559168e+00
1.450301697248031907e+01 1.154008443632456604e+01 8.784301480855022604e+00
1.452348728442648884e+01 1.154631533957851275e+01 8.809896990312193310e+00
1.450239909998814980e+01 1.153597519553608741e+01 8.788677713018794080e+00
1.451027095624446517e+01 1.152893731681034950e+01 8.810877797852462834e+00
1.449086712759049433e+01 1.152994192871847545e+01 8.777566247534817734e+00
1.450621501510106448e+01 1.155582060795316046e+01 8.768881578693411782e+00
1.449906704083931075e+01 1.152592352368655959e+01 8.796364702584902773e+00
1.449302877285621705e+01 1.152406823500361632e+01 8.788841466645012090e+00
1.449588983239465989e+01 1.153609144855773216e+01 8.777779680729974388e+00
1.456605562295309042e+01 1.158047641563716290e+01 8.835300922879468999e+00
1.450211298034320961e+01 1.152942318784858422e+01 8.796799523129898546e+00
1.452823236950816010e+01 1.156129687883819201e+01 8.798065143074980554e+00
1.460677073761168998e+01 1.162804061781478104e+01 8.840046536732645066e+00
1.452502624965690892e+01 1.156207507992279915e+01 8.791746550000770100e+00
1.451071161656051700e+01 1.155054837461893591e+01 8.783255880627192980e+00
1.450884039806165937e+01 1.155025110088425855e+01 8.780555176237317738e+00
1.452381936741449842e+01 1.155998342557446001e+01 8.792503182696510322e+00
1.453623816974074678e+01 1.157276784398849578e+01 8.796207396177837978e+00
1.449504931635883054e+01 1.153647184592293051e+01 8.775891523480799705e+00
1.449718287266445493e+01 1.153779752123414859e+01 8.777672789668041986e+00
1.450274415382897608e+01 1.153946514142128876e+01 8.784664606081641125e+00
1.449596206684418753e+01 1.153926686125812218e+01 8.773724211989783583e+00
1.449687694581728437e+01 1.154357696322564664e+01 8.769565101888169067e+00
1.450318458526913012e+01 1.153771914261235310e+01 8.787684569929931300e+00
1.449698160962008053e+01 1.153790919276919702e+01 8.777193586168353434e+00
1.452163465854020075e+01 1.154692143970566853e+01 8.806047832108427897e+00
1.450700294593714368e+01 1.151234794121060112e+01 8.827172783736195072e+00
1.450568960276369701e+01 1.154802051410504760e+01 8.778283035852503247e+00
1.449976956885744350e+01 1.152463412200856752e+01 8.799211663768531366e+00
1.451879810175546837e+01 1.155334874222471697e+01 8.792930749191237183e+00
1.454138476196951579e+01 1.156812794821228785e+01 8.810805103361952106e+00
1.453752816624239053e+01 1.157520945397300771e+01 8.795126564236852573e+00
1.452944091278277661e+01 1.156011774084623234e+01 8.801609571880488758e+00
1.450064925126178395e+01 1.151960096946625001e+01 8.807248276981360036e+00
1.457548192735422887e+01 1.160755438839503562e+01 8.815290950109410772e+00
1.450088249325343703e+01 1.153442954327352155e+01 8.788203923123486305e+00
1.451666819324812963e+01 1.155715857401954594e+01 8.784403288091253259e+00
1.451725969892081203e+01 1.153337740738162509e+01 8.816577269258715432e+00
1.450209250737943201e+01 1.152114789287845120e+01 8.807601167344779824e+00
1.453431546704256405e+01 1.156221687115566077e+01 8.806898836700471023e+00
1.454421665849412904e+01 1.158341837727792267e+01 8.795377018988908446e+00
1.450763081012244271e+01 1.154848900251027821e+01 8.780874300530278731e+00
1.451918793616264480e+01 1.154908461493630512e+01 8.799173988656685097e+00
1.450238753354440391e+01 1.154946450122459645e+01 8.770924347413849631e+00
1.451991682378138826e+01 1.155622614509344714e+01 8.790996635933176151e+00
1.451310140774709012e+01 1.155173038369991012e+01 8.785649527146805582e+00
1.450801476228097364e+01 1.155643658530243023e+01 8.771047018027331887e+00
1.458157328859723734e+01 1.160439972534611108e+01 8.829506587863194866e+00
1.450723294098270699e+01 1.155118322026229016e+01 8.776672137881458724e+00
1.452899941883493717e+01 1.156548455951965693e+01 8.793826869800106749e+00
1.452825872493332326e+01 1.156064639093426116e+01 8.798963382261565158e+00
1.451784496041778993e+01 1.155400211129672527e+01 8.790498137584640048e+00
1.456980854397812131e+01 1.158260137735783246e+01 8.838702752180680022e+00
1.452183850390534658e+01 1.156835145485268157e+01 8.778213835998510461e+00
1.451708736204629524e+01 1.154108807165616746e+01 8.806197340484711589e+00
1.453129819019737745e+01 1.157162903421246014e+01 8.789540863264972970e+00
1.454102414345342531e+01 1.157611499263393107e+01 8.799712769051689421e+00
1.450710242713700460e+01 1.153186075434068947e+01 8.801829831003400884e+00
1.453028870043059939e+01 1.156421512983613908e+01 8.797625710879616534e+00
1.451867530237957560e+01 1.155814007526286424e+01 8.786428770355406925e+00
1.451929137127951819e+01 1.156165633822633154e+01 8.782819857019882548e+00
1.456367806825673483e+01 1.158849923288985018e+01 8.820850548849220374e+00
1.453731097033977626e+01 1.156954017999545314e+01 8.802224166188452159e+00
1.453354548824841963e+01 1.156726664001347515e+01 8.798993518455242580e+00
1.451618354945005152e+01 1.155278858837004208e+01 8.789349274761542929e+00
1.452416774321222448e+01 1.155816351556278399e+01 8.795470696925766774e+00
1.451527852731218893e+01 1.155483224881612614e+01 8.785167182653339069e+00
1.450824706331624547e+01 1.155011441135278716e+01 8.779754548669634673e+00
1.451233742694977558e+01 1.153207931469962411e+01 8.810169366880767683e+00
1.453836798736045210e+01 1.156314200048907104e+01 8.812371463597797216e+00
1.454254436945183393e+01 1.158039507146136415e+01 8.796592904434566762e+00
1.451061260699140121e+01 1.154205062661596592e+01 8.794256396240207607e+00
1.450763873424325823e+01 1.155678591031628422e+01 8.769964712952402763e+00
1.450756516219213133e+01 1.154769569533175932e+01 8.781809099682545749e+00
1.451247889539203584e+01 1.155467195702999916e+01 8.780751656585202625e+00
1.452480426198469665e+01 1.156437092657819399e+01 8.788359569423739970e+00
1.454657148412911205e+01 1.158082782812788025e+01 8.802679635096184896e+00
1.454553524996379466e+01 1.157982302744888159e+01 8.802289154583819553e+00
1.451209888001047332e+01 1.156254112523289912e+01 8.769758071377975028e+00
1.451301443109123213e+01 1.152791862584834703e+01 8.816727285840315176e+00
1.451342246946771297e+01 1.155311414264843428e+01 8.784360271766352923e+00
1.451006987283472149e+01 1.155083301370741822e+01 8.781821246415381310e+00
1.451970927146956214e+01 1.155448441134766036e+01 8.792943040639071839e+00
1.451277260032178695e+01 1.156302754985623871e+01 8.770231606401079461e+00
1.451761716653393641e+01 1.155228845250742786e+01 8.792373951561907930e+00
1.457140200870786551e+01 1.159979667976470097e+01 8.818756912824813554e+00
1.451131262334640404e+01 1.155424448513375602e+01 8.779386563436471391e+00
1.451192697711851132e+01 1.155281302172190827e+01 8.782285344621449497e+00
1.451768122626430824e+01 1.154812684901866682e+01 8.797944900168523930e+00
1.454443492308115182e+01 1.157944468237697677e+01 8.800968587576834423e+00
1.451242670309889249e+01 1.155273671168440330e+01 8.783211444757391462e+00
1.455731394840462301e+01 1.157970745257357414e+01 8.821891220437251491e+00
1.451349224353257661e+01 1.155386251555761312e+01 8.783491223578067775e+00
1.457918655729998036e+01 1.159842713621821808e+01 8.833412060941871147e+00
1.451385263564458228e+01 1.154428155380185217e+01 8.796674470261899970e+00
1.454453951493173669e+01 1.157828346309538503e+01 8.802669012840517837e+00
1.451697934231220444e+01 1.156147375290020207e+01 8.779237659735553478e+00
1.453560436198585037e+01 1.155207833230182679e+01 8.822317177054150861e+00
1.452753806249542379e+01 1.155901891769507905e+01 8.799911580102413922e+00
1.454433467872994612e+01 1.157349311650046708e+01 8.808628061691718969e+00
1.454313543980222789e+01 1.156666330714072544e+01 8.815616164493320639e+00
1.454624296390406712e+01 1.156729456275525969e+01 8.819913880723619926e+00
1.451816790228775922e+01 1.155821045725358864e+01 8.785497724366694072e+00
1.451993824458796389e+01 1.154411996854429034e+01 8.806923457059518512e+00
1.452138366663688451e+01 1.156458248356250706e+01 8.782426519735174963e+00
1.451665539932464455e+01 1.153993236238429354e+01 8.806999775992785828e+00
1.458562780895123900e+01 1.161085291614041637e+01 8.827719588942850137e+00
1.453618194493364335e+01 1.157171843961313584e+01 8.797494978147595290e+00
1.458156495160761601e+01 1.160418403310018931e+01 8.829776291837422519e+00
1.453056179460494945e+01 1.157343744225923565e+01 8.785941715999772583e+00
1.454456395210392827e+01 1.157835932880690422e+01 8.802609602264045208e+00
1.457378623744191337e+01 1.160136886614142426e+01 8.820628420151013671e+00
1.452340123097486746e+01 1.155671337937525678e+01 8.796110457631328927e+00
1.455933967315580801e+01 1.159248519592950366e+01 8.808442467342564086e+00
1.452381091360329890e+01 1.156851974227422808e+01 8.781254718245778079e+00
1.453787241782017325e+01 1.156972150294256707e+01 8.802913084948922773e+00
1.452274121650083849e+01 1.156174250504138890e+01 8.788408427501050113e+00
1.456168785342399197e+01 1.159295065726290908e+01 8.811710855380091800e+00
1.453769651009466024e+01 1.157783414149508872e+01 8.791949522810577733e+00
1.452767017901105362e+01 1.155187348581904772e+01 8.809507352727388607e+00
1.455680775811568139e+01 1.158910944877126958e+01 8.808699920597668154e+00
1.452769255806581583e+01 1.155185316506402238e+01 8.809570904106578837e+00
1.453457264004098448e+01 1.157007951373134880e+01 8.796991637745376735e+00
1.453855031628052252e+01 1.154951507308094172e+01 8.830523590121742927e+00
1.452180522022028342e+01 1.156308771819804448e+01 8.785091307167766317e+00
1.452619559345720468e+01 1.153207186689084907e+01 8.832987992533450239e+00
1.459443604346311929e+01 1.161747823845212046e+01 8.833558898078782917e+00
1.452830343830088822e+01 1.154351630511430926e+01 8.821498291611552744e+00
1.452889893738200477e+01 1.156669265914746347e+01 8.792071727498820266e+00
1.452549459535802967e+01 1.156424876541916369e+01 8.789661184100141966e+00
1.454973896603465278e+01 1.158268667603731217e+01 8.805468377349091824e+00
1.457724892754535162e+01 1.160497324191622504e+01 8.821608830028145221e+00
1.453591190091569096e+01 1.156795076127589006e+01 8.802002611671902343e+00
1.452501342032031495e+01 1.154811127027827844e+01 8.810059077540687511e+00
1.454977017600474909e+01 1.158191193989732604e+01 8.806538933714028516e+00
1.452786251615886215e+01 1.156495980851327054e+01 8.792638620794464899e+00
1.452503238848835387e+01 1.154508513078155829e+01 8.814055548363775472e+00
1.452963156193458794e+01 1.157143036561779859e+01 8.787046865655382177e+00
1.454434567992747240e+01 1.156746770598097029e+01 8.816557271878421531e+00
1.453846933684089215e+01 1.157455562579175101e+01 8.797542425229638141e+00
1.453330887509505054e+01 1.156945636620982754e+01 8.795723179436894412e+00
1.454684454010580019e+01 1.157413199238416190e+01 8.811932517721375646e+00
1.452601327391372976e+01 1.156776009481809808e+01 8.785897109723732612e+00
1.452748615384316011e+01 1.156886285664273828e+01 8.786880342550293932e+00
1.457343428947431896e+01 1.160274751587799713e+01 8.818233217170705629e+00
1.452677176447715013e+01 1.156549627465018304e+01 8.790130477886167526e+00
1.456484350390232585e+01 1.159879894767354891e+01 8.809229777035715969e+00
1.452978576728671101e+01 1.156573405490269657e+01 8.794797906405324994e+00
1.455434572716940167e+01 1.157317719922799881e+01 8.825562251847946627e+00
1.455176911792791650e+01 1.157988994424713880e+01 8.812498700176051969e+00
1.453029757441978376e+01 1.156713041089041916e+01 8.793807005992540837e+00
1.452962144115055132e+01 1.156572015665095776e+01 8.794544700050115793e+00
1.453604263040783096e+01 1.157242583223238697e+01 8.796334220032477447e+00
1.453205671997736026e+01 1.155779994997812743e+01 8.808968885682633143e+00
1.453310871379172298e+01 1.155255729424517064e+01 8.817577266464502017e+00
1.453476501429009815e+01 1.155986729278497016e+01 8.810724271808288321e+00
1.453563941651043301e+01 1.157503649267293611e+01 8.792231994215210733e+00
1.454239413443730733e+01 1.156036270391227383e+01 8.822655003756562309e+00
1.458508170489269773e+01 1.160208154365054156e+01 8.838343294581804344e+00
1.459506774564883180e+01 1.161930505299407201e+01 8.832199759150903162e+00
1.458438259287038008e+01 1.160626148850277062e+01 8.831699149977767505e+00
1.453146608822129160e+01 1.156667369434850201e+01 8.796338233696552322e+00
1.453289362677289809e+01 1.157259284997764581e+01 8.790909617084150085e+00
1.455082319176036876e+01 1.157901706259638530e+01 8.812083716237220088e+00
1.453201979487569773e+01 1.155893548006791072e+01 8.807417889840717606e+00
1.456221335674357675e+01 1.159125149989314707e+01 8.814814037377415090e+00
1.453256250622281165e+01 1.156413735193071446e+01 8.801482846824955075e+00
1.455013502635813616e+01 1.157896502873634148e+01 8.811015727403663789e+00
1.453661357031616141e+01 1.157439182278325340e+01 8.794690899934352046e+00
1.458193151730495174e+01 1.160794802697324180e+01 8.825433098633718387e+00
1.454570751537908713e+01 1.155892945445498654e+01 8.829991902028485384e+00
1.453436655582334680e+01 1.156298241913810898e+01 8.805978012335666349e+00
1.453704426780395309e+01 1.156247085719241774e+01 8.811068250823382186e+00
1.459142981721570997e+01 1.161558760796360090e+01 8.831078565637048072e+00
1.453796629957171938e+01 1.157112082735474345e+01 8.801228716846319244e+00
1.454858018428164712e+01 1.158090224382627298e+01 8.805900782850791586e+00
1.455556076991231507e+01 1.157663780010198629e+01 8.823027063987748164e+00
1.454674397026120936e+01 1.158389209914220430e+01 8.798931979039368301e+00
1.454599101269772632e+01 1.157253749065879767e+01 8.812617691059768887e+00
1.454156141826171300e+01 1.158020307785042036e+01 8.795220586024051102e+00
1.455008545334011316e+01 1.158582148342924967e+01 8.801916112620526533e+00
1.453588786004201516e+01 1.157361572792744298e+01 8.794512770016730485e+00
1.457531879567033428e+01 1.160681458387167986e+01 8.815995304617885608e+00
1.453598564467368881e+01 1.156287508729424829e+01 8.808790971398378744e+00
1.454366990606018106e+01 1.157478921221791168e+01 8.805826992915793738e+00
1.453796323156090331e+01 1.157273236243898573e+01 8.799104533392823058e+00
1.457469787884718926e+01 1.160376398999873437e+01 8.818984041491479076e+00
1.455898398572339403e+01 1.158880114799787719e+01 8.812701211814305324e+00
1.454088891043495124e+01 1.158152315959008938e+01 8.792370079193013055e+00
1.455142916440955680e+01 1.158668021720498587e+01 8.803007001647769059e+00
1.455876181841957262e+01 1.158592464143555212e+01 8.816115691643799934e+00
1.454494535685915046e+01 1.156327345251842864e+01 8.823046100769341038e+00
1.454885431257340045e+01 1.158001410270127707e+01 8.807521512305557465e+00
1.455945373708478741e+01 1.158681593045146485e+01 8.816086984379653657e+00
1.453918900175245099e+01 1.157342446234223665e+01 8.800219488350149888e+00
1.455206385363221955e+01 1.158319440785731302e+01 8.808641763062706076e+00
1.455330412701769305e+01 1.158669630127332795e+01 8.806084818778955992e+00
1.457160156514505545e+01 1.160035739379261699e+01 8.818349080730403244e+00
1.454098336855932594e+01 1.156839106538170370e+01 8.809797130644705376e+00
1.454239197447493126e+01 1.157659192791475000e+01 8.801345560413585289e+00
1.454651339924207853e+01 1.157996297794697682e+01 8.803721344051428588e+00
1.454476598835345946e+01 1.157528141242406861e+01 8.806990284947147529e+00
1.454410195588416066e+01 1.157569016101125570e+01 8.805356267603295706e+00
1.454473684055279570e+01 1.157522052135807655e+01 8.807022177947809283e+00
1.457175540607878617e+01 1.160069329898966828e+01 8.818161406855882234e+00
1.455051018985278866e+01 1.157984468324078797e+01 8.810479209272891410e+00
1.455249377373630892e+01 1.157903108320613761e+01 8.814823549497752708e+00
1.457529371713517996e+01 1.160034510553719578e+01 8.824464877441547728e+00
1.454727497190872754e+01 1.158421725429779414e+01 8.799381780190659086e+00
1.457280287331797552e+01 1.159010002668764905e+01 8.833808066511270596e+00
1.455695545876683639e+01 1.158785942632679244e+01 8.810588297282475168e+00
1.456145708521713722e+01 1.158796381753215776e+01 8.817886765443628150e+00
1.454691379053171474e+01 1.158020569665671218e+01 8.804063655624101870e+00
1.454985463815267543e+01 1.157904871038623185e+01 8.810442721786223785e+00
1.457093015273823333e+01 1.158971381569064008e+01 8.831225236985279281e+00
1.456214641905513041e+01 1.158782406144774235e+01 8.819208686210622261e+00
1.454778691968293813e+01 1.157879493568839102e+01 8.807361244877769835e+00
1.455328006179406763e+01 1.158383202685149804e+01 8.809812491233978804e+00
1.455923387753749765e+01 1.158645973778112825e+01 8.816192026357663636e+00
1.455034442998257482e+01 1.158456375992080467e+01 8.803999405012161716e+00
1.455105167622136619e+01 1.157311605683409184e+01 8.820209159601237303e+00
1.455627424407363613e+01 1.159234244629044674e+01 8.803562714981607584e+00
1.459079353039879479e+01 1.160784827733767166e+01 8.840198765697307337e+00
1.456636916133430049e+01 1.159062778085746537e+01 8.822497276275356626e+00
1.458737607607510434e+01 1.161295422175147429e+01 8.827844302453058845e+00
1.455970673686050532e+01 1.159126200251844097e+01 8.810658627614246896e+00
1.456449442712149178e+01 1.159890639242271249e+01 8.808511135116340540e+00
1.455169635082895496e+01 1.158494923723776715e+01 8.805726424171535172e+00
1.457170785737286778e+01 1.158773070175675279e+01 8.835109906740612473e+00
1.457348804239177653e+01 1.160298826053471011e+01 8.818005281673956475e+00
1.457544531688342282e+01 1.160288297288973247e+01 8.821378174802644523e+00
1.457510059197067065e+01 1.160194282728374304e+01 8.822045108618700837e+00
1.455167574474441494e+01 1.158318144172639741e+01 8.808017635553877511e+00
1.455718315119050033e+01 1.159023371652385492e+01 8.807841034763184140e+00
1.455450597974292037e+01 1.159069609907925624e+01 8.802806839478037659e+00
1.457590256146914598e+01 1.160262598027349767e+01 8.822471640267556481e+00
1.457120059105575827e+01 1.159738860506307390e+01 8.821590798032792335e+00
1.455665504095486718e+01 1.158387769155775615e+01 8.815326630839454225e+00
1.455612688622224482e+01 1.159052650219188330e+01 8.805709814080277198e+00
1.455681916210385118e+01 1.157593301655618667e+01 8.826027357446738719e+00
1.455581205846015180e+01 1.158878794124517064e+01 8.807477433071541739e+00
1.455622494487010954e+01 1.158029377742464838e+01 8.819324275373867650e+00
1.457147020248476288e+01 1.159829038017229763e+01 8.820850532635960306e+00
1.455820879428109649e+01 1.158802946501790210e+01 8.812435328316478689e+00
1.458524296417076727e+01 1.161020123589002218e+01 8.827940846314653811e+00
1.457758287347640902e+01 1.159563079468801305e+01 8.834436535872322693e+00
1.456758308469209062e+01 1.159780434188043330e+01 8.815067292815552236e+00
1.455725511445884202e+01 1.158358685715404768e+01 8.816699608708811198e+00
1.458293784899480272e+01 1.160860626767693660e+01 8.826230046270996610e+00
1.456128545949444231e+01 1.159078464475194359e+01 8.813895027277487415e+00
1.456226476912868506e+01 1.159151904862572913e+01 8.814547143872644597e+00
1.458630469895932080e+01 1.161524647321692250e+01 8.823056961014398070e+00
1.457556802907323856e+01 1.159909180099048776e+01 8.826565173516661034e+00
1.455887306392865277e+01 1.158827655852110183e+01 8.813207775538801414e+00
1.458991279918051376e+01 1.161406812080529605e+01 8.830570602910409406e+00
1.455984813553094348e+01 1.158577019699729860e+01 8.818112421153015745e+00
1.460700129371255684e+01 1.162917633169852749e+01 8.838933456067145755e+00
1.456374115790866419e+01 1.159325449722390111e+01 8.814704003944807909e+00
1.456495127636428677e+01 1.159229278808195929e+01 8.817967656906473550e+00
1.458787682693165699e+01 1.161433821676630807e+01 8.826850973268511424e+00
1.456239539838796837e+01 1.158887459908428141e+01 8.818239351803184078e+00
1.456230526025198913e+01 1.159249470899159284e+01 8.813330863797448345e+00
1.458248929438715003e+01 1.160892996178566605e+01 8.825063125172016854e+00
1.456535250548572513e+01 1.159217389334864379e+01 8.818786653243487095e+00
1.457521074601811861e+01 1.159525734083078596e+01 8.831012144185502066e+00
1.459185422496212858e+01 1.161314578931768615e+01 8.834990356451898563e+00
1.456595753952622019e+01 1.159496847676602194e+01 8.816111675000662729e+00
1.458063102508073605e+01 1.160264419839220018e+01 8.830257566745306264e+00
1.456927044583465225e+01 1.159721628747123390e+01 8.818628901676436982e+00
1.456638366101252657e+01 1.159361014703626047e+01 8.818601743947313665e+00
1.458468867839039795e+01 1.160501768992611282e+01 8.833838817981174429e+00
1.460880363381144420e+01 1.163088469855747675e+01 8.839664288881337484e+00
1.458720334661881246e+01 1.161246658044171731e+01 8.828200348526948460e+00
1.456960592963785928e+01 1.159548374281346383e+01 8.821460973959320384e+00
1.456891575427052743e+01 1.159905940085089249e+01 8.815618371422647925e+00
1.457393134654568279e+01 1.159864471902723970e+01 8.824449873822638679e+00
1.459272720877647522e+01 1.161430489496695273e+01 8.834908556205430585e+00
1.456980357973331941e+01 1.159641987881267511e+01 8.820556804776447990e+00
1.457732215394757880e+01 1.160396463294295977e+01 8.823056498593887298e+00
1.459542519232305047e+01 1.161950546403019757e+01 8.832526779810562445e+00
1.457275511730053452e+01 1.160245904064128553e+01 8.817490341307452795e+00
1.457458744569247422e+01 1.160612526890442808e+01 8.815693702405658527e+00
1.458480212850795965e+01 1.161163429269810088e+01 8.825327312931104728e+00
1.457278343318232849e+01 1.160685904350321351e+01 8.811744443337026667e+00
1.457825828922840650e+01 1.160680761756170831e+01 8.820863431454331050e+00
1.457290803161933290e+01 1.160280523825000110e+01 8.817287513814754618e+00
1.459290596037538279e+01 1.161242644217711018e+01 8.837672572198249199e+00
1.458090679447762206e+01 1.160640090816927206e+01 8.825774804972716936e+00
1.459603476017330159e+01 1.161929587113405127e+01 8.833809720569856694e+00
1.457924277830485060e+01 1.161050016490650272e+01 8.817630402180631322e+00
1.458355486506155607e+01 1.160241830820995901e+01 8.835381254002282247e+00
1.457774625972414917e+01 1.160399044233359866e+01 8.823723240624216757e+00
1.457828804915243559e+01 1.159339855452864754e+01 8.838528859482995159e+00
1.458258253703792739e+01 1.160663560615581424e+01 8.828234441576615410e+00
1.458121553749075083e+01 1.160652179512796245e+01 8.826125898149271620e+00
1.459782628951166039e+01 1.162228166004037178e+01 8.832842203585832053e+00
1.459564514397032298e+01 1.161570860473369571e+01 8.837882709032751194e+00
1.458665527737442069e+01 1.161059195731232663e+01 8.829760278838227450e+00
1.458889530109774668e+01 1.161690579919103961e+01 8.825155282436311310e+00
1.459205779583171925e+01 1.161256554718505463e+01 8.836089187486956931e+00
1.460762249966957604e+01 1.162871481270746266e+01 8.840567114024464601e+00
1.459403945433134986e+01 1.161894507950021094e+01 8.830974059192898906e+00
1.462333191816798994e+01 1.164168851485250755e+01 8.849459018045221725e+00
1.459182499668780686e+01 1.161744625397170694e+01 8.829286453051677697e+00
1.460142405363255769e+01 1.162443006055098138e+01 8.835961190575599034e+00
1.459087043260165473e+01 1.161747335695142525e+01 8.827673123847132430e+00
1.458725192741179022e+01 1.161155445276488685e+01 8.829480278264114190e+00
1.460990288957139427e+01 1.163150781218077690e+01 8.840661087152030362e+00
1.459011876119062023e+01 1.161632198614654676e+01 8.827945909429605109e+00
1.458863811449422698e+01 1.161582316080053801e+01 8.826155127386071442e+00
1.459173327111378882e+01 1.161917982839996100e+01 8.826853344801449452e+00
1.459124663449761350e+01 1.161426476524076001e+01 8.832515627590190377e+00
1.459348174943951015e+01 1.161816045049816459e+01 8.831084719200941180e+00
1.459502481391821327e+01 1.161689183417867355e+01 8.835302679132233550e+00
1.459563875785652165e+01 1.161952802986232491e+01 8.832849999467171642e+00
1.460194396357831792e+01 1.161982226870297552e+01 8.842878375237086530e+00
1.460470210841234007e+01 1.162619742528184297e+01 8.839052952880964042e+00
1.460413680328005448e+01 1.162669496613404796e+01 8.837464338450944368e+00
1.460838928621907051e+01 1.163061188527595391e+01 8.839338477046677411e+00
1.461163833806240042e+01 1.163262531319664461e+01 8.842058767340985170e+00
1.462112936264189500e+01 1.163980362527831858e+01 8.848299011904304123e+00
