# Network	H1	L1	
1.555680208446119828e+01 1.247345099427685966e+01 9.296618277011802434e+00
1.376983825538333583e+01 1.097686689403401239e+01 8.313653755724883965e+00
1.663544083735560264e+01 1.321477395116663089e+01 1.010483257024708337e+01
1.527232864312152749e+01 1.201489657153721247e+01 9.427952193280020765e+00
1.713003339273064896e+01 1.371450961657062173e+01 1.026402796240632931e+01
1.407694096990998389e+01 1.141550226569819237e+01 8.236903246498023634e+00
1.157792836218836641e+01 9.250731725675587214e+00 6.962211408708081528e+00
1.171937408196142805e+01 9.364968412762140204e+00 7.045643725091172982e+00
1.407579825390433115e+01 1.123865424121924761e+01 8.474712227028174283e+00
1.252347334539848944e+01 1.007610217927709151e+01 7.437039028112861772e+00
1.307142927960106249e+01 1.036502099147586797e+01 7.964207635281524311e+00
1.231741830289041850e+01 9.768967217678692805e+00 7.502404491114757157e+00
1.082523392081728453e+01 8.652866905862179436e+00 6.504889218875923973e+00
1.577814022243285841e+01 1.270899887953645901e+01 9.350457548093283222e+00
1.154981156022495448e+01 9.174504740000365643e+00 7.016167746884107714e+00
1.430908061290874222e+01 1.134950939910054402e+01 8.714265567817475855e+00
1.233360474201721146e+01 9.857170672899153274e+00 7.413095996791508213e+00
1.185558186148583104e+01 9.566533059879771983e+00 7.002589984328596806e+00
1.498620506867440128e+01 1.192646834965111502e+01 9.074452879657954441e+00
1.202993696003813717e+01 9.620812643074714288e+00 7.222142850245026224e+00
1.451109490201452168e+01 1.177925616083259008e+01 8.474727107863669673e+00
1.517487134212136368e+01 1.223080812760264990e+01 8.982430227711494908e+00
1.197428403437116806e+01 9.617017747998039212e+00 7.134174638350743614e+00
1.628123135022596557e+01 1.301833492172491091e+01 9.777599406059671594e+00
1.248573811371053921e+01 9.903009319344448613e+00 7.604213481034117983e+00
1.554219071856033452e+01 1.235729141319692559e+01 9.426401289009106677e+00
1.226571518808958672e+01 9.845545580156734644e+00 7.315258116046742920e+00
1.292157067564141038e+01 1.032826402563639867e+01 7.764917961082462128e+00
1.308362579395697978e+01 1.039325452457992682e+01 7.947422494343389765e+00
1.417098957757359834e+01 1.133559914196687046e+01 8.504183541077857456e+00
1.292454688255381434e+01 1.028320898702970609e+01 7.829401321199663144e+00
1.395529030968623552e+01 1.114002565216073215e+01 8.405352824053455407e+00
1.554392856239182308e+01 1.250816744084272081e+01 9.228188469281628059e+00
1.439280451572887998e+01 1.154262334006809887e+01 8.597712966673219270e+00
1.553517874178632496e+01 1.240428882122962584e+01 9.352828309060713607e+00
1.459718224340889670e+01 1.167064512207584848e+01 8.767768922699730183e+00
1.171666612778581396e+01 9.324563963415362977e+00 7.094559326848919767e+00
1.478747229682363162e+01 1.172971897545010656e+01 9.004611578868468413e+00
1.657395393808972273e+01 1.322638074363942806e+01 9.987932797441317234e+00
1.111340809045528388e+01 8.850190786101068241e+00 6.721752928709052277e+00
1.172108594709774998e+01 9.394347328928610352e+00 7.009286271989769723e+00
1.534485288650415669e+01 1.238230893711022240e+01 9.063273994226108243e+00
1.472147773518059921e+01 1.178196765035134064e+01 8.826502421315739255e+00
1.299158975359097390e+01 1.038282718158576401e+01 7.808860611058041634e+00
1.358645214256076805e+01 1.081963088168464360e+01 8.217497758210225101e+00
1.199760758623724577e+01 9.571771149289954650e+00 7.233518152251914302e+00
1.172306283422402906e+01 9.413729904813006755e+00 6.986550758020300123e+00
1.369221268873728903e+01 1.085580248338591858e+01 8.344353824912420947e+00
1.280896932915961628e+01 1.019809780450127157e+01 7.750386857775428240e+00
1.357227061595670037e+01 1.072694288672466634e+01 8.315000058791868653e+00
1.598108980762100373e+01 1.282285304097571732e+01 9.537802227389059695e+00
1.546020443616169793e+01 1.235900891527235856e+01 9.288316308143915734e+00
1.268366681286476805e+01 1.003421567941079218e+01 7.758216258833837919e+00
1.624408693368908629e+01 1.309300235117719602e+01 9.614762074087789046e+00
1.355992448670661155e+01 1.076844794116753334e+01 8.240878656038461259e+00
1.421144516061217722e+01 1.137693450734255407e+01 8.516486057566554635e+00
1.372503231784769184e+01 1.100649972065842164e+01 8.199602187003323550e+00
1.457292352031846860e+01 1.161572177542626427e+01 8.800290197768443790e+00
1.732540240895115247e+01 1.374853622398715558e+01 1.054264294803743418e+01
1.414001633675256819e+01 1.129722424962521465e+01 8.503692507217646579e+00
1.668389537514457288e+01 1.329942345887008592e+01 1.007361407591270286e+01
1.752238661204589576e+01 1.388129211769868476e+01 1.069316425222775813e+01
1.241815287081227837e+01 9.893478140252847552e+00 7.505305524174367804e+00
1.486065147145775356e+01 1.194967115332377183e+01 8.834269719878445670e+00
1.635016543857040006e+01 1.305927941984131380e+01 9.837841780753088017e+00
1.381211020179364013e+01 1.101156815799457434e+01 8.337850737949915825e+00
1.286456782316606962e+01 1.026961911573446251e+01 7.748033847020875164e+00
1.455115839752490103e+01 1.161386850311076202e+01 8.766656666159066802e+00
1.513635589838218287e+01 1.214965728669847245e+01 9.027463525169395098e+00
1.342634165275939573e+01 1.071015410834932169e+01 8.096866625555225738e+00
1.320939455544606389e+01 1.064229991367106010e+01 7.824931761295116139e+00
1.264847390619239853e+01 1.001211838414852728e+01 7.729254661183384556e+00
1.480033672609973472e+01 1.193263443105536403e+01 8.755695445864290605e+00
1.272979695363047092e+01 1.017736023954831559e+01 7.646506982611121828e+00
1.269411456816060557e+01 1.018827847044414092e+01 7.572286740362629942e+00
1.508208559923743586e+01 1.203836083241002974e+01 9.085547561452822052e+00
1.573217857950238496e+01 1.249531063197518321e+01 9.558695259699494073e+00
1.259960243362138321e+01 1.008790066884829528e+01 7.548790736321150163e+00
1.172842406455129272e+01 9.341759115907104061e+00 7.091365711787286585e+00
1.724637829105004272e+01 1.367594302069222856e+01 1.050743292402010631e+01
1.701949808727198032e+01 1.356695354181191426e+01 1.027623893927013299e+01
1.282315625625688504e+01 1.018380640111880453e+01 7.792523567940731866e+00
1.711547099523850335e+01 1.362999970253402360e+01 1.035193003732989325e+01
1.348465826332177109e+01 1.081211079085772653e+01 8.058180236554033371e+00
1.652476423291872365e+01 1.317467669548746123e+01 9.974754479330782075e+00
1.241601622289133822e+01 9.981932105587546289e+00 7.383663744140945617e+00
1.373325394431007851e+01 1.093596655584713950e+01 8.307039146910359051e+00
1.482036714684491940e+01 1.175448446362264043e+01 9.026371217811405501e+00
1.542374424520983922e+01 1.229204386319877962e+01 9.316519962241311958e+00
1.254364277890158696e+01 1.000591788903948753e+01 7.564693077877613803e+00
1.570315339064188898e+01 1.240168999907345082e+01 9.632606686505445381e+00
1.293474405417463835e+01 1.030942188711315488e+01 7.811749106347336102e+00
1.574385604676693262e+01 1.250272527284416135e+01 9.568221567935371041e+00
1.221443002302343039e+01 9.724621692578448773e+00 7.390807379682465594e+00
1.503732177276554616e+01 1.207079089599753807e+01 8.967555589055008269e+00
1.474198476265809710e+01 1.179144845128829999e+01 8.848042617610646587e+00
1.468009691942411621e+01 1.161122523058572042e+01 8.982465931374022716e+00
1.669267849794377767e+01 1.329693519651394951e+01 1.009143348664713180e+01
1.480406517749717743e+01 1.174831547143350363e+01 9.007631728887494305e+00
1.712806406262782133e+01 1.370846443371393697e+01 1.026881596889742099e+01
1.587787291219189001e+01 1.263775199850109487e+01 9.612183552143525489e+00
1.443733398256852141e+01 1.142182096935418123e+01 8.830550281168719096e+00
1.505194472580944343e+01 1.203406532692440578e+01 9.041145488052855228e+00
1.451656340321416039e+01 1.155095255246905595e+01 8.792389218531292627e+00
1.695744994069346845e+01 1.348205192753835746e+01 1.028539665323044972e+01
1.486237092227870171e+01 1.191145031839937829e+01 8.888611856960501711e+00
1.465812882213077017e+01 1.180303279045432419e+01 8.691901835251064412e+00
1.246135347426353768e+01 9.948062987341156571e+00 7.504756705612307677e+00
1.353396370888481215e+01 1.084209538680215346e+01 8.100440808801373294e+00
1.484030342300203920e+01 1.198544503790178339e+01 8.751212083488868032e+00
1.554270043039624838e+01 1.241949947675945332e+01 9.345136136826011963e+00
1.453079438884330088e+01 1.160157592392680925e+01 8.749138337699418955e+00
1.531776412464951065e+01 1.235804640520811759e+01 9.050557265998724787e+00
1.331772167918712668e+01 1.076690532434370873e+01 7.838077599827006026e+00
1.205822395073693620e+01 9.608037099055046326e+00 7.286040622265826272e+00
1.265374508449370161e+01 1.011084214624334088e+01 7.608425313893662612e+00
1.398470504956291016e+01 1.110285482072560725e+01 8.502857763902703425e+00
1.515012358823593352e+01 1.207212136321652096e+01 9.153694911378362775e+00
1.314259976160617249e+01 1.046432916993818019e+01 7.951461722032719059e+00
1.174269920034763359e+01 9.355361534280856262e+00 7.097055380419620363e+00
1.429898330455699451e+01 1.143416904287206748e+01 8.586076044563416332e+00
1.377607869734160673e+01 1.094470685544111710e+01 8.366225918764651936e+00
1.470052249279658163e+01 1.174865728524799557e+01 8.835972699992197477e+00
1.310990394157073879e+01 1.049124058908457258e+01 7.861517172858962788e+00
1.593728845308436171e+01 1.270443716676519230e+01 9.622600454790344315e+00
1.461395567797083572e+01 1.174875387698522111e+01 8.691057639650122013e+00
1.262860793119193836e+01 1.000298188808978672e+01 7.708572606281373751e+00
1.621714216983097145e+01 1.302492110701846251e+01 9.661631865914522166e+00
1.229934252266188288e+01 9.782746678441617050e+00 7.454642440466095366e+00
1.647143221455034023e+01 1.313161942480147992e+01 9.943271618572188331e+00
1.299076273422429928e+01 1.026876818600651831e+01 7.956903691698876457e+00
1.359227174270483474e+01 1.079851827077426485e+01 8.254807949509588738e+00
1.401357544445611047e+01 1.111571876493337463e+01 8.533527586899294803e+00
1.286001564977809153e+01 1.030049623692114835e+01 7.699336321119548465e+00
1.530699317852425345e+01 1.211648570340718400e+01 9.353866279059017685e+00
1.438973869934482508e+01 1.155014344862545883e+01 8.582468534844533536e+00
1.548244147979727714e+01 1.225854769915208031e+01 9.456955243785420961e+00
1.376571687093227325e+01 1.102493500298952966e+01 8.242922367129613903e+00
1.385455622203094173e+01 1.106287699801917057e+01 8.340352548670505684e+00
1.335981519592498046e+01 1.076502388172077929e+01 7.911948109994738410e+00
1.431565153447631822e+01 1.142469249080541616e+01 8.626371215469948339e+00
1.365412486942412329e+01 1.080446868987807285e+01 8.348567678306904938e+00
1.581275609014278771e+01 1.260558649465731840e+01 9.546855204309997234e+00
1.536169937481506587e+01 1.215217903769096708e+01 9.397145966627197922e+00
1.474859597161078639e+01 1.168312260629831023e+01 9.001429292063304999e+00
1.426068048950271105e+01 1.149467665151642493e+01 8.440344584243371528e+00
1.486040413004594463e+01 1.187348726325311077e+01 8.935989655189441550e+00
1.686201482888470338e+01 1.336497485980319766e+01 1.028129325942782657e+01
1.299121789745415434e+01 1.036213387497557470e+01 7.835682740911400046e+00
1.360794000531784498e+01 1.090427612236634758e+01 8.140810367249747159e+00
1.512020001904300948e+01 1.214311416552738088e+01 9.009174600308092806e+00
1.224276737594600206e+01 9.780090384413165694e+00 7.364454161323628512e+00
1.451397832957513501e+01 1.162165334508340209e+01 8.694408575520728988e+00
1.447278106374447404e+01 1.162520143069648348e+01 8.620677665637026976e+00
1.594382987986454836e+01 1.268852647318943028e+01 9.654377617290125002e+00
1.212521258688216186e+01 9.675190291811096799e+00 7.308315339004598954e+00
1.469199064388293685e+01 1.169462462577431872e+01 8.893275208952921673e+00
1.669108142243265291e+01 1.334313931271214670e+01 1.002760351887888035e+01
1.477193465254117477e+01 1.170624948973716428e+01 9.009649064362893256e+00
1.398051569212856116e+01 1.114379098174441296e+01 8.442200043415509114e+00
1.381537442338160204e+01 1.099357388580064487e+01 8.366953070005152426e+00
1.240553862933688656e+01 9.885183944747124585e+00 7.495367039877593562e+00
1.301851068387088084e+01 1.035347328507860176e+01 7.892224740922167747e+00
1.531747505260821818e+01 1.220039920820551238e+01 9.261495621533999412e+00
1.323036044570498859e+01 1.058797437740128977e+01 7.933299194330746928e+00
1.677872351757451952e+01 1.336592999913032997e+01 1.014285355003985778e+01
1.618822006076204545e+01 1.288516511531038411e+01 9.799540228339646220e+00
1.411075597675232629e+01 1.124197858876225986e+01 8.528267798636626651e+00
1.557853743575498839e+01 1.241154529781960925e+01 9.415114017227383059e+00
1.401858643237664737e+01 1.127255900313687853e+01 8.333677404532307875e+00
1.591404256927523875e+01 1.267358233968809955e+01 9.624814885277032772e+00
1.465789546158835677e+01 1.166992449248787267e+01 8.869428487928871618e+00
1.362761662446931332e+01 1.091386452700391985e+01 8.160851423088029577e+00
1.278608881001066599e+01 1.012098405312299931e+01 7.813433870834890271e+00
1.302523422514870255e+01 1.034440129054669022e+01 7.915180892444662497e+00
1.616352058938215919e+01 1.297147026802248782e+01 9.643669266891603087e+00
1.381739453146861862e+01 1.100776301282210845e+01 8.351619309559339399e+00
1.718939088345688759e+01 1.369704355416584640e+01 1.038586331604429525e+01
1.662545568570437382e+01 1.323227643596788639e+01 1.006541787902762408e+01
1.677499503752589760e+01 1.338037916490473833e+01 1.011760405987512890e+01
1.448004971277516972e+01 1.156756673996239115e+01 8.709950596929704858e+00
1.441099602596409568e+01 1.157053158234396584e+01 8.590669669026611999e+00
1.427584006132243744e+01 1.139640909466356256e+01 8.597759545575129891e+00
1.699994542615911186e+01 1.353965463713412198e+01 1.027987824828293029e+01
1.330682135039150005e+01 1.069979142613683187e+01 7.911128736685039797e+00
1.558926417492218341e+01 1.247711032578682122e+01 9.345955030581739820e+00
1.588697471371532188e+01 1.271589675948306031e+01 9.523756357467270561e+00
1.553833590828245370e+01 1.248032458453788429e+01 9.256423772883303869e+00
1.352269625537234710e+01 1.079611728280782756e+01 8.142921197636598052e+00
1.401388704657429507e+01 1.127321877572761544e+01 8.324876490899139725e+00
1.578044531992725119e+01 1.248546354232044919e+01 9.650681562905326416e+00
1.452062758620958149e+01 1.154797849265195531e+01 8.803000524289348760e+00
1.363639424159608993e+01 1.089087665401335414e+01 8.206098562611948921e+00
1.370025131788562511e+01 1.094450341589340070e+01 8.241039446133267887e+00
1.360992334477875509e+01 1.083675598074171553e+01 8.233755720484571938e+00
1.477281059992712109e+01 1.177322695334986058e+01 8.923399583467920948e+00
1.436374765664501396e+01 1.146668958477671474e+01 8.650565109294788613e+00
1.384913734139328945e+01 1.103725999370311506e+01 8.365255341719983306e+00
1.251883727399476420e+01 9.997299118150852593e+00 7.534938422772997413e+00
1.428122642880465598e+01 1.147414864973885607e+01 8.502784313063841637e+00
1.292967610894186592e+01 1.026056894211215464e+01 7.867480490367009693e+00
1.312238121892824161e+01 1.039579455697377419e+01 8.007767752880640799e+00
1.345175698844908041e+01 1.067919022955043751e+01 8.179527010613949045e+00
1.304020421472849023e+01 1.041134689813129199e+01 7.851801177347437211e+00
1.669423285410877611e+01 1.328893384969770430e+01 1.010453599753909693e+01
1.282018252122862556e+01 1.027897970006437411e+01 7.661570087343748447e+00
1.464032240160049803e+01 1.166885031886456936e+01 8.841774270967315275e+00
1.627059578615680735e+01 1.300676061630190183e+01 9.775298742581806977e+00
1.473702699203521149e+01 1.176323978067372344e+01 8.877283054310570520e+00
1.377609572698685270e+01 1.094905541030384377e+01 8.360562128302232665e+00
1.282060494656214367e+01 1.016964174039098623e+01 7.806811005007814330e+00
1.495156732972902525e+01 1.198304709849801952e+01 8.941808980882926861e+00
1.536972915538695972e+01 1.230038441031967267e+01 9.215699521377457515e+00
1.340440044525881191e+01 1.068751533845200008e+01 8.090424413293028749e+00
1.604822850783784816e+01 1.268164507960942622e+01 9.834709772768965408e+00
1.527661324829325551e+01 1.221378914784422598e+01 9.175961365978587025e+00
1.452942253871625589e+01 1.158620531470539916e+01 8.767209688039192983e+00
1.439229584750627922e+01 1.142622810001159550e+01 8.750970870060754692e+00
1.358806604604881052e+01 1.085159518497364672e+01 8.177922768847924573e+00
1.391642205182439085e+01 1.110865661777435065e+01 8.382395294477726466e+00
1.261622474147025308e+01 9.995143421157616004e+00 7.698456645183876290e+00
1.392106800479795936e+01 1.104926768375485935e+01 8.468164975184407695e+00
1.293565956537204009e+01 1.026707141269988455e+01 7.868833013714418456e+00
1.716942356685757076e+01 1.372114774705271323e+01 1.032081441174650926e+01
1.494358278635262494e+01 1.203518055983329837e+01 8.858052572929622670e+00
1.387443104312407804e+01 1.107482278868995351e+01 8.357519785768907639e+00
1.362791537495522221e+01 1.089964385315564144e+01 8.180332593562891219e+00
1.352827144989044328e+01 1.073930205617634392e+01 8.226877887031472270e+00
1.532490051725592295e+01 1.225641030480031546e+01 9.199618595581855018e+00
1.509628731744058427e+01 1.199107705356572140e+01 9.171257376508798131e+00
1.552700808648825159e+01 1.234347978014038461e+01 9.419473819441140705e+00
1.305791626106374004e+01 1.034233638829653934e+01 7.971527777802077885e+00
1.559024386058022493e+01 1.240291447111425605e+01 9.445814748055560983e+00
1.349893693170653819e+01 1.069959303841818077e+01 8.230431768651262914e+00
1.560871564201449857e+01 1.246841060242771348e+01 9.389927637768900937e+00
1.451984991881970366e+01 1.151164418612277096e+01 8.849185826795274323e+00
1.434646301786238709e+01 1.142221818120561672e+01 8.680664314661004966e+00
1.315573110097128584e+01 1.053643718595417056e+01 7.877610819754001348e+00
1.566319750401545186e+01 1.243346327045965083e+01 9.526003734616457663e+00
1.411193925192447374e+01 1.123535128908924818e+01 8.538952562274092273e+00
1.476581446105465822e+01 1.176365054425697565e+01 8.924449706894730383e+00
1.270704823725711030e+01 1.011199999741784161e+01 7.695227804048468734e+00
1.378592026159742723e+01 1.105604211527194813e+01 8.235018530911478507e+00
1.383552529513562845e+01 1.103261629962305967e+01 8.348840504982078414e+00
1.310562582648645957e+01 1.050508196703890818e+01 7.835858674686701164e+00
1.621878869458687689e+01 1.293915454263429865e+01 9.778925628180493490e+00
1.354445983639587503e+01 1.085590163542353181e+01 8.099493313890052448e+00
1.621041606447920813e+01 1.301278904956322613e+01 9.666690754083994364e+00
1.343954355644044796e+01 1.075447792528095903e+01 8.059933967477929784e+00
1.485330851066054692e+01 1.176237894409871210e+01 9.070127633516756660e+00
1.476706449177330427e+01 1.176862179726774293e+01 8.919962707156711801e+00
1.561722302682067998e+01 1.244365098198607100e+01 9.436800586426269177e+00
1.468799205326718571e+01 1.171329947335166466e+01 8.862038479064487717e+00
1.381152562380010274e+01 1.103817620602184668e+01 8.301620691268661645e+00
1.473902312947938675e+01 1.182801900307386767e+01 8.794132661851980615e+00
1.612704014009263531e+01 1.278513149002176696e+01 9.829640708744795674e+00
1.527427253750473390e+01 1.222749453903880834e+01 9.153784946553386703e+00
1.542352523804423292e+01 1.230905323107409366e+01 9.293672004281830823e+00
1.460502463409200402e+01 1.163393339323596365e+01 8.829401925622336833e+00
1.376817127887167302e+01 1.096088408673679382e+01 8.331960177621287045e+00
1.363968022508548117e+01 1.089705790557815668e+01 8.203353317093233343e+00
1.570282960479529599e+01 1.252847130924227059e+01 9.466586726520221262e+00
1.521639686658510016e+01 1.220598823492356289e+01 9.085845299713639633e+00
1.523438277182977885e+01 1.216820909950433816e+01 9.166302730619571904e+00
1.454837112055254700e+01 1.156968316442356048e+01 8.820291023326916502e+00
1.307362105779792749e+01 1.040984470466622014e+01 7.909152975358994198e+00
1.346466351341864787e+01 1.067438018105167963e+01 8.206995265013773633e+00
1.247834479027334886e+01 9.978457369276455324e+00 7.492628192728800762e+00
1.644543349896344964e+01 1.303918467087202693e+01 1.002157403244246581e+01
1.311426206690048879e+01 1.040808192525387277e+01 7.978452243170269576e+00
1.557684706666661434e+01 1.246222018296267287e+01 9.345118118551424047e+00
1.485754399426474492e+01 1.175289633410227452e+01 9.089336681043215904e+00
1.583431458155238580e+01 1.267369796875604848e+01 9.492254635454703049e+00
1.338408790390107050e+01 1.067198954819772716e+01 8.077279746456067500e+00
1.349290129978186670e+01 1.075966830889310977e+01 8.141739578754437545e+00
1.497329530803239805e+01 1.197108055648442537e+01 8.994042622297580891e+00
1.403859734711646468e+01 1.118103547032618472e+01 8.489208519395264219e+00
1.435804820774049695e+01 1.139883969977062250e+01 8.730406739364054758e+00
1.474519798926808178e+01 1.183251707710238243e+01 8.798431869531977867e+00
1.351821658132318582e+01 1.077135092122500204e+01 8.168242091869364785e+00
1.392333055259125629e+01 1.105586013825767644e+01 8.463278931951025541e+00
1.451874160251513324e+01 1.150612984104124159e+01 8.854537469665139326e+00
1.562409001341286086e+01 1.238861483961272647e+01 9.520210664841130210e+00
1.701719851780493542e+01 1.359124341780078993e+01 1.024027088276814901e+01
1.430042129501743808e+01 1.147457757002590206e+01 8.534407935202459328e+00
1.410559755707392249e+01 1.127506924821706669e+01 8.475889091419238852e+00
1.418218394188652809e+01 1.131362284814150776e+01 8.551975176034746440e+00
1.467819573850551507e+01 1.173232060168547441e+01 8.820548930602225113e+00
1.366889700809146113e+01 1.093465064920171592e+01 8.201960777626542409e+00
1.357780055223703819e+01 1.088929104261800873e+01 8.110487557815968529e+00
1.536197800792065848e+01 1.233808070482109187e+01 9.152165472562186821e+00
1.344902846001221874e+01 1.065081298213340943e+01 8.211975970364077781e+00
1.533054689590073849e+01 1.220604036421393523e+01 9.275680393081248809e+00
1.668951005804503041e+01 1.329505541825199799e+01 1.008866925829142325e+01
1.508780480072488572e+01 1.206469550414151293e+01 9.060075943231627349e+00
1.542351832214474427e+01 1.242171721472146473e+01 9.142530222593032718e+00
1.382966256795437943e+01 1.113126533152764530e+01 8.206978668341308847e+00
1.461526632875353826e+01 1.162335387687100585e+01 8.860228807058238232e+00
1.318854918103315477e+01 1.055253949448077755e+01 7.910862134935339185e+00
1.423786597181539193e+01 1.137075357295772449e+01 8.568709973761967191e+00
1.520303698839667028e+01 1.220193645438038743e+01 9.068907345089609606e+00
1.460575363564320384e+01 1.165580820160460362e+01 8.801714289416096904e+00
1.311127313109872361e+01 1.044311155020665360e+01 7.927603942441355578e+00
1.607618586019130547e+01 1.286663219155043691e+01 9.638128856721767335e+00
1.484406451965048035e+01 1.173689191741756943e+01 9.087993154839212551e+00
1.304885590473767998e+01 1.040008394043947249e+01 7.881046532943475569e+00
1.428897672791631024e+01 1.133889272711370921e+01 8.695077208049491801e+00
1.426786535689938340e+01 1.143331432727879182e+01 8.535297612634902720e+00
1.464189331188608811e+01 1.167938146522591047e+01 8.830463654100617177e+00
1.501494499444597963e+01 1.194657934853051628e+01 9.095483222759666475e+00
1.318284973403249438e+01 1.047793670900062324e+01 8.000023089482793281e+00
1.562826238292753978e+01 1.239458356319252808e+01 9.519290068312113107e+00
1.560315174161270768e+01 1.243755633662202875e+01 9.421546404128404717e+00
1.534349669611430400e+01 1.223082982783949468e+01 9.264431584619870819e+00
1.536853553955070417e+01 1.219162584667979310e+01 9.357144000441707021e+00
1.382435995910664239e+01 1.097483609852566389e+01 8.406301260926174024e+00
1.616397073841064724e+01 1.294402637816548385e+01 9.681225705123900127e+00
1.379178552617963938e+01 1.091837950629144771e+01 8.426288444904619368e+00
1.431093698520165347e+01 1.139840007772755825e+01 8.653287991421121816e+00
1.503867976370433546e+01 1.192454208058940601e+01 9.163361021126624095e+00
1.404271343740332334e+01 1.122023714370085123e+01 8.444174271303477752e+00
1.314558049824404939e+01 1.044382748656566662e+01 7.983279656047992390e+00
1.247433375819568901e+01 9.948251699621602384e+00 7.526040847074673579e+00
1.480692723968195246e+01 1.178294021678964221e+01 8.967018129166277163e+00
1.396809872315981238e+01 1.119022701179699020e+01 8.359820653841072868e+00
1.417970790476107545e+01 1.128819729715682918e+01 8.581417018465247182e+00
1.537551759771433346e+01 1.218014163492638957e+01 9.383532978082179454e+00
1.502556414250615369e+01 1.204206499114816253e+01 8.986448049676273087e+00
1.565390599916077896e+01 1.245879968809942362e+01 9.477504068180373054e+00
1.441312094171945013e+01 1.150486874072353061e+01 8.681938178733728861e+00
1.361008634767031111e+01 1.085950458779650418e+01 8.203999664716501883e+00
1.504307752444244883e+01 1.201490759228344452e+01 9.051860414040596936e+00
1.427745260056012988e+01 1.135140100363349802e+01 8.659754500905302521e+00
1.334784610907672331e+01 1.056367169181332599e+01 8.159279143354295272e+00
1.419706795198818128e+01 1.137617867902122804e+01 8.493485568148845033e+00
1.405330417758160166e+01 1.120003912661136347e+01 8.488491142129269917e+00
1.493338915332997985e+01 1.195581212116914571e+01 8.947886237994893577e+00
1.514672212561921683e+01 1.212807250788691427e+01 9.073756024610775128e+00
1.433609192038293934e+01 1.138938128312338627e+01 8.706636867201229535e+00
1.377182161265204208e+01 1.098055798186275922e+01 8.312064541235223203e+00
1.538308949669365866e+01 1.232341132293655050e+01 9.207224110936257588e+00
1.492411930505290663e+01 1.194548601405555566e+01 8.946211540057388945e+00
1.331952562900231385e+01 1.059901893593755240e+01 8.066632542597107047e+00
1.390064333726155077e+01 1.117852160982253906e+01 8.262477824991995234e+00
1.575090035668599953e+01 1.255962107865961563e+01 9.505092340779242477e+00
1.502969797861073964e+01 1.200457334754872818e+01 9.043342306447238244e+00
1.470639137052454259e+01 1.170338438824679805e+01 8.905545519729818338e+00
1.483800531647223231e+01 1.180005064490187650e+01 8.995843848656392083e+00
1.281505277282284894e+01 1.025146156877326398e+01 7.689805802112262612e+00
1.566298642139699382e+01 1.249599875105485580e+01 9.443471758336659860e+00
1.350718079743690758e+01 1.076876529804351890e+01 8.153381326192342016e+00
1.687534739738280365e+01 1.341911653991160236e+01 1.023252955386034735e+01
1.454906675302270891e+01 1.156761338836742148e+01 8.824152303829162491e+00
1.611581962930553402e+01 1.283099151761276424e+01 9.751169109356007780e+00
1.499005807270119384e+01 1.200933006061516650e+01 8.970943791940685585e+00
1.483107562872276119e+01 1.184598827966413914e+01 8.923752909115878040e+00
1.377546742661051127e+01 1.093754519584797968e+01 8.374581058798701960e+00
1.350539352895907541e+01 1.068411322651625461e+01 8.261076136619857735e+00
1.407682479603396963e+01 1.130091227797354314e+01 8.393234062254169459e+00
1.676416461167848126e+01 1.333238123536203190e+01 1.016291423374316949e+01
1.567017785195434953e+01 1.249511675213264539e+01 9.456560223593710290e+00
1.523762833218022728e+01 1.211202111102562107e+01 9.245769940666447084e+00
1.586865646261502860e+01 1.263769243199560677e+01 9.597030161605967891e+00
1.561301119695468920e+01 1.245488048266691194e+01 9.414991810868203359e+00
1.362123400844695276e+01 1.088928515609953962e+01 8.182999737383720884e+00
1.372353564062778197e+01 1.096202109549628467e+01 8.256483754085355287e+00
1.493991847895198255e+01 1.183583107674840029e+01 9.116702632005047491e+00
1.278246915018484131e+01 1.023036498178930209e+01 7.663625115753402106e+00
1.441366378291431083e+01 1.150325531553071379e+01 8.684976729537625673e+00
1.427943610732128477e+01 1.136118637627385297e+01 8.650187261940647687e+00
1.486976077159369680e+01 1.192175364128834758e+01 8.887157898949180179e+00
1.401195395362275242e+01 1.112523431578023647e+01 8.518451444800875905e+00
1.431804283384903798e+01 1.141861547567247825e+01 8.638377811294709829e+00
1.539834809790300874e+01 1.226415417590295398e+01 9.311264494894093247e+00
1.391317708753133786e+01 1.105357834230410141e+01 8.449550431801249317e+00
1.378721391593189871e+01 1.092048918910906607e+01 8.416066981329118235e+00
1.441861370188851055e+01 1.148018731304546591e+01 8.723629997981174000e+00
1.252549952982396952e+01 1.001573114341363180e+01 7.521520333980007855e+00
1.410002532205510484e+01 1.118497303272927113e+01 8.585283474627622979e+00
1.324282426744063201e+01 1.059335832114554599e+01 7.946895875631624584e+00
1.563867553005917976e+01 1.244222122024681276e+01 9.474138664855589198e+00
1.502358207148849090e+01 1.194602147522579294e+01 9.110465914111889774e+00
1.655846318929173577e+01 1.318991706299054378e+01 1.001043410959586488e+01
1.384048349306602965e+01 1.095661658668940497e+01 8.456449390501656893e+00
1.350060092836081438e+01 1.069346631204595610e+01 8.241116651279433825e+00
1.378572119183379741e+01 1.097905155571983826e+01 8.337057977237609663e+00
1.544984890569824998e+01 1.235808257899347673e+01 9.272304254050519390e+00
1.301481875579213465e+01 1.036586142236734887e+01 7.869842706077109895e+00
1.519999872273033326e+01 1.213878937538426150e+01 9.148210408110536207e+00
1.250735837989787136e+01 9.950011748029641723e+00 7.578342817349558835e+00
1.403491036529331382e+01 1.112900249674834718e+01 8.551257941916309946e+00
1.528077136510808920e+01 1.210348038893594058e+01 9.327793736321060791e+00
1.296328202988534883e+01 1.035350641013229023e+01 7.800742657061441321e+00
1.305380449783937102e+01 1.038957052883868570e+01 7.903077634320569089e+00
1.330521152486313063e+01 1.062158992851468042e+01 8.013144271247472972e+00
1.501174696482089566e+01 1.195461500384204001e+01 9.079632539135278790e+00
1.351544681699487960e+01 1.076801927734613962e+01 8.168051389757469138e+00
1.336465089149770336e+01 1.069413343642008662e+01 8.015572561935440987e+00
1.294538562214405530e+01 1.034779081579900861e+01 7.778575328328429350e+00
1.397093558551400250e+01 1.110741112780190676e+01 8.474223219420400355e+00
1.677658331303689110e+01 1.333131226244738521e+01 1.018478576212518227e+01
1.492650639590325845e+01 1.191243028591560815e+01 8.994142419938738087e+00
1.229895074399988708e+01 9.810227617119229748e+00 7.417791012400289041e+00
1.513427216883092896e+01 1.203980982911591013e+01 9.170014905057371379e+00
1.568960553021971194e+01 1.249391125905499322e+01 9.490305745589013853e+00
1.350219243369130950e+01 1.073558561789837640e+01 8.188797344983230531e+00
1.305242266575254462e+01 1.036398280794251114e+01 7.934330331043877749e+00
1.444677565093121885e+01 1.151943142624587679e+01 8.718487616803615836e+00
1.267855089910174549e+01 1.009324806737329894e+01 7.672808895807247787e+00
1.576460647384971203e+01 1.251627283682256930e+01 9.584661264205522002e+00
1.534067400721698071e+01 1.222890537356733098e+01 9.262297358649135504e+00
1.624082229607695282e+01 1.296991054295803281e+01 9.774749580445337926e+00
1.293261739844372471e+01 1.027480293560831193e+01 7.853726339066325224e+00
1.434603585522469515e+01 1.141783146403953531e+01 8.685727915274652489e+00
1.376013884448485136e+01 1.096927046780902515e+01 8.307618577158780937e+00
1.339506879453602117e+01 1.068499359354959921e+01 8.078290655587771596e+00
1.442804280854039156e+01 1.143733390381742510e+01 8.795215316162677155e+00
1.545019761438609329e+01 1.226911087665546241e+01 9.390288846458149763e+00
1.384917097400054331e+01 1.106343726112848991e+01 8.330659795968919923e+00
1.513623414786134980e+01 1.209063623855530878e+01 9.106157231555862097e+00
1.623209509928177141e+01 1.296702695102274205e+01 9.764073092904270723e+00
1.457131470056249789e+01 1.154182707162225086e+01 8.894348764895410042e+00
1.351419581632028688e+01 1.082829058833878122e+01 8.085889653980105507e+00
1.328762522495442866e+01 1.058747851724964129e+01 8.029089784379207728e+00
1.643024818370813023e+01 1.309181813146928519e+01 9.927605622242273498e+00
1.560403564032564994e+01 1.254227001837964650e+01 9.283177853009611624e+00
1.360399277796510198e+01 1.085070327838963777e+01 8.205538243605413840e+00
1.366842402427462488e+01 1.086353620601494363e+01 8.295142940779875573e+00
1.478736144651425910e+01 1.178194077454630317e+01 8.935990719273354088e+00
1.286815057131995488e+01 1.020834295755880916e+01 7.834477212106850885e+00
1.647969574159994366e+01 1.316632801193164859e+01 9.911012986467698127e+00
1.338467494761187737e+01 1.065504102173239254e+01 8.100594069475949510e+00
1.527460766525872060e+01 1.218958364613698464e+01 9.204764519606694506e+00
1.300522029164725879e+01 1.032859723159079834e+01 7.902900357580657342e+00
1.424134315746163004e+01 1.130188632709772989e+01 8.665057436505575694e+00
1.470666938471645757e+01 1.172283318203960079e+01 8.880388875349302324e+00
1.356213291709693536e+01 1.080859587253760168e+01 8.191807158690160406e+00
1.468896389792213952e+01 1.170840900733579559e+01 8.870108167964918522e+00
1.562283262431900432e+01 1.255527690119538775e+01 9.297199639773030100e+00
1.415447611879505985e+01 1.123525896580096806e+01 8.609189867166863408e+00
1.494764471565846620e+01 1.186848256193433926e+01 9.086869880361057028e+00
1.570292072516633830e+01 1.246368815195354784e+01 9.551868767508864266e+00
1.500046038315776187e+01 1.192885141885587963e+01 9.094851045154372926e+00
1.542040514830614484e+01 1.229706627419037268e+01 9.304356828178741878e+00
1.631206730835413055e+01 1.305418762881012995e+01 9.781192423426508853e+00
1.448348801404489627e+01 1.150588286353890943e+01 8.796936090679745135e+00
1.514101303838642387e+01 1.208870212129532362e+01 9.116663690801455999e+00
1.482123162424262297e+01 1.173690425629274259e+01 9.050634526820036996e+00
1.304157676952490341e+01 1.041397213215277873e+01 7.850599280701882954e+00
1.452828906153072985e+01 1.151949244397625272e+01 8.852823102749058037e+00
1.264022955416112559e+01 1.011863508390736399e+01 7.575528180965825698e+00
1.324772114908028975e+01 1.052670611762449049e+01 8.043045067445309115e+00
1.468495696141137685e+01 1.167525912228910379e+01 8.907091859069915074e+00
1.354017688410324460e+01 1.075771855574034852e+01 8.222401202099277384e+00
1.575490718302343929e+01 1.253601088805681663e+01 9.542826172586636346e+00
1.276035355744105182e+01 1.012917158966391185e+01 7.760573807267344471e+00
1.309864713382795642e+01 1.042775921980687492e+01 7.926941048744594376e+00
1.445341234435674949e+01 1.149032075839338418e+01 8.767762386449474477e+00
1.424284850046913853e+01 1.135597137289830805e+01 8.596548585637734163e+00
1.646218389064540233e+01 1.308492415426460020e+01 9.989407306070155812e+00
1.395420232095042046e+01 1.107917030956920712e+01 8.483616426122660314e+00
1.550088376126782563e+01 1.238280635856031608e+01 9.324350061357346675e+00
1.360223204327248858e+01 1.080014223211662916e+01 8.269077598201608481e+00
1.507232949435291935e+01 1.202642025184890429e+01 9.085171011723414125e+00
1.334401255235557748e+01 1.064416261962665367e+01 8.047637735656708813e+00
1.342591038071683407e+01 1.063606432173649452e+01 8.193241440048257829e+00
1.370495522208907069e+01 1.093855443779087189e+01 8.256744179817617990e+00
1.385253252342385188e+01 1.103886781272794160e+01 8.368754669939526991e+00
1.477719212719056152e+01 1.168509508324983059e+01 9.045659735990145833e+00
1.330757624587695886e+01 1.062248419604195426e+01 8.015885169129333576e+00
1.385994921509960065e+01 1.100657571853602334e+01 8.423389056506486838e+00
1.586484960607255879e+01 1.260062323435201392e+01 9.639385204939618035e+00
1.339674831499756102e+01 1.067590661413758113e+01 8.093076261941652305e+00
1.605047149138379581e+01 1.280321785929112899e+01 9.679630547869720658e+00
1.249604523546639534e+01 9.981920453403990479e+00 7.517473683940467666e+00
1.365136843315533532e+01 1.082081830322395533e+01 8.322845147325727666e+00
1.526848887339352778e+01 1.217414353981791741e+01 9.215041049764868930e+00
1.550154868548989207e+01 1.236720734600631921e+01 9.346132575001316667e+00
1.437760432268378530e+01 1.143534238743001730e+01 8.714840821374870927e+00
1.305157406325848335e+01 1.037076331928154715e+01 7.924068002242659503e+00
1.576916362664661975e+01 1.249631606009490525e+01 9.618139446388211056e+00
1.534402428457481982e+01 1.226063840603091215e+01 9.225823926467574765e+00
1.488796957923711517e+01 1.182737985925494328e+01 9.042384854515995940e+00
1.494756134999055774e+01 1.190756173713125854e+01 9.035461459612294632e+00
1.420494386380466345e+01 1.129646758663933959e+01 8.612215176007188333e+00
1.417842738231657407e+01 1.124908488109850246e+01 8.630520979261072867e+00
1.600850659829883327e+01 1.275810109537548342e+01 9.669702164387285137e+00
1.333199101823423938e+01 1.058362906940702253e+01 8.107328797543679855e+00
1.603196035284085141e+01 1.279300086317164009e+01 9.662446981482002428e+00
1.451585224093821047e+01 1.154106430339581024e+01 8.804192241519594120e+00
1.363845464596715651e+01 1.086575359099239080e+01 8.242744932966145299e+00
1.466682356098709583e+01 1.169171528617025224e+01 8.855478927548697143e+00
1.320904804809296174e+01 1.053496201379457808e+01 7.968282481484560975e+00
1.393020330150751640e+01 1.116498266625660207e+01 8.330289675846843878e+00
1.456204961473485326e+01 1.159507674903696994e+01 8.809511006062807681e+00
1.530228898948204730e+01 1.217139863807466504e+01 9.274540609145969228e+00
1.439892845859785453e+01 1.146614456696441842e+01 8.709573441064236476e+00
1.636850275949044331e+01 1.306597296005774389e+01 9.859423573134794339e+00
1.566239356715909103e+01 1.253478124994009946e+01 9.390944109552382457e+00
1.418031645917163708e+01 1.123253922306864361e+01 8.655139368287404267e+00
1.318004974964390286e+01 1.052863497083502686e+01 7.928528050905666369e+00
1.365161929285607378e+01 1.089325723607183427e+01 8.228223143902258840e+00
1.528737070830646516e+01 1.222816426532020806e+01 9.174731705806573601e+00
1.353310204341099521e+01 1.077985301529888140e+01 8.181663638033922936e+00
1.370377963522454401e+01 1.097326201824067837e+01 8.208598965099429989e+00
1.309564332116978136e+01 1.040164923844845823e+01 7.956228196550382492e+00
1.269761156410688940e+01 1.013733812417091329e+01 7.646156890175086041e+00
1.477625604138211557e+01 1.184757142484733983e+01 8.830220491789672721e+00
1.580368392652094833e+01 1.262678802686084367e+01 9.503717681733828471e+00
1.554803707641365307e+01 1.236385846930909516e+01 9.427431287494348666e+00
1.620236920319889151e+01 1.288840424392778949e+01 9.818645723411760784e+00
1.338690261001678827e+01 1.066937393650062837e+01 8.085395555765677145e+00
1.368505548041295405e+01 1.089513919287017174e+01 8.281104121429999410e+00
1.427109463849017068e+01 1.139633004328615584e+01 8.589982754653016528e+00
1.517617208640255022e+01 1.211969508199159229e+01 9.133958085936935589e+00
1.519447222838596723e+01 1.213194634506588621e+01 9.148107136431827158e+00
1.639959791266457145e+01 1.310191319846216018e+01 9.863401149554608338e+00
1.561445913872995384e+01 1.244703679624539738e+01 9.427757378506328223e+00
1.287176836207239639e+01 1.030418773121622777e+01 7.714022035663421484e+00
1.443504554273239293e+01 1.145652828268032764e+01 8.781713928892472154e+00
1.506125259205882472e+01 1.204463013022170692e+01 9.042577877350799653e+00
1.540433490645712489e+01 1.222614955542851334e+01 9.370955178560432586e+00
1.519903422082715672e+01 1.215821602775945465e+01 9.120768841945732675e+00
1.416443396464606685e+01 1.124462389841945509e+01 8.613339823896021485e+00
1.336714941855463401e+01 1.062868683344010279e+01 8.106275333013462259e+00
1.469807166684332778e+01 1.166234674643429337e+01 8.945556387927812381e+00
1.523044746904684921e+01 1.208462660332906147e+01 9.269753500795319567e+00
1.414851601932616809e+01 1.131332641158408592e+01 8.496419896290619889e+00
1.675516456649716446e+01 1.333804929753165780e+01 1.014061046421847756e+01
1.407633770284295949e+01 1.120856423051151296e+01 8.515360885774368782e+00
1.456226852252532211e+01 1.163013626135160372e+01 8.763537816688325321e+00
1.432271808969602311e+01 1.143871662725145377e+01 8.619513640475709337e+00
1.433293025572215917e+01 1.149392458883533230e+01 8.562860927374810416e+00
1.291453403041010617e+01 1.028018062801319310e+01 7.816845621991197923e+00
1.362210768380342074e+01 1.083222446778478876e+01 8.259826319521538451e+00
1.524417086831326351e+01 1.206704972701848000e+01 9.315098300500858741e+00
1.425001910154726303e+01 1.135783972678405718e+01 8.605958466966230347e+00
1.373292587364476169e+01 1.098404123444323766e+01 8.242820585883960050e+00
1.565522943688067237e+01 1.241070767450698753e+01 9.542564840718059216e+00
1.514900346364091810e+01 1.204995109301774825e+01 9.181012177166790522e+00
1.461732259492461061e+01 1.160717520907944689e+01 8.884796199678698159e+00
1.454296712766637256e+01 1.158196229766710594e+01 8.795228377467090297e+00
1.555321649826922936e+01 1.240203734107111444e+01 9.385734560103001556e+00
1.367524032758813313e+01 1.092048574092794411e+01 8.231354031961098272e+00
1.374825755543757033e+01 1.099429550695098357e+01 8.254698790173003786e+00
1.367260315013179905e+01 1.083980520107237844e+01 8.332988665766812630e+00
1.660708969583247807e+01 1.323601145231825704e+01 1.003012607096865949e+01
1.384286413882492184e+01 1.099209402905054667e+01 8.414199689957229111e+00
1.419002426329998379e+01 1.129279382906455353e+01 8.592415034626981196e+00
1.370008919190829211e+01 1.097882595893182867e+01 8.194987762634367456e+00
1.327798426718972813e+01 1.059731378029932536e+01 8.000112926803968350e+00
1.468689421447623111e+01 1.176003261839327507e+01 8.798096071397582207e+00
1.295375989966001740e+01 1.032488349867399435e+01 7.822830451751421776e+00
1.475252673299439010e+01 1.175635708262827883e+01 8.912076814831099369e+00
1.513826775310224448e+01 1.200739910392090870e+01 9.218975936825881234e+00
1.528965705015474796e+01 1.214177846053232201e+01 9.292514650335514048e+00
1.299610958461048682e+01 1.030937095138127724e+01 7.913010484134369804e+00
1.563509636417076187e+01 1.246035478218856341e+01 9.444352652188310770e+00
1.418029341345646621e+01 1.133465692688449167e+01 8.520931500812938708e+00
1.570165750736939358e+01 1.258172518017761377e+01 9.393734080184206192e+00
1.332058994671627161e+01 1.058142901832751370e+01 8.091444645961255233e+00
1.377904528904699433e+01 1.095269707770965262e+01 8.360652833453773525e+00
1.371920655046000093e+01 1.089395062615338006e+01 8.338972846167385100e+00
1.593120405753896307e+01 1.266786927177511402e+01 9.660659958624037813e+00
1.583672883514222463e+01 1.265231414973347945e+01 9.524753374984529231e+00
1.491268577965528408e+01 1.192333241504022467e+01 8.956692541512406791e+00
1.444395752646455477e+01 1.149763204441918063e+01 8.742560631614589184e+00
1.465065527682201996e+01 1.158686710200994696e+01 8.965835755836289778e+00
1.326275439673910128e+01 1.055500071044653154e+01 8.030729368537802060e+00
1.383879833577478813e+01 1.102668078339266877e+01 8.362096045813027345e+00
1.360065097935145850e+01 1.082672364792894548e+01 8.231631801381176672e+00
1.327376396883137488e+01 1.051935552038393418e+01 8.095428916123845298e+00
1.431124001327988360e+01 1.141033089580921889e+01 8.638051838571286112e+00
1.266173854719465375e+01 1.008048285782545150e+01 7.661820174775846759e+00
1.527807368887604689e+01 1.216951786680751191e+01 9.237010908956385435e+00
1.431568086219180103e+01 1.137640129442896075e+01 8.690006452025201611e+00
1.324999239015786401e+01 1.057561851886085158e+01 7.982392578843056974e+00
1.503985764732285979e+01 1.200588698911183272e+01 9.058476453378412785e+00
1.368063944940888632e+01 1.087745802968925624e+01 8.297035769301674080e+00
1.414105962721848009e+01 1.128854456749726509e+01 8.516943637724535776e+00
1.263658647394850298e+01 1.007515981153567708e+01 7.627219184315779721e+00
1.616914979812603548e+01 1.289429921285572256e+01 9.755944495720926923e+00
1.445484710745554224e+01 1.150781896501915114e+01 8.747154255428528202e+00
1.450993857965473133e+01 1.157167186084623900e+01 8.754126337348127507e+00
1.450325492246899550e+01 1.164282099460379705e+01 8.648070457260057964e+00
1.541327762311490268e+01 1.227829683199318112e+01 9.317325474227075688e+00
1.431654787450988842e+01 1.144140431701719685e+01 8.605684766343340897e+00
1.325538356064524770e+01 1.055740181342692630e+01 8.015388966835864437e+00
1.453504495294292553e+01 1.159363253403835259e+01 8.766710697277460440e+00
1.509332470407523807e+01 1.205294747972173397e+01 9.084872463260966313e+00
1.434711746393488241e+01 1.138800459747660376e+01 8.726576121927605456e+00
1.385854000988792301e+01 1.103969044203555683e+01 8.377611004916207804e+00
1.298340633652350462e+01 1.035870708345330371e+01 7.827261823811252128e+00
1.326275387004205086e+01 1.058649589481009912e+01 7.989164217018217329e+00
1.533611345454222352e+01 1.215010128782524212e+01 9.357959958568876857e+00
1.400159625025696641e+01 1.116762876287971551e+01 8.445635877168255590e+00
1.627999944658324338e+01 1.302743709273975625e+01 9.763414606348490565e+00
1.508857932623165787e+01 1.200679211787042711e+01 9.137952129565460879e+00
1.558191148422153738e+01 1.242107405257651465e+01 9.408128659968756580e+00
1.533770062903502129e+01 1.217697853656705576e+01 9.325569918556535498e+00
1.510095666482853360e+01 1.202525441754976576e+01 9.134120011595488364e+00
1.437601163726983167e+01 1.138622349604000661e+01 8.776310448767413064e+00
1.613927898533214034e+01 1.283357882046924026e+01 9.786499927205181137e+00
1.387996707212963088e+01 1.107777391485277008e+01 8.362799233199989857e+00
1.444307928159046739e+01 1.152035870885564961e+01 8.711135078369613538e+00
1.404362551682158511e+01 1.117021187434329121e+01 8.511743907038233914e+00
1.452794659673481448e+01 1.156156560156382795e+01 8.797240087568072298e+00
1.421601210930879411e+01 1.137248560184151636e+01 8.530039362624400212e+00
1.464258736937569161e+01 1.164363613821521604e+01 8.878688098511467786e+00
1.327529071128367910e+01 1.057392269035123178e+01 8.026549844582671511e+00
1.355472196005474750e+01 1.079317571385452368e+01 8.199868622377515237e+00
1.623806976575261274e+01 1.293644196423170989e+01 9.814447463994797616e+00
1.396575534720031442e+01 1.109175873701518533e+01 8.486177616436121340e+00
1.501482611393776345e+01 1.188841513171491648e+01 9.171182523960538902e+00
1.517979178121957062e+01 1.206263002663317252e+01 9.215152487167481254e+00
1.554286038718951524e+01 1.243950025299376883e+01 9.318762926023657300e+00
1.622482854866508362e+01 1.292004306962966176e+01 9.814150422348953740e+00
1.297173010507611401e+01 1.031029458378133334e+01 7.871696609663465516e+00
1.450969733607282564e+01 1.159434913757330143e+01 8.723668085185963150e+00
1.479951251125778100e+01 1.175489590175185484e+01 8.991551195975755917e+00
1.469133083600711487e+01 1.178328392001755098e+01 8.774361617420913362e+00
1.640719076122110565e+01 1.309946115985140302e+01 9.879272543899363157e+00
1.316596787192433560e+01 1.050473788418382348e+01 7.936825057233968472e+00
1.515809102702234057e+01 1.206203078946390228e+01 9.180149062924851222e+00
1.382378979741180025e+01 1.100267919423527374e+01 8.368883731524105585e+00
1.458842688813651733e+01 1.160655978331422666e+01 8.837984445950180401e+00
1.330436657559179459e+01 1.061299322843901471e+01 8.023125619783836981e+00
1.513367486207745216e+01 1.209625390168876180e+01 9.094435462245822777e+00
1.411703401180177941e+01 1.128066327937505164e+01 8.487478145346091907e+00
1.426737013663382214e+01 1.138969568562531798e+01 8.592594649147523356e+00
1.478235159593462456e+01 1.179125633550624741e+01 8.915390778659942228e+00
1.269938612331682748e+01 1.008887154259402585e+01 7.712916368412692236e+00
1.429067749161784029e+01 1.141403771504194076e+01 8.599023561372124647e+00
1.529744563607670749e+01 1.222022296992515322e+01 9.202064635397645631e+00
1.439910031863692552e+01 1.142981002244221855e+01 8.757484389769096822e+00
1.419886081542965073e+01 1.136635394615947092e+01 8.509620815674960426e+00
1.446754435011538220e+01 1.155213812621178704e+01 8.709646619437528159e+00
1.331977066967366952e+01 1.066793605352830987e+01 7.975677466556040152e+00
1.586131819610408655e+01 1.262644226008549708e+01 9.599706806501416168e+00
1.374979702338827714e+01 1.100389888862098431e+01 8.244460408867459122e+00
1.478633677328308060e+01 1.180870072768474621e+01 8.898895566131857393e+00
1.315579523247077454e+01 1.053372079856958088e+01 7.881349778843937059e+00
1.525562969917675282e+01 1.213299075828469320e+01 9.247960465842293587e+00
1.445063797034608832e+01 1.150987572266287629e+01 8.737488117237347751e+00
1.378496231014912077e+01 1.096970374402169135e+01 8.348100721758710208e+00
1.592734547427084202e+01 1.272775158396498263e+01 9.575211406212019938e+00
1.506903936257685750e+01 1.199373221480580654e+01 9.122846862159869730e+00
1.542351091890676784e+01 1.233187185485271975e+01 9.263348510183972095e+00
1.455332598378195108e+01 1.157234448092142109e+01 8.824972544156180376e+00
1.514666078950486039e+01 1.206680875617604976e+01 9.154969115960852832e+00
1.572108644975526737e+01 1.251600956738374215e+01 9.513257258680505757e+00
1.379090970636332969e+01 1.094786879866429885e+01 8.386498631508802148e+00
1.561761677331141129e+01 1.237915560881758736e+01 9.521893723976235790e+00
1.640598840481078824e+01 1.306280499295483821e+01 9.925703060983652293e+00
1.348988798759808461e+01 1.071590078292573978e+01 8.194299746069498624e+00
1.551995332259712335e+01 1.232903636992397800e+01 9.426760489409140575e+00
1.394636485899246736e+01 1.112441037885328754e+01 8.411217896535626792e+00
1.400864258446524957e+01 1.115770409676064467e+01 8.470401781994992163e+00
1.434862402708057338e+01 1.144289740308878045e+01 8.656968897535554319e+00
1.525185330867474143e+01 1.209137302668689173e+01 9.296113579278243222e+00
1.522491205646315571e+01 1.216236973682757849e+01 9.158313682755020224e+00
1.337254021485967215e+01 1.066535926693373959e+01 8.066904208261666653e+00
1.455756518178238679e+01 1.165415277904450519e+01 8.723727816967471682e+00
1.444550380453925165e+01 1.152769805740268971e+01 8.705444139405653203e+00
1.345881748300108427e+01 1.071288037436115737e+01 8.147021672081351085e+00
1.587302218667719345e+01 1.263244438498283273e+01 9.611148849074295342e+00
1.461337097664567608e+01 1.170745741582262056e+01 8.745630460851300469e+00
1.359652338416401918e+01 1.084534763303847171e+01 8.200236756012948547e+00
1.319345657706803543e+01 1.049963962906710968e+01 7.989046508232588550e+00
1.486646436273633576e+01 1.183452773524975576e+01 8.997539437652594785e+00
1.360430806953402971e+01 1.083961753507333192e+01 8.220698859836639727e+00
1.629199000346339332e+01 1.297497045777502755e+01 9.852871657177736608e+00
1.303039870650237653e+01 1.042343213760967480e+01 7.819421520999147113e+00
1.366231090822107497e+01 1.091701633159680540e+01 8.214468562758348469e+00
1.387755453403107175e+01 1.105861502198282764e+01 8.384125096906778651e+00
1.308056471422415790e+01 1.043550894678914887e+01 7.886781743175715675e+00
1.462181000238644657e+01 1.166792238217835198e+01 8.812316099037175832e+00
1.356296090338626215e+01 1.081736682169838382e+01 8.181594191329907062e+00
1.466453826265209770e+01 1.167682253169328632e+01 8.871330115609913136e+00
1.341776333840669366e+01 1.071134430434245743e+01 8.081056626414712341e+00
1.560674492238165811e+01 1.241536813765690539e+01 9.456697154860115972e+00
1.400843217428390908e+01 1.117086837131400046e+01 8.452684296262878760e+00
1.332776270473494939e+01 1.059707659405851032e+01 8.082773433257989026e+00
1.510912688676941684e+01 1.210875801235046367e+01 9.036796704520741130e+00
1.428814480244034435e+01 1.140712903166918224e+01 8.603981005927032299e+00
1.403322879227547837e+01 1.113874956263192395e+01 8.535793373630633951e+00
1.579817736030614661e+01 1.256556415826891993e+01 9.575437603165569911e+00
1.526966621734736052e+01 1.219050367291650616e+01 9.195342657552703969e+00
1.378616483339740917e+01 1.096594307441696081e+01 8.355024434569303438e+00
1.399433021616206396e+01 1.118814187159937745e+01 8.406352339745899016e+00
1.491996408058007084e+01 1.194878922189544213e+01 8.934862298687921367e+00
1.460110556690809069e+01 1.164413990884824202e+01 8.809443203696934788e+00
1.334546500995178953e+01 1.063123641879781367e+01 8.067109057120434912e+00
1.517343331274824969e+01 1.201163764318499183e+01 9.271118574651042721e+00
1.600638824140670025e+01 1.270110631307541205e+01 9.740963143272773905e+00
1.384332247890383982e+01 1.100324524862114828e+01 8.400367328493466346e+00
1.416751837704249795e+01 1.124781756042909286e+01 8.614242688196092956e+00
1.441989610354946194e+01 1.146550803925487294e+01 8.745028818645645075e+00
1.335342240456671270e+01 1.063032885717893983e+01 8.081460159093339257e+00
1.427731939522247728e+01 1.136867093092995518e+01 8.636849563204405555e+00
1.470335643235823930e+01 1.171889583693909209e+01 8.880099703265837974e+00
1.331702549103577127e+01 1.057367419037717049e+01 8.095713806987511418e+00
1.374944790121267069e+01 1.093173138297444957e+01 8.339338496466790929e+00
1.488313640893626832e+01 1.190645603012725040e+01 8.929952640952290466e+00
1.509557308716126123e+01 1.204787344807050964e+01 9.095332440823973741e+00
1.516526902762905493e+01 1.206415749298771622e+01 9.189205007221977084e+00
1.465486610795163536e+01 1.165926395823229988e+01 8.878438184402414279e+00
1.531947586227447822e+01 1.226418026507868042e+01 9.180208228600536202e+00
1.532649161848364194e+01 1.222475763133284943e+01 9.244276401461531734e+00
1.330546708608134132e+01 1.059406611267890064e+01 8.049920346126567594e+00
1.513118051020294530e+01 1.200192627053578320e+01 9.214466312758894162e+00
1.436476691176190101e+01 1.148349277149184289e+01 8.629943348385559432e+00
1.477039836237185177e+01 1.178178313031750513e+01 8.908100473912659467e+00
1.551466119500592455e+01 1.237942965623968128e+01 9.351707511574350207e+00
1.433201495253899438e+01 1.141070643100229276e+01 8.671933541332304429e+00
1.443042006616139616e+01 1.150276653141728822e+01 8.713402630980606745e+00
1.430998672513643299e+01 1.135586018473002134e+01 8.707477220093336356e+00
1.390619670312899459e+01 1.111601366227004739e+01 8.355629659477576965e+00
1.438498857785782903e+01 1.147924013724373538e+01 8.669195017796786473e+00
1.428405921057828820e+01 1.135161965753690971e+01 8.670356318048760613e+00
1.485186534861112939e+01 1.180624095368995619e+01 9.010581494925288482e+00
1.502092971487375728e+01 1.195444912523643666e+01 9.095024772440767791e+00
1.498577529807642250e+01 1.188462651023497507e+01 9.128478186239890491e+00
1.326404604211130511e+01 1.053955811882673821e+01 8.053113191003959059e+00
1.516539352499292015e+01 1.210702816336878840e+01 9.132854417940329483e+00
1.520553348970989838e+01 1.215903715862700096e+01 9.130501852681323527e+00
1.442420496862742851e+01 1.147630685448415910e+01 8.737967152530163872e+00
1.314630231465257104e+01 1.049630908951711739e+01 7.915349647713605385e+00
1.399392931749815716e+01 1.114059715485391244e+01 8.468598040785460412e+00
1.497653097144998746e+01 1.200321910006354820e+01 8.956517804072650080e+00
1.449801412821509317e+01 1.160244431413977040e+01 8.693428529596946674e+00
1.422188796373174746e+01 1.131344299665922826e+01 8.617894453651668840e+00
1.477241782099538803e+01 1.173242949979090533e+01 8.976325880364317555e+00
1.598572057358160947e+01 1.277262998983574072e+01 9.612657561745292512e+00
1.431974465397478902e+01 1.135905293251273562e+01 8.719346502543260158e+00
1.384752714825170905e+01 1.102775990611316281e+01 8.375113108172993037e+00
1.304146456321086944e+01 1.042296410076770208e+01 7.838470342330357887e+00
1.432836279434925331e+01 1.140068714326605459e+01 8.679073281627481151e+00
1.438370078810268282e+01 1.153637381671599726e+01 8.590863025485582227e+00
1.354118147729253252e+01 1.077171376042309525e+01 8.205716206674596336e+00
1.354464114512889950e+01 1.081925042299134887e+01 8.148688485573627460e+00
1.481140515840992222e+01 1.175967187319272611e+01 9.004878688878154236e+00
1.552592427780517959e+01 1.242733974979535994e+01 9.306747628645382520e+00
1.356874358276603054e+01 1.080813104401836000e+01 8.203359418566330774e+00
1.320077563830267309e+01 1.047148274724860784e+01 8.037942928814567622e+00
1.533149497415604401e+01 1.218642767670480787e+01 9.302995142587954902e+00
1.333320661485009673e+01 1.060712602196739240e+01 8.078568944335659197e+00
1.405064115566137417e+01 1.119804898358384548e+01 8.486708186713032731e+00
1.557705202801594879e+01 1.242373323033660526e+01 9.396563334802024769e+00
1.561115054140092617e+01 1.242532108693835191e+01 9.450895042945274938e+00
1.577998155271396286e+01 1.252956639429272556e+01 9.592590045186094372e+00
1.624021106122904357e+01 1.293592012408257474e+01 9.818677398541090895e+00
1.525867216422423844e+01 1.214215118706846575e+01 9.240954537581247408e+00
1.347652033734026844e+01 1.074006795234803135e+01 8.140487748390304645e+00
1.497150383938180873e+01 1.191206387415554246e+01 9.069104777797127426e+00
1.336431460052703990e+01 1.064918253735461029e+01 8.074640303317654144e+00
1.380982443041326668e+01 1.104890402472731026e+01 8.284501834824093081e+00
1.333603791689042417e+01 1.060726373764765817e+01 8.083060269521940455e+00
1.434109461175026823e+01 1.142145424810324883e+01 8.672795254222069872e+00
1.535163298141436705e+01 1.223126172882690454e+01 9.277331066475079879e+00
1.441305209026230649e+01 1.152740003977852012e+01 8.651885278916315869e+00
1.486529266459547571e+01 1.191362594792793317e+01 8.890581689458475267e+00
1.368915604510480399e+01 1.089825836099675271e+01 8.283776791065401213e+00
1.375249511837153271e+01 1.098421096224620896e+01 8.275157492018086813e+00
1.368364927413172794e+01 1.088376038164386550e+01 8.293733623188362714e+00
1.492504627676317952e+01 1.190916725364592388e+01 8.996040333847446391e+00
1.535182810640855600e+01 1.226477374771943829e+01 9.233306619297756868e+00
1.398355600680943844e+01 1.118641271081919975e+01 8.390709699351953432e+00
1.295213757628542695e+01 1.035038283167720863e+01 7.786362631726487571e+00
1.553100762665449253e+01 1.236343749172966255e+01 9.399872939954738271e+00
1.400737995469625119e+01 1.110688081672991956e+01 8.534863309871067116e+00
1.387655131403923825e+01 1.102426864920359506e+01 8.427584299272885104e+00
1.354070793278108908e+01 1.082917635275840240e+01 8.128942787456368890e+00
1.390146582011723098e+01 1.107895152606263522e+01 8.396879481750470831e+00
1.526203420214240580e+01 1.220970784397308861e+01 9.157113210624109101e+00
1.458172401783896177e+01 1.161316310417756625e+01 8.818226468411349828e+00
1.385123359175112512e+01 1.099306230230433812e+01 8.426698833523719401e+00
1.496072410982769085e+01 1.195709876988006393e+01 8.991721464642473904e+00
1.470645656992926220e+01 1.169562828959812606e+01 8.915836682822737558e+00
1.482676341742521409e+01 1.182010156332451523e+01 8.950872162476235516e+00
1.310605536732670551e+01 1.041523074617212785e+01 7.955605306664222276e+00
1.501786274643906260e+01 1.193221005285582237e+01 9.119131796690334468e+00
1.553322135247643310e+01 1.243567204562077499e+01 9.307793850252368273e+00
1.642292839703911156e+01 1.307982079076365522e+01 9.931307326620220977e+00
1.357454245493561373e+01 1.077580091920672345e+01 8.255320551648670957e+00
1.381323143568688749e+01 1.098975009354290400e+01 8.368438060792597000e+00
1.385352151626301875e+01 1.103294676272495423e+01 8.378194562818372049e+00
1.359730432626612462e+01 1.082146528609147929e+01 8.233017308557812441e+00
1.343840706610010649e+01 1.065410640119891461e+01 8.190287007556058541e+00
1.459090655075694443e+01 1.162472508144221806e+01 8.818181261111051938e+00
1.423685674095660403e+01 1.131930284762265515e+01 8.634898546382764550e+00
1.493914212744670067e+01 1.196071483532124091e+01 8.950936718141800696e+00
1.441912760462975029e+01 1.148477352208037061e+01 8.718441261207033222e+00
1.458395619429298939e+01 1.159199236526505672e+01 8.849717016983849049e+00
1.492872443224491974e+01 1.192694163861547274e+01 8.978578747383510361e+00
1.452365709000524419e+01 1.155823230892531406e+01 8.794537006629434828e+00
1.368464316467578357e+01 1.094062943611890404e+01 8.220224211421253813e+00
1.400947015074400781e+01 1.123108534257669078e+01 8.374244797732291801e+00
1.499598939808547371e+01 1.189724499101939692e+01 9.128814799915474509e+00
1.431028632817378998e+01 1.147464067403482879e+01 8.550843010844205949e+00
1.529922753432045646e+01 1.221502367547182821e+01 9.211924866963032699e+00
1.565697356597521583e+01 1.247280664223813851e+01 9.464138402991942201e+00
1.559604991488336623e+01 1.237649631571703424e+01 9.489947939508208918e+00
1.358677096766354531e+01 1.079838943493774295e+01 8.245916015772289498e+00
1.431911380342236839e+01 1.143583280105905509e+01 8.617351580478935347e+00
1.606441742361675651e+01 1.281523202264414785e+01 9.686864062533219411e+00
1.471107507503862166e+01 1.167708231963109178e+01 8.947707995010874882e+00
1.381341330072501883e+01 1.100485784512125420e+01 8.348861648471608277e+00
1.383189552046607318e+01 1.109084190329755870e+01 8.265262219987242531e+00
1.463420962882326037e+01 1.172297802840247094e+01 8.759673373244936556e+00
1.551986721507346978e+01 1.239294792486406216e+01 9.342436518656139555e+00
1.566247106816221368e+01 1.246260044273977741e+01 9.486653264752575865e+00
1.493891290352103418e+01 1.187246185257894560e+01 9.067291122382966861e+00
1.381008871802468718e+01 1.105609862415822242e+01 8.275338882039779520e+00
1.462677487854498715e+01 1.164180511019844033e+01 8.854993908738288511e+00
1.379649814846298739e+01 1.097994011112450785e+01 8.353698361603786537e+00
1.506944280140150028e+01 1.196156087295768344e+01 9.165651522245395810e+00
1.410600308348136345e+01 1.125870822786985315e+01 8.498282887200295121e+00
1.609515786098914347e+01 1.279264794950656103e+01 9.767408305694310400e+00
1.415078548072344589e+01 1.127459771865084193e+01 8.551501388881762367e+00
1.366374977506528943e+01 1.085301101656126299e+01 8.301217367952522963e+00
1.369086774321005606e+01 1.090377737576446293e+01 8.279341670799476915e+00
1.513829770200168845e+01 1.202978724995938009e+01 9.189791947326355626e+00
1.319640338566228621e+01 1.054162739485557765e+01 7.938460441744951801e+00
1.381999064080338613e+01 1.101504015838171213e+01 8.346318447143708852e+00
1.392576624645562511e+01 1.104586116344988334e+01 8.480325271398045928e+00
1.540478781560098476e+01 1.224558549296823173e+01 9.346289294586089369e+00
1.352598616265828291e+01 1.077267689896844693e+01 8.179348024314341714e+00
1.431342843343288251e+01 1.141798756505227352e+01 8.631557998607004123e+00
1.536941115727735330e+01 1.229112865303099333e+01 9.227510810401799546e+00
1.391584526163257607e+01 1.102619226437401601e+01 8.489630939844230895e+00
1.389577543919798153e+01 1.106913010577729928e+01 8.400412713551192567e+00
1.326837818094498367e+01 1.057234369399824203e+01 8.017194544761432340e+00
1.358329596110431758e+01 1.081220539145512127e+01 8.222052282729759298e+00
1.542755762102924777e+01 1.228668799492118602e+01 9.329889188282852075e+00
1.505567649688527609e+01 1.197744124055787118e+01 9.122187024384407650e+00
1.524567934058840635e+01 1.212400224653571179e+01 9.243338578784245030e+00
1.401057063551677118e+01 1.113776326471297118e+01 8.499783467360513711e+00
1.429973405622404670e+01 1.142957294172026472e+01 8.593442642423919864e+00
1.490449488862378580e+01 1.187717958806601715e+01 9.004253046079973899e+00
1.358538637517069958e+01 1.082486351946789327e+01 8.208839914845874830e+00
1.353015476742334400e+01 1.077059864753786123e+01 8.188973855379209965e+00
1.420732554831190875e+01 1.129245501554814801e+01 8.621401217756760715e+00
1.444915611586377757e+01 1.153224183735737185e+01 8.705487388153970940e+00
1.451276774550232496e+01 1.154881519038307047e+01 8.788930272409142930e+00
1.488222158665994499e+01 1.185060315217858218e+01 9.002428799164272633e+00
1.522320824246825666e+01 1.207833675836978671e+01 9.266059051450444173e+00
1.559607904873033313e+01 1.243229406211180255e+01 9.416780025434642099e+00
1.557854992401620109e+01 1.239466287140959011e+01 9.437348676358514155e+00
1.478408844781839449e+01 1.171920313853383355e+01 9.012743701598090240e+00
1.479443215163240311e+01 1.184368801934004800e+01 8.865792507711624637e+00
1.484264657353669392e+01 1.180108073957774195e+01 9.002147004181159318e+00
1.459374324588442384e+01 1.161231105573027556e+01 8.839206631353384580e+00
1.503253692026803456e+01 1.198136230836587046e+01 9.078773237331748902e+00
1.426650559845745292e+01 1.138650192334343991e+01 8.595391552484041853e+00
1.495353555298003378e+01 1.190348992707948916e+01 9.050699038756897963e+00
1.589448429748749625e+01 1.267689660886522240e+01 9.588061506436950765e+00
1.453443004018422435e+01 1.155721272811022793e+01 8.813653643649523417e+00
1.437885609572458456e+01 1.143209456765027277e+01 8.721164854413494538e+00
1.412185182840710951e+01 1.131152685792274681e+01 8.454351495293863650e+00
1.356999914327829693e+01 1.078389262655121961e+01 8.237265114562475787e+00
1.443113726961594878e+01 1.146199494584238288e+01 8.768146597541703002e+00
1.570033891162484885e+01 1.248114104465783925e+01 9.524797119269196699e+00
1.468253851300432267e+01 1.167814874937803538e+01 8.899313398979463940e+00
1.319489249604095527e+01 1.054139355199442285e+01 7.936259192090963310e+00
1.458350576276778732e+01 1.165321093479408887e+01 8.768199087719024121e+00
1.549427215347343889e+01 1.235851756863211826e+01 9.345561142687673239e+00
1.478054354563973583e+01 1.170562254777639666e+01 9.024570254230463107e+00
1.531774954072575134e+01 1.223287536370727580e+01 9.219013576755788364e+00
1.391180626704984569e+01 1.109751763975950212e+01 8.389484838007280842e+00
1.547116299639979431e+01 1.233743449414983573e+01 9.335126917387468026e+00
1.543987891480671415e+01 1.234567850157727875e+01 9.272221052131229158e+00
1.549138520929568408e+01 1.236608059729600129e+01 9.330759152607276619e+00
1.426227175720647011e+01 1.132192214889971105e+01 8.673319694941692859e+00
1.483431354533760249e+01 1.188195207688930921e+01 8.881220254215774546e+00
1.412221474648254116e+01 1.125084839312709306e+01 8.535535119758952405e+00
1.440941192365239765e+01 1.149231047452366994e+01 8.692407718385593896e+00
1.600122318720481474e+01 1.273039838318307915e+01 9.694127113473943069e+00
1.527357566115356136e+01 1.214067173082809781e+01 9.267480963090990898e+00
1.594079689009406842e+01 1.268698472753537132e+01 9.651394925839321459e+00
1.512764301232953201e+01 1.200817659826472550e+01 9.200504219518075288e+00
1.541591988251387946e+01 1.227966822653240264e+01 9.319889166206715814e+00
1.584172951189879086e+01 1.260943167300166579e+01 9.589714636633745570e+00
1.487843738187338971e+01 1.189185166221044199e+01 8.941574971463934318e+00
1.564195946510888113e+01 1.245035788970507618e+01 9.468869221103849654e+00
1.416724953164325029e+01 1.125179107585299043e+01 8.608609462462615269e+00
1.526856072640322104e+01 1.212051250425101045e+01 9.285586857606674016e+00
1.422707415181433888e+01 1.129793794092983461e+01 8.646747203666928172e+00
1.566710674071421394e+01 1.248398140331338091e+01 9.466173564152436271e+00
1.524999444602132215e+01 1.216179270055379469e+01 9.200713500182342131e+00
1.407084946850531892e+01 1.121776092334919106e+01 8.494153555941659661e+00
1.353099994103384773e+01 1.077490293028930601e+01 8.184706851628890334e+00
1.494717863377299061e+01 1.195014720230598293e+01 8.978425861649597550e+00
1.392130108348643525e+01 1.110498009958084253e+01 8.395358291639139381e+00
1.383740650199512423e+01 1.100074400025801680e+01 8.393893622285441225e+00
1.452680953246914619e+01 1.156345904937266234e+01 8.792872682242018456e+00
1.487895667813085865e+01 1.184362985092570852e+01 9.006208069101910851e+00
1.314087720049039021e+01 1.045976564554236887e+01 7.954618547655179839e+00
1.413577638770010303e+01 1.133131688530210290e+01 8.451120146343157558e+00
1.497256413600956293e+01 1.192979395391683717e+01 9.047524137796433052e+00
1.482319189818502103e+01 1.178362053478472937e+01 8.992958642327769425e+00
1.366451554237835531e+01 1.088866566880481379e+01 8.255661388458895189e+00
1.583270042686694978e+01 1.262723128145181484e+01 9.551305301980335116e+00
1.394527400909601056e+01 1.108240900124693695e+01 8.464684159367648064e+00
1.469689617283394867e+01 1.168975542321220651e+01 8.907770498870183573e+00
1.368467914967341947e+01 1.090669015299617506e+01 8.265261843162786448e+00
1.485705101493888414e+01 1.184936601983885751e+01 8.962393083791001303e+00
1.447560877594142426e+01 1.157355251389750705e+01 8.694603593158753085e+00
1.491308881583927537e+01 1.189905059334474657e+01 8.989594707556758379e+00
1.529572385516021349e+01 1.222820614834483877e+01 9.188587630691602115e+00
1.516564245175729120e+01 1.212577524109413041e+01 9.108363507074773935e+00
1.404350253853782249e+01 1.114608775951395536e+01 8.543107819004243098e+00
1.534144663876274528e+01 1.224645367523451078e+01 9.240365650251069596e+00
1.467609449296784518e+01 1.172843640620012984e+01 8.822217920242080069e+00
1.477770007486468273e+01 1.174802656858687300e+01 8.964613279245934763e+00
1.339133269500740120e+01 1.067018204866873710e+01 8.091662770817974248e+00
1.458239753574295783e+01 1.162999458869439451e+01 8.797132700907800640e+00
1.560964236491666490e+01 1.239479676380281070e+01 9.488411244493175190e+00
1.478773702876115337e+01 1.174570932298804493e+01 8.984179368849749991e+00
1.542714768328910147e+01 1.234483868559026121e+01 9.252126429571008615e+00
1.371778936710773245e+01 1.095341170861918556e+01 8.258360434239842007e+00
1.480092310500896069e+01 1.179939724689054259e+01 8.935409860239202473e+00
1.471394246540665662e+01 1.176741204290092035e+01 8.833352516903630658e+00
1.500752117564542054e+01 1.190901191872803366e+01 9.132421746559854725e+00
1.425218202995128003e+01 1.137746843365564153e+01 8.583583439102554280e+00
1.425305309176370905e+01 1.140341529804446985e+01 8.550534601822297631e+00
1.416015197899611522e+01 1.127038129583198334e+01 8.572538102267506233e+00
1.493602204309858550e+01 1.189628272578277723e+01 9.031235340758712482e+00
1.511709682509919439e+01 1.210030668583732627e+01 9.061412391459988669e+00
1.332672908724365257e+01 1.063944925543372122e+01 8.025199543054169382e+00
1.322768310251203694e+01 1.051545417528883775e+01 8.024763158366921445e+00
1.583171334989296675e+01 1.260515424224267633e+01 9.578790848664075597e+00
1.464108572581833378e+01 1.166348761794242961e+01 8.850110045466383468e+00
1.476118443972859318e+01 1.174213156578135653e+01 8.945105497173670983e+00
1.529852894017807508e+01 1.218200724408296765e+01 9.254387458853026160e+00
1.447206886893952671e+01 1.147816179169771367e+01 8.814339409787855573e+00
1.362389085846179881e+01 1.084395780300056167e+01 8.247362080691146957e+00
1.449933177589816324e+01 1.156611607951636422e+01 8.743888195918518846e+00
1.383667556353312733e+01 1.097993106439030875e+01 8.419899314820307623e+00
1.420815730484248718e+01 1.134235111231678594e+01 8.557032502221499470e+00
1.338629784764738417e+01 1.066045581276152809e+01 8.096150438948619410e+00
1.394407691579359820e+01 1.114191678481591197e+01 8.384209646341469480e+00
1.470953905120983229e+01 1.176823675313034201e+01 8.824916023472363591e+00
1.419213726158288402e+01 1.130215090620480645e+01 8.583597436097711864e+00
1.329202991091959873e+01 1.058593759049063365e+01 8.038406837366384394e+00
1.489046825901245619e+01 1.183821309697482249e+01 9.032317290887826644e+00
1.520408838752738845e+01 1.208719462975379599e+01 9.223016300440770365e+00
1.376426810097348863e+01 1.092886514832193434e+01 8.367495618479313890e+00
1.394776018662137851e+01 1.106354725492731816e+01 8.493405463151434631e+00
1.397112840678873091e+01 1.108361298826376462e+01 8.505642367591633501e+00
1.409639234518463624e+01 1.125845421480868858e+01 8.482657946801611004e+00
1.521234466230369975e+01 1.206099184465716156e+01 9.270809341574947737e+00
1.468947134743380012e+01 1.167076662328832271e+01 8.920413381218265769e+00
1.565178487745845182e+01 1.248817907718025211e+01 9.435239964437283078e+00
1.452169722645393968e+01 1.158396111402011108e+01 8.757370338501733187e+00
1.501033416369738660e+01 1.193785631482910858e+01 9.099325156974867213e+00
1.433335785999264012e+01 1.138020827187292561e+01 8.714126877169499963e+00
1.562975737990282354e+01 1.243726589885699063e+01 9.465924820943580897e+00
1.536777283592955001e+01 1.223400776117736299e+01 9.300403003966344784e+00
1.489719612539344951e+01 1.187712333209081628e+01 8.992240752601187381e+00
1.519809155211632223e+01 1.214030875775153007e+01 9.143024121863128073e+00
1.533709385550975490e+01 1.218201543836749501e+01 9.317990544752184690e+00
1.411537191703071770e+01 1.129982725746201311e+01 8.459174209556033830e+00
1.510815120757502861e+01 1.200501994695749630e+01 9.172553024327712023e+00
1.378030443809118566e+01 1.095147027949329654e+01 8.364334350314473809e+00
1.443212100367605366e+01 1.144790379266156499e+01 8.788151991102138183e+00
1.517406546112138166e+01 1.205497370330379958e+01 9.215740427716632155e+00
1.516288746293127865e+01 1.212221691181707683e+01 9.108513235230796923e+00
1.361928521556304084e+01 1.080753391699454014e+01 8.287468878726887311e+00
1.457412080031395440e+01 1.166643244828442505e+01 8.734949973054233041e+00
1.436932318426266342e+01 1.146650659321221077e+01 8.660062085320715752e+00
1.492610727722844111e+01 1.186938264150156996e+01 9.050217354348625065e+00
1.480433238646694782e+01 1.179417838393357876e+01 8.947939073158023504e+00
1.433473337946460369e+01 1.138790330892937241e+01 8.706333285994290350e+00
1.430886897216431564e+01 1.139598694177645122e+01 8.653046451130796513e+00
1.365985180185572290e+01 1.088703265312794777e+01 8.250095227231435402e+00
1.409510180090836151e+01 1.120436839377520677e+01 8.551843291042073858e+00
1.505337047464833233e+01 1.202330016135603330e+01 9.057826222496771607e+00
1.553083779950616083e+01 1.235357229406520219e+01 9.412554081112840976e+00
1.484593481908104629e+01 1.177818331588207990e+01 9.037487395835194448e+00
1.366158448521413682e+01 1.089465643920519256e+01 8.242897046447231091e+00
1.515079905482771849e+01 1.211156872202987955e+01 9.102560908410117335e+00
1.524573834476424850e+01 1.209859073328348167e+01 9.276671814046348885e+00
1.440740537545508992e+01 1.147769835514376524e+01 8.708373563474543388e+00
1.424454014496261500e+01 1.134143697674097773e+01 8.618510964433706789e+00
1.539943828860592312e+01 1.225205974520257435e+01 9.328972698243292783e+00
1.390685100242463257e+01 1.106711517406169953e+01 8.421369634904543489e+00
1.450198435226647042e+01 1.154708068454409897e+01 8.773396025371825502e+00
1.415674604385060853e+01 1.127771933891788869e+01 8.557248685335569149e+00
1.512699871174363864e+01 1.204944456503332795e+01 9.145325346825147861e+00
1.430436669358772228e+01 1.140464234029382240e+01 8.634178570923767282e+00
1.428074264726622289e+01 1.140694735698870410e+01 8.591924263652277460e+00
1.503027253561024779e+01 1.195004193426000505e+01 9.116226755853929831e+00
1.348553737694358290e+01 1.076490489203179735e+01 8.122594475317123752e+00
1.385818889057910752e+01 1.100321482815622431e+01 8.424883546519392752e+00
1.564227078387312631e+01 1.243580460881770300e+01 9.488487709183122121e+00
1.402816857345268708e+01 1.118594540169826779e+01 8.465467441047245245e+00
1.392201285964703139e+01 1.105869993761937131e+01 8.457398994600801245e+00
1.435910319075662755e+01 1.141036231591308159e+01 8.717079571874275956e+00
1.379226688932073053e+01 1.096113714376732773e+01 8.371385695437593810e+00
1.538369963115744454e+01 1.225305661847669469e+01 9.301656725878361343e+00
1.541832184819576845e+01 1.226523777016294936e+01 9.342836349627408055e+00
1.374415559599983361e+01 1.090781500840967411e+01 8.361900788060463441e+00
1.463929024049569350e+01 1.162273133480619869e+01 8.900614308259099161e+00
1.414863754448655797e+01 1.127619338957264716e+01 8.545841503691297802e+00
1.481195063636250175e+01 1.178983176126227939e+01 8.966256113627958158e+00
1.377768950419704552e+01 1.096263429738362838e+01 8.345380598623984625e+00
1.386825809573543111e+01 1.105548755522141846e+01 8.372859578798372837e+00
1.434019630343054885e+01 1.143432898496310557e+01 8.654325547641233740e+00
1.473201125366889208e+01 1.173470730348758018e+01 8.906671661159522912e+00
1.437529670492958900e+01 1.148848618602384519e+01 8.640824064190798737e+00
1.445694550060684769e+01 1.151947817405666186e+01 8.735267357382301867e+00
1.442492181777202020e+01 1.149831701836522058e+01 8.710170790174435851e+00
1.524570110350339291e+01 1.213998889035931228e+01 9.222368019078237111e+00
1.430202799838681926e+01 1.136842991887280085e+01 8.677949414828265873e+00
1.366662719985935937e+01 1.088509484339958888e+01 8.263861643936891710e+00
1.535848089377352998e+01 1.227643199498197468e+01 9.228876033244215904e+00
1.400372665460990085e+01 1.115177325894593707e+01 8.470083435131563476e+00
1.465426288825271683e+01 1.169694887142093265e+01 8.827729487098336492e+00
1.371242597057997514e+01 1.092154355145892630e+01 8.291592877862619559e+00
1.491084760809337517e+01 1.190681270604284236e+01 8.975588425000371018e+00
1.494697948733231208e+01 1.191344923509023879e+01 9.026733801196350271e+00
1.367206913707530802e+01 1.087731417820502244e+01 8.283085823386544533e+00
1.385818547362680953e+01 1.100915606549341597e+01 8.417112767870621681e+00
1.456768592738734647e+01 1.160689234417626992e+01 8.803267767692950940e+00
1.553862023645630153e+01 1.235589113830001118e+01 9.422349655541792046e+00
1.464060102779451178e+01 1.165354746320410584e+01 8.862394144806858165e+00
1.578083224662303685e+01 1.255874586565161621e+01 9.555761020349763157e+00
1.488882937011122820e+01 1.184331164722404672e+01 9.022926866544688451e+00
1.419984348093836957e+01 1.128886082895627929e+01 8.613778269006257204e+00
1.370365724440689092e+01 1.089907914428660440e+01 8.306641660669022542e+00
1.436401115269355522e+01 1.142905053773488611e+01 8.700667801991221140e+00
1.441641490675578829e+01 1.149684131256529618e+01 8.698026132256808651e+00
1.533943943289945011e+01 1.222464433643072290e+01 9.265876804888076634e+00
1.442252979980175809e+01 1.151552842113020603e+01 8.683430831665107874e+00
1.512195750299594188e+01 1.208638465934683204e+01 9.088063852588229352e+00
1.370810005298391943e+01 1.092468817352758492e+01 8.280289570649340902e+00
1.442315216223592955e+01 1.148533818613598356e+01 8.724352414081950613e+00
1.524792717589043178e+01 1.214618066562316834e+01 9.217894466704416701e+00
1.488363530865075113e+01 1.184706647791971612e+01 9.009418175923809002e+00
1.451101071755194205e+01 1.156486277019710407e+01 8.764894816905465902e+00
1.385332327099311556e+01 1.103335087391268488e+01 8.377334548874694420e+00
1.571969111815974252e+01 1.252655094988978135e+01 9.497063238189250356e+00
1.382482388368177517e+01 1.099644082929289723e+01 8.378785383495522154e+00
1.479729368681208790e+01 1.181381222100314154e+01 8.910316563436209591e+00
1.438320702794634443e+01 1.145160559204491868e+01 8.702722204747814772e+00
1.416051572604298059e+01 1.126575549841633439e+01 8.579216670385047649e+00
1.543890452079367392e+01 1.230176973939797591e+01 9.328785241445727294e+00
1.456911107701280805e+01 1.157026009290066604e+01 8.853704250592944192e+00
1.503845369514826302e+01 1.196778316965836098e+01 9.106440333366299100e+00
1.374130455438012355e+01 1.094579975009728479e+01 8.307401440101358503e+00
1.481292494490643641e+01 1.178036800415681995e+01 8.980293709565941640e+00
1.490528095810709175e+01 1.185899362410602542e+01 9.029488948081308308e+00
1.520956796785583798e+01 1.210347897110473170e+01 9.210686975728354042e+00
1.446849337302662875e+01 1.148601868737517151e+01 8.798220001715336025e+00
1.499175596802705179e+01 1.194421875056822202e+01 9.060264093471516844e+00
1.445743419831341114e+01 1.153533056673201074e+01 8.715133522487208850e+00
1.383951448471667867e+01 1.100223255193455962e+01 8.395417800552531062e+00
1.411839754901148503e+01 1.121419358922754839e+01 8.577354574416361288e+00
1.378794924128120769e+01 1.097606013054963547e+01 8.344677842236075449e+00
1.488228078365158247e+01 1.183273506870290959e+01 9.025999230962382214e+00
1.417203734561668860e+01 1.130928005878694620e+01 8.540891468545778409e+00
1.457603477022651539e+01 1.159296689559763216e+01 8.835378213773859457e+00
1.461979326147598179e+01 1.168433685150429469e+01 8.787185405400141036e+00
1.421630984051789781e+01 1.132863602745745801e+01 8.588682741782870167e+00
1.471890477089553428e+01 1.172379169852291092e+01 8.899374464777658034e+00
1.528757542727188223e+01 1.215297160569757828e+01 9.274440338674647677e+00
1.521504060213932519e+01 1.214108333120671368e+01 9.170144822708236276e+00
1.425658518850782208e+01 1.131556737485295905e+01 8.672263615823951000e+00
1.421721550043659832e+01 1.133000849629735640e+01 8.588371443974951447e+00
1.412765317021553990e+01 1.128059602652789195e+01 8.505218244359419089e+00
1.379700447156126586e+01 1.099745296966876928e+01 8.331468092011462545e+00
1.509540546725656185e+01 1.200723941243334281e+01 9.148632024154579767e+00
1.357118090656094012e+01 1.080386700464308625e+01 8.213002431790012992e+00
1.501847610047567727e+01 1.195297213798542479e+01 9.092913804117095822e+00
1.394353439278268070e+01 1.109729856245241386e+01 8.442281443928829177e+00
1.493751100550998601e+01 1.190073741304039068e+01 9.027828313918728753e+00
1.449717363437086171e+01 1.155550382140194188e+01 8.754334630265327988e+00
1.542523478372984691e+01 1.227476304278890495e+01 9.341737545905088425e+00
1.486512870049987001e+01 1.182696468407474200e+01 9.005273879459400277e+00
1.443176541259157375e+01 1.147796257522406371e+01 8.748270003025183428e+00
1.483839149622216702e+01 1.180717516596593519e+01 8.987128395397252945e+00
1.443509365504733921e+01 1.150823721234853814e+01 8.713920190953340139e+00
1.482104451191673888e+01 1.181379751503726538e+01 8.949723386670484615e+00
1.432536971749372867e+01 1.140114557643394200e+01 8.673528525798891664e+00
1.489278434922219496e+01 1.184286979495124470e+01 9.030031046030186914e+00
1.495076668045827439e+01 1.192130532720599234e+01 9.022632854606872144e+00
1.438973945006618393e+01 1.145968089564427572e+01 8.702891198377505688e+00
1.462013864464324975e+01 1.163086295905892342e+01 8.858412996478660872e+00
1.484339562106641175e+01 1.181070851405972988e+01 8.990748464917174942e+00
1.423117649390713702e+01 1.132870572345349736e+01 8.613176593576090667e+00
1.404356550719507446e+01 1.117280430759204535e+01 8.508241654956204769e+00
