Mf	af	A2220	phi2220	logL
9.31797721692082916434e+01	2.58658760508196361450e-01	6.96214533351589537347e+00	1.09288788542227877087e+00        8.909734e+04
8.95016287966306975932e+01	5.84025808009537628074e-01	6.87471998423229635478e+00	3.82038718902611851291e+00        8.941127e+04
9.19368286684884310489e+01	9.39096080048830939013e-01	6.95362887657744632719e+00	4.49645389527908179161e+00        8.942339e+04
8.14194600235803136457e+01	2.59688054796766709664e-01	5.53499870845060026880e+00	2.92642229395094410904e+00        8.953764e+04
5.85760835993015902545e+01	5.20131245081147053355e-01	5.92594901693377984486e+00	3.93461644344762584424e+00        8.962537e+04
7.84305997410161097605e+01	6.15253962101931062278e-01	6.09762168888730560212e+00	3.14301100910905883978e+00        8.969442e+04
5.87927440220069001953e+01	5.10106558572572144072e-01	6.27711465931107781557e+00	3.29685320607574761098e+00        8.990205e+04
7.71225170992671280601e+01	2.18677394690771464969e-01	6.64167613844872928297e+00	4.85603644005373880077e+00        8.991213e+04
7.25628536023956201007e+01	7.37026698745313901817e-01	5.86575028826494104806e+00	2.87857693060249797412e+00        9.038961e+04
8.40937288360751722394e+01	6.60671813250773398707e-01	4.50619955586046039286e+00	4.37880933178703024566e+00        9.042081e+04
7.36022609495381487932e+01	5.30184242224936208565e-01	4.32921250067559437724e+00	2.94399774686654636113e+00        9.045260e+04
8.43522097408413316089e+01	6.62719922520641491204e-01	4.18663207476606302748e+00	4.56983186735319257821e+00        9.059696e+04
8.14473808519754669533e+01	9.39191478861049922067e-01	6.94375416600550643409e+00	2.57009693496160940285e+00        9.062914e+04
6.31618773267852873232e+01	3.36055296682819859555e-01	3.03677046966046049192e+00	4.45791393325054485786e+00        9.073834e+04
6.45269113407664463011e+01	5.15881494472993917810e-01	2.56642524048872777698e+00	4.28747367064961082406e+00        9.080450e+04
9.75116895961355112377e+01	3.82811089558710515579e-01	2.50336736420820482607e+00	2.52569524021253855040e+00        9.081456e+04
9.09854374383308623919e+01	3.62746293612525194661e-01	2.89981060945604696144e+00	4.16419380237152569890e+00        9.093869e+04
9.83669424624232249244e+01	5.06669262004864728866e-01	6.66051906815117256144e+00	3.46056032417403763857e-02        9.094449e+04
6.89931703432987148972e+01	5.91140803712673079673e-01	2.11438961073873876728e+00	3.40903445262764348556e+00        9.096805e+04
5.28824279801622623154e+01	2.17887772075052887910e-01	1.95264025876797164827e+00	3.62146151214167844046e+00        9.096877e+04
7.09918875944165108649e+01	8.69779200374136252094e-01	2.24254970918280838177e+00	4.43464559978224581727e+00        9.102590e+04
9.59123288032294283312e+01	2.52916204239206521276e-01	4.48880392996040278319e+00	5.58115581198451415901e+00        9.103968e+04
9.90526289655576590576e+01	4.22819425087822275966e-01	1.82503824893522348383e+00	1.94104497400304443211e+00        9.109125e+04
6.23751754869421830563e+01	3.78003556335003487732e-01	6.77302117401132974805e+00	2.02635870806309048575e+00        9.109898e+04
9.85847812679604089681e+01	5.75095114172048949008e-01	1.71619674106622599474e+00	3.47326835941949196851e+00        9.110686e+04
5.65902181083174227183e+01	7.45535474817700882788e-01	3.04713280103670802745e+00	3.46843260761715610485e+00        9.111042e+04
9.65830574749849404270e+01	7.62501180270286793572e-01	4.84101635390223528077e+00	1.75044302460885425887e+00        9.111273e+04
8.41857319355827513618e+01	7.37397740386899425147e-01	6.18509494643528334734e+00	1.91086305393127986463e+00        9.111540e+04
5.23103317224101473926e+01	2.63649697757893541894e-01	5.38743319734570569324e+00	5.91702558403535139320e+00        9.115169e+04
6.60210384594028880656e+01	4.44484972247498666409e-01	1.89577454883570606370e+00	5.07484669105130237199e+00        9.118994e+04
7.51560831640748290283e+01	7.22180831193670158541e-01	3.64221722594877705959e+00	2.41157160075355081474e+00        9.119600e+04
7.45991555746300321061e+01	5.01851289370416786539e-01	6.44737496913034036083e+00	1.66302184025152932634e+00        9.120758e+04
6.83108985177546941259e+01	4.93814813922085482645e-01	9.53743992186025679736e-01	3.18718952861998960913e+00        9.124350e+04
5.87510656531376653788e+01	3.48842504581254153617e-01	2.32686258000366708032e+00	5.47035930851217422344e+00        9.124368e+04
8.69527139816904366398e+01	7.32481348933122333733e-01	9.92593583692755632164e-01	4.44061241594329647597e+00        9.125539e+04
6.74687712587892036709e+01	8.07913255366114690936e-01	6.62917040221116149468e+00	2.20412979471467762593e+00        9.126398e+04
9.56422379954864680940e+01	5.87034881236243255564e-01	5.61995710726477515351e+00	6.24367488457381103473e+00        9.126824e+04
8.08097288204042030202e+01	6.42833645573079315305e-01	1.03303645195315985106e+00	4.74443244977010003538e+00        9.127358e+04
6.65475691507905366961e+01	3.92646115800508899163e-01	1.48888604466124596648e+00	2.54586963428898993556e+00        9.128148e+04
7.26632013814452903944e+01	2.95781247903209532080e-01	1.63069853645810680653e+00	4.98004873620873578233e+00        9.128963e+04
8.14935104465924382566e+01	4.93359995057422950904e-01	3.79173629596416006393e+00	5.74494921979245898314e+00        9.128991e+04
8.95887182957969230301e+01	3.08368623037893252459e-01	8.87730802321041623237e-01	1.52917851576844543438e+00        9.135143e+04
8.48272781987678996529e+01	3.62704366835494951271e-01	2.69929770506991906220e-01	2.99365810140344734691e+00        9.135237e+04
9.85196122335925963398e+01	9.30340567991797651182e-01	2.41347804714909741630e-01	5.32407948958413435037e+00        9.137537e+04
7.99614660538102697274e+01	8.01485931090555658862e-01	8.81607254181551169836e-02	4.19262431269406832257e+00        9.137707e+04
8.83508364822945964079e+01	2.25909651086244500640e-01	1.54786314107552658292e+00	9.42357957852856031877e-01        9.139613e+04
9.89596570496924812232e+01	3.45030657472067514568e-01	1.79771613287510512169e-01	4.57352816932499894875e+00        9.140038e+04
5.84391361807260736327e+01	9.15391198481613765914e-01	5.80171488609252072877e+00	2.48300819811917516944e+00        9.140229e+04
9.69678637825471554379e+01	9.25124116344583802274e-01	1.51589401326185146957e+00	5.89248231970394709123e+00        9.140924e+04
6.59049855369639487890e+01	8.22103912424578253670e-01	8.88250549976792758144e-01	2.45741810292766738044e+00        9.142209e+04
5.54040722234085905029e+01	6.36336657605529265602e-01	1.62409989365015139384e+00	2.58280040090077900317e+00        9.142695e+04
7.24759479678697573490e+01	5.86860788720540593744e-01	1.46462286210255188124e+00	5.83516436302278140857e+00        9.143430e+04
7.79736188365286011503e+01	5.31045941255430031802e-01	1.05337525029205947291e+00	5.64990053464022867757e+00        9.143449e+04
5.95708328735339591731e+01	4.08495709667888617922e-01	5.37329878940483673944e-01	1.98274058208416104065e+00        9.144460e+04
8.88012536010280228993e+01	4.69682812863037868478e-01	4.71460305860019879276e+00	8.20906453798047053283e-02        9.145144e+04
8.60833646804230454563e+01	6.22966660258171600617e-01	5.13127589989101795531e-01	1.08946598441037045824e+00        9.146246e+04
5.84244451577804042586e+01	2.91972848480682278804e-01	2.41612730804751052460e+00	2.05199452491315437186e+00        9.147553e+04
7.67011139689666094910e+01	4.34745596335089079520e-01	1.08956070269640337145e+00	1.44573575230524498103e+00        9.147967e+04
5.20796118179277272020e+01	7.29016101057145426978e-01	1.59172576913252927788e+00	6.81452538605115676340e-01        9.148175e+04
8.05997415400915571126e+01	9.26685078183493216031e-01	9.87258133978963225985e-01	1.77766729984652260832e+00        9.148393e+04
7.40889007503433418833e+01	4.04259932819176492913e-01	1.33221819846766376116e+00	5.94426675052271757949e+00        9.149069e+04
8.88026687499071414322e+01	3.31190769244526617143e-01	3.43705628369099747133e+00	4.30782359135001291506e-01        9.149323e+04
7.05702136560910275875e+01	9.06254340015213100124e-01	6.53139194795357980183e+00	1.88828703993046032039e+00        9.149479e+04
9.10187813975725532600e+01	7.75143930926573299089e-01	8.93078439907406096410e-01	1.19637633646858576597e+00        9.150017e+04
6.31373702504128857527e+01	3.64971068366629403101e-01	2.08655835039751247351e+00	1.89268858569704434558e+00        9.150415e+04
5.76076356763772992053e+01	2.65910910307643577610e-01	1.53228757632738599170e+00	6.09463766592302391700e+00        9.150521e+04
9.46575715415943506059e+01	3.75209544868384980987e-01	1.12745722802776482396e+00	5.88818400079675097203e+00        9.150760e+04
5.24425501140820173873e+01	8.58396602142739051367e-01	5.02793204018169870295e+00	1.70507344027913410045e+00        9.151221e+04
5.07755365893939014654e+01	3.42708298087690321765e-01	6.51489721447944702959e-01	8.61648861150025036082e-01        9.151262e+04
8.17114653303765408054e+01	8.95456570576664279137e-01	7.94984963428293056609e-01	1.36989800901885505624e+00        9.151535e+04
9.54644302327844656020e+01	7.58997247073264547090e-01	6.45821330886683586670e+00	6.18518080003168879699e-01        9.152575e+04
7.52746461398126456288e+01	6.46471522154349331757e-01	2.65430628671300672394e+00	6.15610060259764590995e+00        9.152685e+04
6.17459986873154846876e+01	4.90080132512004329470e-01	1.86823889439438506344e+00	1.91255259178047132274e+00        9.153825e+04
6.20074359119503952797e+01	4.49279948279405594302e-01	3.07870697481483901470e+00	1.94636814602226793092e+00        9.153960e+04
6.92003928967399701833e+01	4.58567219784385082804e-01	3.84871217980330593278e+00	4.13656558535772100882e-02        9.155215e+04
6.52302396907605981369e+01	8.10462874307367298066e-01	2.76873941411572266347e+00	1.88488608050158434892e-01        9.155651e+04
6.84008176015382929336e+01	2.67286195631788681126e-01	1.59599884322783269752e+00	6.25490431746957487036e+00        9.155722e+04
7.97828780468041003360e+01	7.57060521983574430394e-01	1.86829587861864165887e+00	1.70875090812012331298e+00        9.155966e+04
8.84950243569806929145e+01	7.79060169226006848930e-01	2.79827246131331541790e+00	9.32028572771519819851e-02        9.156009e+04
7.37790031482720252143e+01	4.46486568244868042843e-01	1.77813724521070626317e+00	1.33876383023908318570e+00        9.156148e+04
5.05480196185958021715e+01	7.13765583325563390815e-01	4.26191004530004846629e+00	9.62083947011882933964e-01        9.156229e+04
8.89511767735551188707e+01	8.92702378383574024490e-01	1.39702630161322138846e+00	1.54241647451026908655e+00        9.156350e+04
7.43806091926494161726e+01	2.04203459990818264602e-01	3.06201288610192712270e+00	9.36838158310038804366e-01        9.156626e+04
5.36746462111759825575e+01	7.15266586423595529531e-01	3.13532669244968875688e+00	2.29340253376548464104e+00        9.156643e+04
9.12205239621719528031e+01	9.19442621453363750916e-01	2.27647383279216164453e+00	1.78121182443020686925e+00        9.157210e+04
6.47071136793713748148e+01	6.41759309700868141313e-01	2.85322903214477996414e+00	1.93772318494770168229e+00        9.157635e+04
6.90270793110899916201e+01	3.36396116137779810362e-01	3.39318681959076640098e+00	5.07515998800389667167e-02        9.158633e+04
6.38368020997190157573e+01	7.82520204777050754075e-01	2.58418313924553233463e+00	3.05319017388712143912e-01        9.158746e+04
9.34916599215790284916e+01	7.15640325630168772086e-01	5.54001059147791607984e+00	4.50995665472676998675e-01        9.159388e+04
7.67998093239577030999e+01	9.19709199061097049110e-01	1.76635059944761918516e+00	1.04701130937037234503e+00        9.159868e+04
5.82659093601173694310e+01	5.56808997543601802427e-01	2.11211306996879777387e+00	2.82927284658731181821e-01        9.160615e+04
5.90977856568162565054e+01	5.37988338098154716960e-01	2.38631743382682826038e+00	1.84651620005998862162e+00        9.160617e+04
6.22268059836247005023e+01	3.14825402454239344774e-01	2.87944660871657154289e+00	4.99260578956937095541e-02        9.160818e+04
7.66003438177790343389e+01	9.03872988495192264402e-01	5.33301609479046856421e+00	1.66438088073540435552e+00        9.161826e+04
6.26831648259818479119e+01	4.80712196898499088960e-01	3.49896889218278683842e+00	1.79286488336620308814e+00        9.162311e+04
7.41048016086126608570e+01	4.86565776089612433974e-01	5.06837919704349282313e+00	1.25884774885399597366e+00        9.163339e+04
5.90406575548253371721e+01	7.57535052378146334107e-01	4.78875641609473845506e+00	1.91266370248908890161e+00        9.163536e+04
9.58121739550314401868e+01	7.71263718751263871454e-01	4.35349442486102322647e+00	6.96835887207673643218e-01        9.163989e+04
5.63763362072975695582e+01	6.43827685950285610872e-01	3.92290382250856239921e+00	1.90954182757760082545e+00        9.164191e+04
6.23322134350972447692e+01	7.37290228791215973558e-01	2.18022069328252232623e+00	1.47109460537770608823e+00        9.164688e+04
8.76289064014271161795e+01	9.51026436443441758328e-01	1.94486837702791381943e+00	9.60042686796554245454e-01        9.164768e+04
5.98317295736909784409e+01	2.96157066621275222307e-01	1.54199569142517445286e+00	8.04768611822339163808e-01        9.165061e+04
9.62310159713122175162e+01	8.30622590930944704191e-01	2.64617212266865475812e+00	7.37169425933041910781e-01        9.165412e+04
5.40904104074255585033e+01	7.69851602677845803235e-01	3.92909656048404043460e+00	1.48550260462077976520e+00        9.165889e+04
6.91335014286706552866e+01	6.51288167578853771644e-01	3.93489189659707472302e+00	2.17854357032378875836e-01        9.165980e+04
6.97879304895017327226e+01	6.17925949755444237077e-01	2.15360892661928948755e+00	4.45393469510850403825e-01        9.166329e+04
5.93127595696198497421e+01	5.49387165562169377253e-01	4.39383968171573524586e+00	2.64541475487931165844e-01        9.166456e+04
6.74814499827043192681e+01	5.57789395858756198443e-01	6.90606928509185280518e+00	7.51069448707553211086e-01        9.166656e+04
6.59789289843558179882e+01	3.70806425098293646059e-01	6.38089103047688777082e+00	7.74896107198161931962e-01        9.167049e+04
5.10962400451576002069e+01	6.33721302642510697645e-01	2.82236720349565839427e+00	1.61798147227052990793e+00        9.167120e+04
7.61397275734416609794e+01	5.10649986115309317825e-01	3.39844617505262069912e+00	1.15649745328593223093e+00        9.167460e+04
9.69654160567490919220e+01	8.23702806954152655372e-01	2.91519238139703240620e+00	8.08114995547663195197e-01        9.167906e+04
7.25060766022692746446e+01	8.65385924950480278639e-01	5.64458503564148195153e+00	1.55189838551212444528e+00        9.167994e+04
9.17721077800353697285e+01	9.41870009266162599992e-01	2.29727766248405540495e+00	1.25781578624052681192e+00        9.168442e+04
7.24861125581610252766e+01	8.64733238263441061910e-01	4.48058970013269952659e+00	3.80715351373954791203e-01        9.169077e+04
5.71881510242210850947e+01	5.49288063270223392287e-01	2.50744113009773395007e+00	5.91322313616557626581e-01        9.169217e+04
5.95511690403168145735e+01	6.55861973274702081405e-01	3.28925470025874400193e+00	1.62665493792686843832e+00        9.170006e+04
6.06539169498848309559e+01	4.68210277396948315598e-01	3.36340125749310114855e+00	3.55768458055038372390e-01        9.170277e+04
6.39057039398254289608e+01	4.46783819779086821544e-01	2.71666115728148627184e+00	1.42620157061899721640e+00        9.170377e+04
8.39671904697759288183e+01	9.40362582610449582177e-01	2.77045053014533859681e+00	9.98933815797787394430e-01        9.170426e+04
6.89940411713273960004e+01	8.86101610249294902033e-01	6.40363884450365539180e+00	1.21214348472403798951e+00        9.170556e+04
6.76610651577173456417e+01	4.95442098081108006635e-01	2.87704177891792589605e+00	5.66617633946448595594e-01        9.171633e+04
5.45397756997504217225e+01	4.75654338496842576944e-01	3.10253818199280306800e+00	5.68497791349013237294e-01        9.171928e+04
5.90731870691401468321e+01	4.18377238225551950634e-01	3.29643209908957945942e+00	4.27474704104589875442e-01        9.172331e+04
8.87315413766506395632e+01	8.94424505886310172720e-01	2.55711674317868187245e+00	1.03687528566970188493e+00        9.172927e+04
6.45697850870718639271e+01	7.82978838196605519961e-01	3.44489102292747872980e+00	1.33436682297852504675e+00        9.173375e+04
7.43542440385380984935e+01	5.86112953134753422724e-01	4.81353499395016282136e+00	7.32097574841569675996e-01        9.173595e+04
5.87077297092892322894e+01	5.88388786391660478792e-01	2.68629049762575355942e+00	1.26363554852408754847e+00        9.173655e+04
5.50131093073814412264e+01	5.42402951951591494328e-01	2.77336318237326429070e+00	1.06019883699013517386e+00        9.173924e+04
5.39242658185697081308e+01	4.07724741886800412516e-01	2.59257696899429568305e+00	8.44117288631532236565e-01        9.174161e+04
6.09455072807915811950e+01	7.59531992714384318610e-01	5.85389459203155304579e+00	8.60947763680065425440e-01        9.174208e+04
7.03045744734162809664e+01	8.46315800586135758010e-01	6.95618235989056277191e+00	1.14365074491298002179e+00        9.174638e+04
7.01153471882124250669e+01	7.21290802977422873532e-01	4.59156101931849391917e+00	1.56479808496328853806e+00        9.174652e+04
5.15501323258650501202e+01	3.95337364734273943867e-01	5.36015940988233108300e+00	1.63209165778678810810e+00        9.174661e+04
6.81684217964743055518e+01	7.48369157527837058907e-01	6.95195599182689871753e+00	1.36544160780871171035e+00        9.174701e+04
6.57405929783624287666e+01	4.48032942835935144021e-01	3.09148146261928991052e+00	6.16647266602276866720e-01        9.175060e+04
6.86571980263104251208e+01	6.38755325553724384591e-01	2.57264979277565908333e+00	1.00803385929961075718e+00        9.175153e+04
5.34885159313123565994e+01	6.22604887305617804572e-01	4.17957217415139936634e+00	1.11808726651979384314e+00        9.175162e+04
7.47786844097225866790e+01	6.94751190837287202484e-01	3.64259318387030406328e+00	1.36227729311718670502e+00        9.175193e+04
7.53942962180487938895e+01	6.21620925774218124893e-01	3.02819675726579173869e+00	7.77349626820184269604e-01        9.175309e+04
6.42115485173632549731e+01	7.56526789261807275366e-01	3.57039550202591859929e+00	7.63600304550323238928e-01        9.175333e+04
8.30614093870709382372e+01	8.78051451879869326866e-01	2.75361431375075405015e+00	9.23676860631437279814e-01        9.175483e+04
5.94614685727201504051e+01	2.34919982807672900194e-01	3.64501243371023786466e+00	1.33315124802461371090e+00        9.175638e+04
5.05131417495079944047e+01	2.75306449543538445113e-01	3.98695880226850540851e+00	5.99802201178136762394e-01        9.175802e+04
5.81905181407007390249e+01	7.09869086877632837762e-01	5.63403303139605160510e+00	1.29966680400991729805e+00        9.176282e+04
6.94491378335175539860e+01	7.61471459126228600311e-01	4.48674461181756090156e+00	1.51140379116516099245e+00        9.176348e+04
6.57546973033806665399e+01	3.43760496442869212252e-01	4.28195931165004317620e+00	6.42039897632416867168e-01        9.176384e+04
7.27643296805429002916e+01	8.15967800047122215901e-01	6.47903342160071282763e+00	6.72762179371991120291e-01        9.176390e+04
7.73920960876715184895e+01	9.00155128328712028640e-01	3.99268469445382034877e+00	7.10295552618632752839e-01        9.176501e+04
5.97081712102786141827e+01	2.49336657696837549203e-01	2.96723038542575290322e+00	1.09416833001247315593e+00        9.176771e+04
7.66722678922858307260e+01	8.07105975690221133512e-01	3.05230346080715086998e+00	7.50132681306717508107e-01        9.177017e+04
7.14362738486358210821e+01	7.79304628233850382735e-01	4.29762322420145093105e+00	1.47057275455918889939e+00        9.177180e+04
6.41888733105336655171e+01	7.06943111993011075178e-01	3.15525432554542994978e+00	1.17077791949016729589e+00        9.177316e+04
6.86309917305185734904e+01	5.12588720628454730388e-01	5.46970151389410652598e+00	8.58979745977323405626e-01        9.177555e+04
7.91963745928376710026e+01	9.00867878094243068610e-01	3.55468092760203502323e+00	8.71797633505145608268e-01        9.177634e+04
6.39265859438897763312e+01	3.21889197135408589023e-01	3.69579600537475982946e+00	1.10933277917247230526e+00        9.177849e+04
5.30055925919293642323e+01	3.39060170383563896923e-01	4.99532927290887585059e+00	1.55536858195636629176e+00        9.177868e+04
7.28333451762064072454e+01	6.65438362665613736269e-01	3.06669272014782645641e+00	8.85064615152742595328e-01        9.177912e+04
7.17987075035604220830e+01	8.23621198137269860950e-01	3.38023605018222461638e+00	8.52669097958243749069e-01        9.177956e+04
5.69889591561527097952e+01	2.94354551795930841074e-01	3.48387784309847203801e+00	1.37383072271390682673e+00        9.178086e+04
5.12733133600801807006e+01	2.51371267476084958581e-01	3.32063175053295367434e+00	1.41351450937969946864e+00        9.178099e+04
7.58040099720509203962e+01	8.05126050659973002688e-01	3.65394868858623889096e+00	1.33840875514666191037e+00        9.178295e+04
8.26518779035014006240e+01	8.26271048326623680502e-01	6.14076437668881958132e+00	9.97544061816538318865e-01        9.178531e+04
7.49378726027624679773e+01	8.47823815829477411832e-01	4.40873425924958084465e+00	6.08767106859383400064e-01        9.178740e+04
5.45383512270268653310e+01	2.62657270486675420429e-01	3.07864655170418854979e+00	1.24108093875518110671e+00        9.178755e+04
8.21966271331951645607e+01	7.80179512131570329636e-01	4.31909558735852883160e+00	9.00938957934514728088e-01        9.178988e+04
5.36830392575252801635e+01	4.98779664959333735030e-01	5.44599796800555502330e+00	1.41442553280696103890e+00        9.179024e+04
7.21027559893183678241e+01	7.33692100214726639074e-01	4.00992316310604746121e+00	6.16711661800870891703e-01        9.179294e+04
7.97038513910378867422e+01	8.45718366915604868872e-01	3.29656226431539023380e+00	9.85276916639058253367e-01        9.179652e+04
5.48827498070125301410e+01	2.84444937155174548682e-01	4.47236692820055026232e+00	6.91784256526491558859e-01        9.179763e+04
5.10825036595090367086e+01	3.91010930597955941312e-01	3.60413779455288807441e+00	1.24041856264936734000e+00        9.179835e+04
5.64247283508818284758e+01	2.61450191778830776101e-01	4.70449978599539964108e+00	7.27583008845417378296e-01        9.179892e+04
8.98409373152718728761e+01	8.93134375073802666556e-01	4.24835906767351101365e+00	9.08886434143954202725e-01        9.179968e+04
5.76251316445473946715e+01	4.28092687936231286461e-01	3.31048264918372092680e+00	1.22775893328330809595e+00        9.179987e+04
6.75237128196264535518e+01	7.60020723403395770390e-01	6.67517440258285077448e+00	9.76412394972965835827e-01        9.179993e+04
5.99483502837930473106e+01	3.34210645429177943821e-01	3.95034383736736982584e+00	1.26992132152013992297e+00        9.180295e+04
8.58622389316313672225e+01	8.85997167147496988981e-01	3.64142812725093900639e+00	9.16664260048201562370e-01        9.180360e+04
7.22254628620791123694e+01	6.95751160707793303573e-01	4.84087843011090157574e+00	1.34003351002037329742e+00        9.180411e+04
6.75364609778247455552e+01	5.35417360752681315006e-01	3.52881113137727009388e+00	8.26875928621550460029e-01        9.180470e+04
8.88504455860684458912e+01	9.19944345834388443883e-01	5.09563780909839181277e+00	8.25963018088231692992e-01        9.180548e+04
5.23019652845537592611e+01	2.39094100426493871847e-01	5.56566927959939050652e+00	9.16043131769021190536e-01        9.180863e+04
8.32156134788197476837e+01	8.46823652293856254936e-01	3.74270203200858553316e+00	9.90564778424346314978e-01        9.180879e+04
7.26205020333408128863e+01	8.36911662401497724595e-01	5.76209648237482774391e+00	7.86468472575645560774e-01        9.180938e+04
7.26205020333408128863e+01	8.36911662401497724595e-01	5.76209648237482774391e+00	7.86468472575645560774e-01        9.180938e+04
7.07521450016043331743e+01	6.26571031481575335675e-01	3.59599980147930153862e+00	8.42745316560108981285e-01        9.180952e+04
5.21159597722116672003e+01	3.46186984003139741617e-01	3.46433669868754634535e+00	1.02614730754172844840e+00        9.180991e+04
7.55033329036464806450e+01	6.89109703288609432015e-01	4.49522116825673823115e+00	8.28472036237354325650e-01        9.181239e+04
6.94505075180700401916e+01	7.77442741516381818911e-01	4.28009217140892417319e+00	7.52928005228397090320e-01        9.181392e+04
5.92294545343879406119e+01	2.98640732946510112367e-01	5.30049778094773227366e+00	1.01049798552592062784e+00        9.181824e+04
7.66321047963569554895e+01	8.38491551774351306925e-01	6.15746760394701553309e+00	9.08135824658129364728e-01        9.181911e+04
5.44172703278767144752e+01	2.37194532118640333263e-01	5.76793407305096472726e+00	1.17001883509469672973e+00        9.181948e+04
8.45457568790040596696e+01	9.05668962557971579663e-01	4.38337582233610856264e+00	1.07948749337111071789e+00        9.182017e+04
7.87309085298928010843e+01	8.16643252494023363930e-01	5.83977699821945073211e+00	8.74690769356330166673e-01        9.182089e+04
5.73655851513152796883e+01	3.10995015712522582252e-01	5.75581304185585374000e+00	1.14747968049198134644e+00        9.182186e+04
6.12326276733718160017e+01	3.87078998759640469096e-01	3.80399891977204962501e+00	9.15674990262874688440e-01        9.182257e+04
6.85668652522846713282e+01	6.31846247631785540300e-01	3.85783792148667625810e+00	1.16528448988412391962e+00        9.182279e+04
5.19708793347938851070e+01	3.90967405737773721075e-01	5.30634392161972723301e+00	1.20122467475082173038e+00        9.182375e+04
8.36053346260448080329e+01	8.80492942248871868216e-01	5.50237025475793473106e+00	1.11757635025940804674e+00        9.182434e+04
6.19903016682892058498e+01	5.86838742719877459741e-01	4.16369292177680971889e+00	7.97475801687503205173e-01        9.182481e+04
5.89860853578755524040e+01	3.85292826112790143256e-01	3.85299833487036025303e+00	1.20817922526032406338e+00        9.182537e+04
6.45297967221252690706e+01	4.52689939548556463667e-01	5.04673770580149572140e+00	9.42434352003125863639e-01        9.182552e+04
5.94320522644266375778e+01	3.09920130344373767617e-01	4.16430310878052800660e+00	8.71790532357411107611e-01        9.182618e+04
5.42116968329843729180e+01	2.98300647557125653275e-01	5.68635158821808950336e+00	1.06133952751055238295e+00        9.182668e+04
5.42948303650189245673e+01	3.27482220607487439779e-01	5.60046711217639270330e+00	1.25859569390228442920e+00        9.182730e+04
6.00377096567201959942e+01	3.18970621003062060339e-01	4.01638910618796352026e+00	9.61867351618621024834e-01        9.182734e+04
5.57721136460722277661e+01	3.16891335702043974720e-01	5.50664543144686824405e+00	9.73059225001172589664e-01        9.182772e+04
5.92513736368889993855e+01	6.03658320869212783322e-01	5.67642530007574031004e+00	1.00354551173661876717e+00        9.182794e+04
6.34572787056258675875e+01	6.78849412455370559982e-01	5.61141675520946403566e+00	8.81453074295842853303e-01        9.182874e+04
5.81951177779869439632e+01	4.36314773468296612791e-01	5.64365165143615765686e+00	1.27833045566608682897e+00        9.182879e+04
6.98918454477819750537e+01	6.98467436004190367349e-01	3.84737073473472435126e+00	8.83376490953651782867e-01        9.182881e+04
5.86752138031766108384e+01	4.64064070942705297895e-01	5.82099802805337329659e+00	1.21434539382978479161e+00        9.183164e+04
8.28259153515933235212e+01	8.86760641610178312888e-01	4.95638546497320309214e+00	1.04701308817746063795e+00        9.183189e+04
6.11860752314646205718e+01	4.30175739191880068812e-01	4.40929402663778535754e+00	8.51535750310849604006e-01        9.183227e+04
7.88222247522353285376e+01	8.73118100399233876274e-01	4.58271686614646700519e+00	1.05482157551663768835e+00        9.183229e+04
6.39389676022413340206e+01	4.55817583191987396596e-01	4.47828706383504027144e+00	1.05916193788224788364e+00        9.183286e+04
7.88950890321776370229e+01	8.65642799310397892398e-01	5.01762043423480985638e+00	1.11984725306390275890e+00        9.183367e+04
7.91749792436915384997e+01	8.51663063943411180468e-01	5.51145188848737443976e+00	8.64829310757517899511e-01        9.183396e+04
7.82115367706847308682e+01	8.09928805380681349213e-01	4.35500549585499463490e+00	1.12027135774355524056e+00        9.183519e+04
5.83772464824171919417e+01	4.05461536572662206712e-01	5.21636269496390525546e+00	9.15907392678533716079e-01        9.183561e+04
5.84324465274242967894e+01	2.98589435165360350677e-01	4.95221328069462707333e+00	1.03927177036592288673e+00        9.183563e+04
7.76351130262111013280e+01	8.58685626772032639664e-01	5.44112294824589248776e+00	1.16145409809304167581e+00        9.183570e+04
5.54340246838211498925e+01	3.03795045033529609313e-01	5.19165692761543873246e+00	1.25966627536187480985e+00        9.183572e+04
6.00590854635450313026e+01	4.72908427541787301784e-01	4.10835522926272211919e+00	1.22479470297177828186e+00        9.183589e+04
5.45897767490022047809e+01	3.14540720426474074145e-01	4.39380609441150937755e+00	8.79591295864029953933e-01        9.183596e+04
7.22059128136029642064e+01	7.39884260402629223563e-01	4.35422335796503556793e+00	8.17877774617020492087e-01        9.183611e+04
8.32196865288620415413e+01	8.83439554055865938764e-01	4.94107347241397754090e+00	1.10045098304418109691e+00        9.183629e+04
5.79353953772027523428e+01	5.17704525528351999775e-01	4.57998114598098116090e+00	9.01704116371156327858e-01        9.183633e+04
6.51767161647842385719e+01	7.26450722919355640350e-01	4.79272556540450977991e+00	1.12408576649495639543e+00        9.183661e+04
6.52609978171841618177e+01	5.71406430337951798393e-01	4.05568517184487564720e+00	8.98822528948989840636e-01        9.183710e+04
7.31945002545052716414e+01	7.41311191666935931366e-01	5.91664846447853864930e+00	1.04428407283088997559e+00        9.183714e+04
5.97046818716680220973e+01	5.08576429497999416007e-01	4.05700763906992278862e+00	9.10775641956905523955e-01        9.183730e+04
7.41837626989201623928e+01	7.52191963551580911052e-01	4.85733271744668293479e+00	8.51963551922955142359e-01        9.183835e+04
5.32733926916734361612e+01	3.57678556674720815600e-01	4.69296996595333570923e+00	9.82652180266704422529e-01        9.183927e+04
6.51808295851992198777e+01	5.92557066100579898915e-01	4.10920800487561699299e+00	9.06140914376064920965e-01        9.183942e+04
5.13431347876669406105e+01	2.97574075251383629581e-01	4.57261829295478872126e+00	1.10496683076388091393e+00        9.183947e+04
5.46685067127432731127e+01	3.30671325177070429824e-01	5.15009762478859922652e+00	1.25282479067612517731e+00        9.183948e+04
5.64999495258246682283e+01	3.80898110061816452809e-01	4.26727749169637249338e+00	8.99686395290329565810e-01        9.183967e+04
6.10339514642647742448e+01	3.98002799041464183638e-01	4.60751852480065338113e+00	9.34395767638958152368e-01        9.183979e+04
6.02795521215764935619e+01	3.67727930288827054017e-01	4.41482377269206960335e+00	1.06646196083222721818e+00        9.183985e+04
5.96365935729181018132e+01	3.51775803126602726323e-01	4.18967226691936289740e+00	1.04544700770943133072e+00        9.184003e+04
5.66480859965329273109e+01	2.73196586242504813047e-01	4.74661571570851936741e+00	1.18204624345708264599e+00        9.184032e+04
5.48935813619856745049e+01	2.82263343448009740300e-01	3.98027503981927832655e+00	9.72743344269178522588e-01        9.184056e+04
6.87905736399517451218e+01	7.53721742814845940828e-01	4.65797515601227907212e+00	8.71547694797582095383e-01        9.184070e+04
5.61373784083889972862e+01	4.71294363147372108447e-01	4.35681144827805688635e+00	1.00960401131449062362e+00        9.184120e+04
6.03785107869044281870e+01	6.07978428348423749483e-01	5.21764344707249705380e+00	1.18039927495555563297e+00        9.184129e+04
6.23885526436192350275e+01	4.93608078098408453727e-01	4.08104076300126550336e+00	1.00491272081859484011e+00        9.184139e+04
7.59313522897835468939e+01	8.10464589987619499212e-01	4.25314377228273166054e+00	9.58342621151378137867e-01        9.184189e+04
6.26740572536251860924e+01	5.67792853215139392553e-01	4.38175561712897820854e+00	1.22314561454066650370e+00        9.184223e+04
8.02153472461025671691e+01	8.53339665457749196875e-01	4.83274189953366128947e+00	1.06711440330786788699e+00        9.184234e+04
7.63828373527099984130e+01	7.91416657354563679583e-01	5.04390698117526437017e+00	8.79459880954074235682e-01        9.184237e+04
6.26166798613955748465e+01	4.80182078620521146650e-01	5.27429968482385014283e+00	1.03555257921702903445e+00        9.184257e+04
6.60197869532731260733e+01	6.61206080108268978712e-01	4.06848916022955453542e+00	1.04719314805233754129e+00        9.184272e+04
7.10100773961990512362e+01	6.88701759257749568377e-01	4.31069780250561418455e+00	9.57394773428562606554e-01        9.184377e+04
5.28412002104182150219e+01	2.38043193513183870547e-01	5.00978538704458831177e+00	1.17443002270587837366e+00        9.184400e+04
6.22342826821154204708e+01	4.54730188371737509279e-01	4.69612058954580113834e+00	1.12242902770904473542e+00        9.184405e+04
5.91950673581612178964e+01	3.88061384381607643590e-01	5.19780702622163914839e+00	1.11967562982047619258e+00        9.184407e+04
6.73611112936515041838e+01	5.86083175329399796993e-01	4.88345011694405961578e+00	1.09066281342849169533e+00        9.184422e+04
6.54811342034312815485e+01	7.19964514920998666092e-01	4.98445418088507352650e+00	1.08340439049039138908e+00        9.184431e+04
7.99702939576110338749e+01	8.40821387041222223502e-01	5.25627473745060935784e+00	1.03962287195663782846e+00        9.184480e+04
6.42380520079732093564e+01	5.38984483448360585101e-01	4.36599458916793370378e+00	9.27780025112135864340e-01        9.184510e+04
5.36170001602289474363e+01	2.84279722082183716747e-01	4.85497129103225066871e+00	1.01199904118025996169e+00        9.184515e+04
6.98654303787529045167e+01	6.64155619291242338420e-01	5.29590345997923073185e+00	9.83406884173023243534e-01        9.184546e+04
6.64576996747774302321e+01	6.40566746063944925105e-01	5.22502547371078662763e+00	1.22418851574759912637e+00        9.184554e+04
6.48327864732039245155e+01	6.56488786270707502801e-01	5.74826953689948183523e+00	1.13106948495911785457e+00        9.184582e+04
6.45567372402530423869e+01	5.79332469333851629578e-01	4.75050769861465838062e+00	1.21273056875444007474e+00        9.184593e+04
6.92009466965684936213e+01	7.23794148759260624892e-01	5.83700573853101101207e+00	1.00196146211958492245e+00        9.184595e+04
5.74577090288048353273e+01	5.09005062971534139038e-01	4.57044657862873382470e+00	1.12352835306357934364e+00        9.184599e+04
6.22637379802141524010e+01	5.25319922752477630468e-01	4.25181431330336501162e+00	9.22105996266800342909e-01        9.184615e+04
6.16592374848465780701e+01	5.15742378028108405807e-01	4.70443956046484057509e+00	1.22281055148149242484e+00        9.184639e+04
5.83358747021011865286e+01	3.68134747944665718933e-01	4.35780153528371183569e+00	1.00412639931111669078e+00        9.184639e+04
7.12863657435193260881e+01	7.37961742926745878357e-01	5.24969385291073109556e+00	1.19637013373299549990e+00        9.184643e+04
6.81950499654031148111e+01	7.48081792559840308421e-01	4.64219110063461393167e+00	1.04716989272863991722e+00        9.184658e+04
5.38208042929532766152e+01	2.68301225117201946890e-01	4.83402472843210695430e+00	1.02854487716649467544e+00        9.184666e+04
5.66815155884125019270e+01	4.41435657137610348855e-01	4.98797900844708674839e+00	1.21084532834889513353e+00        9.184670e+04
6.45125895234154427271e+01	5.73318017620613185059e-01	4.54574530688112155019e+00	1.18146896642345877737e+00        9.184687e+04
5.32386690270759075361e+01	3.19418607301093504525e-01	4.72354504116111417744e+00	1.10851768044095688737e+00        9.184702e+04
5.61101340154363938950e+01	4.21804733403301823635e-01	4.66464117656505816711e+00	9.81962348277107044403e-01        9.184717e+04
5.89090345458254276423e+01	4.20428769971656679516e-01	5.10856217282329083673e+00	1.18381673936706999228e+00        9.184739e+04
5.38197940567670656264e+01	2.61606153727748313997e-01	4.92114877279582696445e+00	1.10968574234058348082e+00        9.184780e+04
6.62938575053453433839e+01	5.85773125050825349547e-01	5.16023854631757750155e+00	1.11571173087482455877e+00        9.184799e+04
6.66982908909673568587e+01	7.10439432111291901961e-01	5.33595314447832702598e+00	9.30399035644898009245e-01        9.184803e+04
5.91832651805946312606e+01	5.24948118143123809709e-01	4.38344405315477292362e+00	1.03307303139238215728e+00        9.184808e+04
6.77605551912320720476e+01	7.17397261900108329513e-01	4.39281080078334440486e+00	1.03211576361918289102e+00        9.184822e+04
6.65367651406602220732e+01	5.81881691570861780960e-01	5.03384948369661788803e+00	1.05968718640115477925e+00        9.184838e+04
6.77007083516033105752e+01	6.04806763629294308338e-01	4.73026370124611528212e+00	1.03437136543781860176e+00        9.184848e+04
6.55625588352215231680e+01	5.89043676336398425164e-01	4.55891484565472193680e+00	9.39387335176795179592e-01        9.184867e+04
6.79657959137335723199e+01	6.26443845179754932317e-01	5.20692573154854709827e+00	1.00633991378702791764e+00        9.184914e+04
5.54241501492128776363e+01	3.38871838750828491271e-01	4.40627023160867725693e+00	1.02457526358159523028e+00        9.184924e+04
6.37396060249362506056e+01	6.54168882505660964632e-01	5.12986774890124941351e+00	9.52596993162190597282e-01        9.184928e+04
6.19333018496157237109e+01	5.40635499473689717931e-01	4.98567531740608416158e+00	9.24840184369778439688e-01        9.184931e+04
6.48000299129826231592e+01	6.22441487312595964632e-01	4.75020808043606113102e+00	8.96930610876472189652e-01        9.184935e+04
5.53074264660002938854e+01	3.12321517965729822386e-01	4.52899680989245734253e+00	1.04088960269507935230e+00        9.184961e+04
5.93340616703006418220e+01	5.04967661990931793170e-01	4.35169534973538585376e+00	1.10074321661670282424e+00        9.184998e+04
5.74615264823149942686e+01	3.96265338340584694077e-01	4.41750821806246385393e+00	1.13602029736571763507e+00        9.185007e+04
5.73542287203587903832e+01	3.65356419436699830783e-01	4.84981911079569361078e+00	1.13267307173058018321e+00        9.185014e+04
5.58687242841367606161e+01	3.57537978493244645861e-01	4.79915110885465878710e+00	1.02856400334193742729e+00        9.185023e+04
5.65744034501346533261e+01	4.05696182093531809709e-01	4.39891011733795345151e+00	1.09301141489843867127e+00        9.185023e+04
7.65447176185091677780e+01	8.27571569947787022414e-01	5.09611580003260744576e+00	1.05147309473753569620e+00        9.185030e+04
5.96064667766204934196e+01	5.11438114898426054999e-01	5.14373016215765055392e+00	9.85460795102040543192e-01        9.185039e+04
5.94585129093264299627e+01	4.99337598925489456470e-01	5.31514165610826871955e+00	1.14448387687445629624e+00        9.185042e+04
5.91566799148298088085e+01	4.22314366923254747022e-01	4.86044033023296151441e+00	9.85487528799708578653e-01        9.185048e+04
6.97341242931593967569e+01	6.93085182533377031078e-01	4.51789428591508812616e+00	1.10616429075262789894e+00        9.185051e+04
6.55344127325433731812e+01	6.65583353802800870014e-01	5.65159576049930745256e+00	1.06152423218292923934e+00        9.185053e+04
5.56807110777002662871e+01	3.62671306606992205346e-01	4.94224976897241585760e+00	1.06713627404558808465e+00        9.185069e+04
6.92315122604604908929e+01	7.26883889725312593022e-01	4.50289411081553314631e+00	9.51342632431397827730e-01        9.185078e+04
6.38799032599358795892e+01	6.26453945075967300049e-01	5.49602776187797026353e+00	1.14022291508406903304e+00        9.185103e+04
6.63309389169717462664e+01	6.34247651848285798337e-01	5.50089639137296870786e+00	1.00859732930366785553e+00        9.185108e+04
6.77795881593742137738e+01	6.37936737710893209119e-01	4.82163923020750395665e+00	9.46206225611310514090e-01        9.185122e+04
5.97946561006693428908e+01	5.60242818742433756896e-01	4.84430379418827072868e+00	1.07074638546264089278e+00        9.185126e+04
7.12068992456335791985e+01	7.54918545328951862139e-01	5.48459524240633999881e+00	1.12413576924394131851e+00        9.185135e+04
7.02030584305602616269e+01	7.32135688537242979024e-01	5.58882793287705936791e+00	1.11060547800820663689e+00        9.185138e+04
6.57616252934602556479e+01	6.45251687498835546641e-01	4.36692083358371174739e+00	1.07176634365188361286e+00        9.185148e+04
6.03964777806559567352e+01	4.46652245336321529479e-01	4.53812585749557140247e+00	1.05914500112060783188e+00        9.185163e+04
5.52180382763294730353e+01	3.15092306880007777536e-01	4.84444632307665212778e+00	1.07446859507494774100e+00        9.185176e+04
6.01988784536298240369e+01	5.26683598711593647934e-01	4.51366319118042103042e+00	1.13162024673959149546e+00        9.185180e+04
6.52350342637966633674e+01	6.18442479984208759447e-01	5.29015014190969257157e+00	9.59545660318699589197e-01        9.185184e+04
6.40956532527982005831e+01	5.68727727715718445189e-01	5.25226989027969803914e+00	1.13427951971889062754e+00        9.185203e+04
5.52204181750025071551e+01	3.15726860092836514315e-01	4.71311355181037416884e+00	1.06839254977898456822e+00        9.185211e+04
6.25906495917053362632e+01	5.64798552362604344701e-01	5.23691381556940793729e+00	9.81833195136568193107e-01        9.185219e+04
6.55616998491773870228e+01	6.44688663288190855205e-01	4.55393411440561113324e+00	9.41295507438440148817e-01        9.185224e+04
6.09114942682261641949e+01	4.96504615985069674977e-01	4.49500683486431018565e+00	1.00315263014140976239e+00        9.185224e+04
5.78919620953273792452e+01	3.95381362595695839968e-01	4.63335599378620877076e+00	1.10232849731262616544e+00        9.185241e+04
6.74350582221274805761e+01	7.22958532834132139300e-01	5.07861730275853240357e+00	1.09950356115896852316e+00        9.185260e+04
6.55396195354157526936e+01	5.75742456183243156431e-01	4.84869801985598858352e+00	1.02479362218682656938e+00        9.185265e+04
6.85185493995518584143e+01	7.27281222309258734704e-01	4.75426112066940298462e+00	9.49465232365392264313e-01        9.185267e+04
6.13628106247265563411e+01	5.77121466824099815796e-01	5.29520824191437178285e+00	1.05255781060758391021e+00        9.185270e+04
6.02444430711937073397e+01	4.52625874204112987886e-01	4.98015332697230483916e+00	1.07057961943049217979e+00        9.185281e+04
6.99068243006151988084e+01	6.96773946621745188246e-01	5.39709748886229512266e+00	1.08103622963657874934e+00        9.185284e+04
6.39057591401516091878e+01	6.20065229725660471694e-01	5.48989239675170637156e+00	1.09717136994592245891e+00        9.185287e+04
6.02660923609498127007e+01	5.35678361934051494586e-01	4.89861400327621510087e+00	1.16317165701620806040e+00        9.185290e+04
5.86669709524746352258e+01	4.61086320525418980054e-01	4.83687058532580049786e+00	1.16817420075375966171e+00        9.185292e+04
5.69448641238222563743e+01	4.02031813717147579190e-01	4.59650123793793241589e+00	1.07872987273568909927e+00        9.185295e+04
6.21284178812035605688e+01	5.70096900798742090011e-01	4.61760414748951397712e+00	1.15063056957237352940e+00        9.185296e+04
6.46122937691003613736e+01	6.49968346030052712692e-01	5.46500569150844306421e+00	1.09531935119999213057e+00        9.185298e+04
7.46139195670695158924e+01	7.94980526870275649998e-01	5.27393639603210129252e+00	1.08263540437684024909e+00        9.185319e+04
7.26084481878418586120e+01	7.37430294802531971499e-01	4.79974196881789350044e+00	9.94123432173152243863e-01        9.185329e+04
6.93744933422356950814e+01	7.12578809179321148726e-01	4.48834771000951260334e+00	1.03460974349864454069e+00        9.185333e+04
6.42830770707745102754e+01	5.64815408000036378589e-01	5.07303253378575647048e+00	9.95101025533245753252e-01        9.185339e+04
6.86989026944975051947e+01	6.59752179537720029323e-01	5.15048229232474952255e+00	1.08512204160940362030e+00        9.185347e+04
5.71273607890824521860e+01	4.29740304665358396896e-01	4.71049922065705484187e+00	1.09744406720025278190e+00        9.185352e+04
5.95844491618362965824e+01	4.53661212124430557324e-01	4.58317061994817454007e+00	1.06825543280555068648e+00        9.185354e+04
6.31557485491304433367e+01	5.32238676772317176322e-01	4.62905163380753670310e+00	1.10232640081585153702e+00        9.185357e+04
6.00552350474758682708e+01	4.56245638230045491568e-01	4.66588720813408475152e+00	1.08802119102012206930e+00        9.185375e+04
7.24201818721806347412e+01	7.41681179785669497662e-01	5.28196549083342326014e+00	1.06077533301115578546e+00        9.185375e+04
6.74132022357103437571e+01	6.70335474060424707510e-01	5.02482946704866684229e+00	9.31052698817019352973e-01        9.185381e+04
6.39475863113715448094e+01	5.66656346425060464256e-01	4.68404792067194097882e+00	1.12512920609766897684e+00        9.185385e+04
5.91867752610004984604e+01	4.63515538968477525117e-01	4.55266958461942472525e+00	1.06030098658337390560e+00        9.185389e+04
6.99836761377822114127e+01	7.35364831936936691470e-01	4.84769648792755081246e+00	1.12352934230677514726e+00        9.185395e+04
6.96291703903920762286e+01	7.29046350360189276962e-01	5.55195744329861007316e+00	1.04062889935524749419e+00        9.185397e+04
6.68683949834186961425e+01	6.63894862548661035540e-01	4.48425298457030407917e+00	1.02588376609941711592e+00        9.185411e+04
7.23943655676041402103e+01	7.69111877852650338561e-01	5.43422107472919879712e+00	9.88434445344122947219e-01        9.185414e+04
6.07296201943318578742e+01	5.66765086777895055192e-01	4.76111505904289167290e+00	1.07722246514743713597e+00        9.185416e+04
6.66564255728525409950e+01	6.37267393146387473024e-01	5.34193981558140862376e+00	1.02058082223923318743e+00        9.185421e+04
6.57083487477388104026e+01	6.43717560042061709424e-01	5.00319145927033481769e+00	1.16176561381663812078e+00        9.185431e+04
6.52523710695685679184e+01	6.44138840166649573327e-01	4.67833399904495905730e+00	9.60242836769393814933e-01        9.185432e+04
7.38811752672995964986e+01	7.79712704589963334634e-01	5.06582627413288744123e+00	9.66011038317940107234e-01        9.185433e+04
6.38402297848843574002e+01	5.63790844211815800335e-01	5.10428475821050309236e+00	1.00477985958032967062e+00        9.185436e+04
6.55604531433292549991e+01	6.12432825107905642881e-01	4.71145726842724599237e+00	9.69167333119745011416e-01        9.185437e+04
6.26059637354156208744e+01	5.67266206108669068797e-01	4.68118123419808274122e+00	9.72383188875909021398e-01        9.185449e+04
6.73676209439608584262e+01	7.11767070661684320143e-01	5.37889483310485605472e+00	1.02779438362202957258e+00        9.185454e+04
5.98825243204752837300e+01	5.13691267732653944478e-01	5.03361095170675820754e+00	1.03405106272678359858e+00        9.185459e+04
6.75794400185694854599e+01	7.04007783963723210441e-01	5.01279356264667441678e+00	1.12903043854088158682e+00        9.185473e+04
6.53361435116145514712e+01	6.34854079571876450672e-01	4.91957532923379226020e+00	9.50187294018555284048e-01        9.185475e+04
6.54506489233764909841e+01	6.41093648922914205457e-01	5.09310258905672341712e+00	9.55898862092476764296e-01        9.185476e+04
6.45271444664790436718e+01	5.85381446812792138878e-01	4.55888861236164011359e+00	1.03564186825769444233e+00        9.185477e+04
6.55382655761851822263e+01	6.40252433621671723785e-01	5.26718895089557737066e+00	1.13825280358296998529e+00        9.185494e+04
6.41807401453099259925e+01	5.70773128279102759386e-01	4.71893923999562225902e+00	1.10192751673881184082e+00        9.185495e+04
6.77549587795291756720e+01	7.11876909519211120703e-01	4.85178533508938603092e+00	1.09730529086810824069e+00        9.185496e+04
6.74201820209222972835e+01	7.03687406435481332956e-01	5.14748707261190219242e+00	9.65734113303063357314e-01        9.185502e+04
6.51256928562395387416e+01	5.91459060707402173307e-01	4.64438870687549165694e+00	1.02081073760106244563e+00        9.185503e+04
6.42641830592651501775e+01	5.72560306778424288332e-01	5.13334514829827792681e+00	1.06824120896996799246e+00        9.185511e+04
7.33330452077457692894e+01	7.73798054592854001044e-01	5.18870415030071097107e+00	1.06378255928042952938e+00        9.185516e+04
7.05004001055613116478e+01	7.40902725699849273866e-01	4.73936381094706327133e+00	1.07560470716854750250e+00        9.185525e+04
6.74422301661189749211e+01	6.86349857726622825105e-01	4.62464553050098636788e+00	9.91550760289118371382e-01        9.185529e+04
6.62668854159550733129e+01	6.50604309986706597080e-01	4.93636844261153662217e+00	9.51490665861405737758e-01        9.185534e+04
7.01462704488409656278e+01	7.51468399767772798903e-01	4.84942539335284017454e+00	1.00407493431723549016e+00        9.185539e+04
7.04820345302308055579e+01	7.25169291534234705665e-01	4.92617101238840060518e+00	9.52331094688492418854e-01        9.185546e+04
6.52303695561507481671e+01	5.96465442543421597854e-01	5.09115164591065116895e+00	1.09237978742628816242e+00        9.185557e+04
6.17803811250384242726e+01	5.84065986707281270540e-01	4.98348684506962680274e+00	1.03946028354217134826e+00        9.185562e+04
6.64954025843250065009e+01	6.79842310311836284242e-01	5.36450941575305240150e+00	1.08597499058518542903e+00        9.185564e+04
6.87216333649989365995e+01	6.65185828670757262060e-01	5.02255993178034376712e+00	1.02439591717061206921e+00        9.185566e+04
6.24129757128136262168e+01	5.90268685465309528304e-01	4.93079887197961497236e+00	1.12491144474603599335e+00        9.185567e+04
6.25685204283886804433e+01	5.20724724981597275608e-01	4.82345304685450404492e+00	1.04621180705811633871e+00        9.185568e+04
6.55681650669496178807e+01	6.24483445976219186946e-01	5.32453705163892809793e+00	1.05741887274210388803e+00        9.185573e+04
7.10923373809044250038e+01	7.58108213695898980333e-01	5.14213594680024144168e+00	9.70321021373955261424e-01        9.185573e+04
6.62733293247378867363e+01	6.64567351827649144269e-01	4.77523221114544949017e+00	9.69627262402185330359e-01        9.185577e+04
6.94970768934241647230e+01	6.96625700748397025386e-01	5.29845632317816406243e+00	1.04676865621080228408e+00        9.185578e+04
6.49340478687342539388e+01	6.45718138678723518886e-01	5.34248175122223667444e+00	1.05296515333757723099e+00        9.185583e+04
6.41902376217406640535e+01	5.61948429439673491359e-01	4.85750997546973106722e+00	1.05492106531078233544e+00        9.185590e+04
6.39522654574644064951e+01	6.07793225323416064221e-01	5.21890944055106142940e+00	1.01375535476285549841e+00        9.185593e+04
6.71476763390617463756e+01	7.00302914853523694738e-01	5.08679024391943279682e+00	9.83499376635815325542e-01        9.185593e+04
7.00672009839901761552e+01	7.40651157593235631715e-01	5.08280768407735994430e+00	9.63669931660058542988e-01        9.185593e+04
6.45519951975674075584e+01	5.78807376924442729127e-01	4.99590724565771182597e+00	1.08502939872416059863e+00        9.185607e+04
6.57024182424190854590e+01	6.32271548575118136348e-01	5.29859319521802873965e+00	1.03054035842091162856e+00        9.185609e+04
6.46277806069468283567e+01	6.52463826949489233975e-01	4.90300623946498870254e+00	1.08576277935532461427e+00        9.185618e+04
6.24732813785137253149e+01	5.85656414017499460378e-01	5.16183210396898495276e+00	1.09873529126112190468e+00        9.185622e+04
7.08418707146638411132e+01	7.26623746872025910726e-01	5.15945773509211136343e+00	1.08750170894359721174e+00        9.185623e+04
6.74251490616716040449e+01	7.05776092429052481769e-01	5.25503839702122199640e+00	1.02645583666571837966e+00        9.185625e+04
6.25781006047126027170e+01	5.58564539864747966469e-01	4.92146941877057386705e+00	1.00201675146329205468e+00        9.185628e+04
6.04853518892440078503e+01	5.13691264151254656234e-01	4.94339878742684302182e+00	1.08928353139615685663e+00        9.185629e+04
6.34777670601836874198e+01	6.19177832764638225171e-01	4.85231500013286076722e+00	1.01553700359199106096e+00        9.185629e+04
6.74483172145866092251e+01	6.92755157881972505329e-01	5.35403715857560413838e+00	1.02250332680364341975e+00        9.185630e+04
6.54380137542072617407e+01	6.39362519447709720666e-01	5.06489461021179732114e+00	9.76640585713378750476e-01        9.185632e+04
6.05787679496339208640e+01	5.29264645437389047444e-01	4.93144846259404268096e+00	1.05942524045374941721e+00        9.185633e+04
7.13243820259294665220e+01	7.46245788435844548125e-01	5.25758310221349134395e+00	1.01203333244323445683e+00        9.185640e+04
6.61344372666900568447e+01	6.17571204906826709546e-01	4.81676571246038598417e+00	1.06963350677415069967e+00        9.185644e+04
7.08636155153690197039e+01	7.34341092608039036627e-01	5.14281152128152196923e+00	9.81172219129764711099e-01        9.185648e+04
6.35440399008183902652e+01	6.14993417081085680387e-01	5.04143920869254102968e+00	1.01139501399937548065e+00        9.185651e+04
6.94235075831265220359e+01	7.04930360409818046463e-01	5.30269956775514028635e+00	1.06508603162501991335e+00        9.185656e+04
6.53862849185629073645e+01	6.28794989739992593591e-01	4.62664620025777129086e+00	1.02897248333497493000e+00        9.185661e+04
6.99713224709755650110e+01	7.41760442488448190623e-01	4.91810206337580524405e+00	9.92520088986446613610e-01        9.185662e+04
6.81348760312830847852e+01	6.79626704275416382295e-01	4.75225042501331884637e+00	1.08348537832988434104e+00        9.185668e+04
6.66030823181299780344e+01	6.53639002282658920784e-01	4.98753110553581890940e+00	9.75211931485288507915e-01        9.185670e+04
6.39021027039998301689e+01	5.91470766312928275532e-01	4.81825441697234246874e+00	1.11216260635207087049e+00        9.185670e+04
6.64383220371572207341e+01	6.50739293441818356101e-01	4.63965242830501178872e+00	1.03981233721048793583e+00        9.185671e+04
6.83773068515790640731e+01	7.21572707885866693189e-01	5.15100121866009086347e+00	1.00819220336737114252e+00        9.185676e+04
6.79690161756107755764e+01	7.08258973861626728308e-01	5.26672382133081029565e+00	1.01734617278855021816e+00        9.185677e+04
6.83214491343640588639e+01	7.02018339753795128644e-01	4.71229826128432272014e+00	1.04265582445243265575e+00        9.185685e+04
6.77826810008457130152e+01	6.96905325454421076259e-01	4.79251450204379025877e+00	1.07937937692876539941e+00        9.185687e+04
6.32719776622420582157e+01	5.60398000877898261329e-01	4.91946290258082541413e+00	1.06329574041065799683e+00        9.185693e+04
6.33749247729493561110e+01	5.95648548576063641136e-01	5.09226127328786315474e+00	1.02330632242146912780e+00        9.185698e+04
6.65578849999039050545e+01	6.52772484913535344653e-01	5.24225810748431442221e+00	1.02074319846587657779e+00        9.185699e+04
6.73069752492015425105e+01	6.74656980363507519094e-01	4.93018541428318890496e+00	9.72727525276883109306e-01        9.185700e+04
6.26394286383057234957e+01	5.75537069701117953713e-01	4.98489305026964935053e+00	1.02259424272812293744e+00        9.185705e+04
6.31961771371424561039e+01	5.86771960658914126796e-01	5.08243944961562021945e+00	1.02573208753990341435e+00        9.185705e+04
6.98691580089009534049e+01	7.08720278285025484521e-01	4.98747977326719738045e+00	9.90394786079070721385e-01        9.185710e+04
6.98692352058193932862e+01	7.08722268943310806932e-01	4.98749410174474494539e+00	9.90395933963574615078e-01        9.185710e+04
6.88100444381527438509e+01	7.13696900809167922297e-01	5.23847443688763192426e+00	1.00128952711447483104e+00        9.185710e+04
6.98973070791599297991e+01	7.15640365381005838508e-01	4.93481654520946655396e+00	9.82114171350488840417e-01        9.185711e+04
6.68237558678046781324e+01	6.69187591961459715684e-01	5.08272571892855484776e+00	9.84079746514771813715e-01        9.185718e+04
6.39466912450543389923e+01	6.26218748543563741293e-01	5.09701644589941782471e+00	1.04169168593480332419e+00        9.185725e+04
6.33136908266725058070e+01	6.08323845587539713264e-01	4.99740311563926908889e+00	1.09165848463543957436e+00        9.185729e+04
6.44402937488148950251e+01	6.23908733229989076463e-01	5.09251799625040835195e+00	1.01387789857417121020e+00        9.185730e+04
6.87756956404554813389e+01	7.18288001059792735603e-01	5.20943007231737098550e+00	1.08452294332729692883e+00        9.185732e+04
6.53839165499579593188e+01	6.18202177265113839155e-01	4.78623153758643749001e+00	1.00752925134361404069e+00        9.185732e+04
6.35233540477495353116e+01	5.94645886012273416910e-01	4.81721455000027720672e+00	1.10156580873066478610e+00        9.185733e+04
6.28847018000000375082e+01	5.60189528090891175616e-01	4.91448683887594484077e+00	1.06164148027765614657e+00        9.185733e+04
7.00759258358743437611e+01	7.31107039602017394486e-01	5.22851091124866318438e+00	1.00906110874003362987e+00        9.185735e+04
6.28609811233748416726e+01	5.61259628497907780975e-01	4.81283957625733460617e+00	1.05101341581892571142e+00        9.185739e+04
7.08414299474762003683e+01	7.32692122571385717755e-01	5.15739421967927391677e+00	1.01539801542377228216e+00        9.185739e+04
6.49607439286958197044e+01	6.31663871011350241957e-01	4.79386089417718253003e+00	1.00927236262779285170e+00        9.185740e+04
6.95153494090145613882e+01	7.13384702641085666208e-01	5.23551775621331483279e+00	1.06209420063720982874e+00        9.185741e+04
6.93803379757758449387e+01	7.29582733233035685139e-01	5.17047411637816356489e+00	1.01268958933509023446e+00        9.185751e+04
6.43764716314016425258e+01	6.31409266362691345975e-01	4.90750717605249153763e+00	1.02282153788223362234e+00        9.185753e+04
6.37354020527437370447e+01	6.17231486690781760984e-01	4.87430286542576229891e+00	1.05950359403392524449e+00        9.185759e+04
6.54139386002948270971e+01	6.53751939620424771249e-01	5.19997789700142121205e+00	1.05503521132903155255e+00        9.185760e+04
6.62796240446050433093e+01	6.48486105523621625402e-01	4.78809183455406373042e+00	1.00810232841475588828e+00        9.185762e+04
6.70718514371019267628e+01	6.95155088115121055914e-01	5.00466985677508358066e+00	1.04978537821858619594e+00        9.185763e+04
6.68663475218886276252e+01	6.48557881497112798108e-01	5.09310507223076847083e+00	1.02313725100548813529e+00        9.185765e+04
6.45703697199245141292e+01	5.99319138916398874706e-01	4.78962132495231696083e+00	1.06538160631989220484e+00        9.185765e+04
6.62994012820299616351e+01	6.61118285265664962225e-01	5.11987419525987341729e+00	1.00407610999611796032e+00        9.185768e+04
6.56171268084973178247e+01	6.19591683632740974907e-01	4.99515520243894961538e+00	1.03486515623490071825e+00        9.185770e+04
6.97062138609473009865e+01	7.22447149153010004241e-01	5.25126941343675479601e+00	1.04135613767674284347e+00        9.185770e+04
6.90518516830288433539e+01	7.11319614889133755575e-01	5.25452413674732898841e+00	1.04821026501473824055e+00        9.185771e+04
7.09591429836498122086e+01	7.39198236132517783048e-01	5.13036187310891467206e+00	1.02399386869749919882e+00        9.185772e+04
6.50067915121485384589e+01	6.26812449320905407113e-01	4.91266141403921086095e+00	1.10223027831211162209e+00        9.185774e+04
7.07754091258715618551e+01	7.36652664102999454876e-01	4.91917793813665849001e+00	1.03850796027374836505e+00        9.185774e+04
6.33010822269157245046e+01	5.92435637865153408299e-01	5.01909487870675086185e+00	1.08807906412667310114e+00        9.185776e+04
6.82189457022718102053e+01	6.75023671609419118056e-01	4.99807432003853779889e+00	1.01674228333028504601e+00        9.185778e+04
6.42968417124504014737e+01	6.15740319695633364638e-01	5.13291244639660604321e+00	1.07922232124208128390e+00        9.185781e+04
6.79684808869889280913e+01	6.93002059281288884662e-01	5.00664954653588534228e+00	1.09279206658392524787e+00        9.185784e+04
6.56261886803335414697e+01	6.29753090737794840592e-01	4.81021608919182508401e+00	1.01852976488756508111e+00        9.185784e+04
6.35545255796204884291e+01	5.78381606170251583166e-01	4.94262811886330322153e+00	1.06293751722396190296e+00        9.185785e+04
7.02314190636353430364e+01	7.33290713018313611293e-01	5.03354461949605980209e+00	1.00504401417922761830e+00        9.185787e+04
6.86189275983599458186e+01	6.92571571313170042394e-01	5.20115877622797473379e+00	1.04766221177029916767e+00        9.185789e+04
7.00339825988851316652e+01	7.32430477274070623750e-01	4.94493056953118870211e+00	1.01753102862126998396e+00        9.185789e+04
6.74269392872684960594e+01	6.71851185717349475013e-01	5.21893389989365985571e+00	1.05136490232956480995e+00        9.185792e+04
6.69051388269265601139e+01	6.84714784842779589091e-01	5.17600895903898194916e+00	1.04293643124404700195e+00        9.185795e+04
6.78983313828969414772e+01	6.97656432095956957617e-01	4.88405132352151039044e+00	1.01429339618476466178e+00        9.185802e+04
6.73933139500507820685e+01	6.67656504610234180497e-01	5.06952335956622945901e+00	1.08634047901232810851e+00        9.185802e+04
6.54681503558100530427e+01	6.51580828738254402843e-01	5.14395748020503607023e+00	1.04363437738414077671e+00        9.185803e+04
6.75124598128372355177e+01	6.94418672109176515761e-01	4.88586604195187312882e+00	1.03487013377421899207e+00        9.185804e+04
6.91824037734198071803e+01	7.21460936917936890289e-01	5.06843785818314263025e+00	1.00611560869780003458e+00        9.185804e+04
6.70062709913422906993e+01	6.73743423192749046891e-01	4.82130402222596909922e+00	1.01702154186245774525e+00        9.185806e+04
6.89191935316995483163e+01	7.17904309374135962685e-01	4.93640699057942899941e+00	1.02964002640666363320e+00        9.185806e+04
6.78990879011854246983e+01	6.80767038622813402959e-01	4.83678688363644315729e+00	1.01322459269449582919e+00        9.185807e+04
6.98342705435007786718e+01	7.17609793976384469083e-01	4.93509240943484694952e+00	1.01654711588655422005e+00        9.185808e+04
6.43912792903455795113e+01	6.21305240324023455578e-01	5.07501434956616304106e+00	1.04532823292166243689e+00        9.185811e+04
6.70141105348219952020e+01	6.56186220597087310757e-01	5.10538994728863126937e+00	1.03612775527041134360e+00        9.185815e+04
6.40866292893337430314e+01	5.93560172155158660701e-01	4.94709287346598802770e+00	1.04790691875565045166e+00        9.185815e+04
6.97324821875058091791e+01	7.16936898867419847292e-01	4.90846549902936502008e+00	1.02765705181973476812e+00        9.185815e+04
6.87792585142049262004e+01	7.11476314558869837867e-01	5.12294794947457621248e+00	1.01591999758224593720e+00        9.185820e+04
6.39325724639195414056e+01	6.11447824472189149780e-01	4.92152856544634964564e+00	1.07445337760240722247e+00        9.185822e+04
6.84187958826780260324e+01	6.89039049135435788251e-01	5.08519569149582828516e+00	1.01610112818093933917e+00        9.185822e+04
6.51298445156313050575e+01	6.28205627627674179081e-01	4.98562063384078957284e+00	1.02073959557670690401e+00        9.185823e+04
6.56071752607109885957e+01	6.24657941520624704346e-01	4.88278257393009873510e+00	1.05885584453419312467e+00        9.185823e+04
6.88812347844450698631e+01	7.12508325948768783675e-01	4.94481549174535572888e+00	1.05429480292203736624e+00        9.185824e+04
6.47905248873361614415e+01	6.24248705495761835316e-01	4.91012518975641842900e+00	1.08366250477910708305e+00        9.185825e+04
6.49596790667550152421e+01	6.10766990957615107938e-01	4.91759221100362697854e+00	1.04301829852470362425e+00        9.185828e+04
6.43101501031126190355e+01	6.07493848822701076884e-01	4.87337372193432383227e+00	1.05434594590139418813e+00        9.185831e+04
6.66160696852869307349e+01	6.56285028819511673248e-01	4.81471128803658920958e+00	1.04340507125287706991e+00        9.185831e+04
6.69057566209240803801e+01	6.68424519863467514469e-01	5.17566566240490999462e+00	1.04842491616674582389e+00        9.185835e+04
6.74231322267792165803e+01	6.64454598006131269550e-01	5.02563501579369020789e+00	1.06430915365664802152e+00        9.185836e+04
6.61274645363835560374e+01	6.56425676843614414047e-01	4.83588754880364657396e+00	1.03974945417745989751e+00        9.185837e+04
6.54463365084225330293e+01	6.47942806484404387746e-01	4.88864560992872032585e+00	1.04602040843707633222e+00        9.185839e+04
6.82721131840569768201e+01	6.90913681289298087229e-01	5.10618573262122144030e+00	1.02057538074342168954e+00        9.185841e+04
6.68897135750501377061e+01	6.76056178319004996702e-01	4.88649760331994542639e+00	1.05783588719514232146e+00        9.185842e+04
6.68445055128033374103e+01	6.61100366222592716881e-01	5.07851105673801939133e+00	1.02434910928953692988e+00        9.185844e+04
6.46654340373062836989e+01	6.29655865900718647588e-01	4.97378740800087371099e+00	1.05513634595111716052e+00        9.185844e+04
6.80442561746687175628e+01	6.84867222619374826920e-01	4.88336935421764462006e+00	1.05520487134632734438e+00        9.185844e+04
6.56299287695362494333e+01	6.43175783294572034343e-01	4.88721527505429431670e+00	1.02696366781604297991e+00        9.185844e+04
6.88503356215370985183e+01	7.07776955165813959070e-01	4.95951016190143700868e+00	1.01846384769582631868e+00        9.185845e+04
6.73903225581868809968e+01	6.62938503982392735026e-01	4.94508002942831037529e+00	1.03789414273881974715e+00        9.185846e+04
6.51504810504326314913e+01	6.30202021536052980899e-01	5.05043503078043798382e+00	1.03950704546157313146e+00        9.185846e+04
6.54530336028150827588e+01	6.46109812501770575111e-01	4.90106700896796443345e+00	1.06632510170288608009e+00        9.185846e+04
6.51586594344485092734e+01	6.37535953998989879388e-01	4.89570773664134684111e+00	1.04029192381999613382e+00        9.185847e+04
6.77407910434430817759e+01	6.86882918317313739820e-01	4.87637899076601488701e+00	1.05196238010743314817e+00        9.185847e+04
6.69663569106042757539e+01	6.81560793242240059442e-01	5.08042271094224950900e+00	1.03548203014008799450e+00        9.185848e+04
6.81267243840472218608e+01	7.02748917077999579739e-01	5.04425061425088916423e+00	1.05646923966394301608e+00        9.185848e+04
6.78363593214275226728e+01	6.76422278136545318539e-01	4.91577717960588600477e+00	1.05627918646735596830e+00        9.185849e+04
6.79717789186490648490e+01	6.98724194811372045777e-01	5.07646765646116904236e+00	1.02541663107299618751e+00        9.185850e+04
6.74713109278624756371e+01	6.85736280939054920758e-01	4.89397846534902747351e+00	1.03475039277398983550e+00        9.185851e+04
6.55485688002157473875e+01	6.45613356153179718255e-01	4.98815324258409908964e+00	1.07626260688261932152e+00        9.185853e+04
6.74964905355421223021e+01	6.92068091184559586182e-01	4.97413420933893046794e+00	1.03812900092493665127e+00        9.185853e+04
6.87016098561415020640e+01	7.04090576908698362324e-01	4.94791442901891365125e+00	1.05176783668702333863e+00        9.185854e+04
6.76129340862206049678e+01	6.87194014796678520618e-01	5.11850907141487532215e+00	1.06448713472934963775e+00        9.185855e+04
6.73396385257566407745e+01	6.78720461399094809885e-01	5.13480008348167515919e+00	1.03545756987938752935e+00        9.185856e+04
6.56000581697012279392e+01	6.52548295747430118219e-01	4.96869598029297776520e+00	1.05008972757922980357e+00        9.185857e+04
6.58419651313864164877e+01	6.56168955122827801674e-01	4.93856051312034427525e+00	1.04256450528157884605e+00        9.185858e+04
6.71982783735066391273e+01	6.79176407653534042197e-01	5.12682544039038479156e+00	1.03905747376622081823e+00        9.185859e+04
6.74732239226218553085e+01	6.76132091392626866089e-01	5.07309895787727871408e+00	1.02578484863440144714e+00        9.185862e+04
6.68240976605795538035e+01	6.65706618707016639647e-01	5.08120436577445833137e+00	1.03139266084541336710e+00        9.185865e+04
6.83740900281951127226e+01	6.97548897207685092425e-01	5.09791321135175312662e+00	1.05401672985411254402e+00        9.185865e+04
6.72635240547534749567e+01	6.78710984888683865890e-01	5.06988374272025410505e+00	1.02660704881374509334e+00        9.185867e+04
6.67333242519678861981e+01	6.70167214213620132668e-01	5.04112197905759096273e+00	1.03000448752852991063e+00        9.185871e+04
6.62535327945096099711e+01	6.48334772558864624870e-01	5.02260180329238625774e+00	1.04143505299971139699e+00        9.185873e+04
6.53901775101547855229e+01	6.32808532638886478416e-01	4.95810033289099294507e+00	1.05516792000626069559e+00        9.185875e+04
6.62896888964403103728e+01	6.61720511039792236296e-01	4.95951582044696515084e+00	1.04118989985349585936e+00        9.185876e+04
6.69335332937297664557e+01	6.76621625315657615474e-01	5.02651571686561293717e+00	1.04389517496753159165e+00        9.185878e+04
6.71106191326259562402e+01	6.68899905003255690339e-01	4.92622789558967610901e+00	1.04122045411229025014e+00        9.185880e+04
6.71228000825905297688e+01	6.76471390377100023628e-01	5.03605072695701405650e+00	1.04704930054572797893e+00        9.185887e+04
