# Mf af A2220 phi2220 logL logPrior
9.317977216920829164e+01 2.586587605081963614e-01 6.962145333515895373e+00 1.092887885422278771e+00 8.909733590638317401e+04 0.000000000000000000e+00
8.950162879663069759e+01 5.840258080095376281e-01 6.874719984232296355e+00 3.820387189026118513e+00 8.941127435325481929e+04 0.000000000000000000e+00
9.193682866848843105e+01 9.390960800488309390e-01 6.953628876577446327e+00 4.496453895279081792e+00 8.942339116412894509e+04 0.000000000000000000e+00
8.141946002358031365e+01 2.596880547967667097e-01 5.534998708450600269e+00 2.926422293950944109e+00 8.953764266806877276e+04 0.000000000000000000e+00
5.857608359930159025e+01 5.201312450811470534e-01 5.925949016933779845e+00 3.934616443447625844e+00 8.962536904194614908e+04 0.000000000000000000e+00
7.843059974101610976e+01 6.152539621019310623e-01 6.097621688887305602e+00 3.143011009109058840e+00 8.969442208406738064e+04 0.000000000000000000e+00
5.879274402200690020e+01 5.101065585725721441e-01 6.277114659311077816e+00 3.296853206075747611e+00 8.990205183517224214e+04 0.000000000000000000e+00
7.712251709926712806e+01 2.186773946907714650e-01 6.641676138448729283e+00 4.856036440053738801e+00 8.991212660021743795e+04 0.000000000000000000e+00
7.256285360239562010e+01 7.370266987453139018e-01 5.865750288264941048e+00 2.878576930602497974e+00 9.038960688853765896e+04 0.000000000000000000e+00
8.409372883607517224e+01 6.606718132507733987e-01 4.506199555860460393e+00 4.378809331787030246e+00 9.042080995861851261e+04 0.000000000000000000e+00
7.360226094953814879e+01 5.301842422249362086e-01 4.329212500675594377e+00 2.943997746866546361e+00 9.045259816795065126e+04 0.000000000000000000e+00
8.435220974084133161e+01 6.627199225206414912e-01 4.186632074766063027e+00 4.569831867353192578e+00 9.059695860424489365e+04 0.000000000000000000e+00
8.144738085197546695e+01 9.391914788610499221e-01 6.943754166005506434e+00 2.570096934961609403e+00 9.062914451791196188e+04 0.000000000000000000e+00
6.316187732678528732e+01 3.360552966828198596e-01 3.036770469660460492e+00 4.457913933250544858e+00 9.073834228880181035e+04 0.000000000000000000e+00
6.452691134076644630e+01 5.158814944729939178e-01 2.566425240488727777e+00 4.287473670649610824e+00 9.080449619787781558e+04 0.000000000000000000e+00
9.751168959613551124e+01 3.828110895587105156e-01 2.503367364208204826e+00 2.525695240212538550e+00 9.081456348283252737e+04 0.000000000000000000e+00
9.098543743833086239e+01 3.627462936125251947e-01 2.899810609456046961e+00 4.164193802371525699e+00 9.093869014408475778e+04 0.000000000000000000e+00
9.836694246242322492e+01 5.066692620048647289e-01 6.660519068151172561e+00 3.460560324174037639e-02 9.094449353457822872e+04 0.000000000000000000e+00
6.899317034329871490e+01 5.911408037126730797e-01 2.114389610738738767e+00 3.409034452627643486e+00 9.096804641406740120e+04 0.000000000000000000e+00
5.288242798016226232e+01 2.178877720750528879e-01 1.952640258767971648e+00 3.621461512141678440e+00 9.096876584369958437e+04 0.000000000000000000e+00
7.099188759441651086e+01 8.697792003741362521e-01 2.242549709182808382e+00 4.434645599782245817e+00 9.102589755986481032e+04 0.000000000000000000e+00
9.591232880322942833e+01 2.529162042392065213e-01 4.488803929960402783e+00 5.581155811984514159e+00 9.103968214488263766e+04 0.000000000000000000e+00
9.905262896555765906e+01 4.228194250878222760e-01 1.825038248935223484e+00 1.941044974003044432e+00 9.109125331313021888e+04 0.000000000000000000e+00
6.237517548694218306e+01 3.780035563350034877e-01 6.773021174011329748e+00 2.026358708063090486e+00 9.109897934957606776e+04 0.000000000000000000e+00
9.858478126796040897e+01 5.750951141720489490e-01 1.716196741066225995e+00 3.473268359419491969e+00 9.110686244382023870e+04 0.000000000000000000e+00
5.659021810831742272e+01 7.455354748177008828e-01 3.047132801036708027e+00 3.468432607617156105e+00 9.111042268881238124e+04 0.000000000000000000e+00
9.658305747498494043e+01 7.625011802702867936e-01 4.841016353902235281e+00 1.750443024608854259e+00 9.111273062760011817e+04 0.000000000000000000e+00
8.418573193558275136e+01 7.373977403868994251e-01 6.185094946435283347e+00 1.910863053931279865e+00 9.111539873448421713e+04 0.000000000000000000e+00
5.231033172241014739e+01 2.636496977578935419e-01 5.387433197345705693e+00 5.917025584035351393e+00 9.115169139413758239e+04 0.000000000000000000e+00
6.602103845940288807e+01 4.444849722474986664e-01 1.895774548835706064e+00 5.074846691051302372e+00 9.118994312753751001e+04 0.000000000000000000e+00
7.515608316407482903e+01 7.221808311936701585e-01 3.642217225948777060e+00 2.411571600753550815e+00 9.119600405315206444e+04 0.000000000000000000e+00
7.459915557463003211e+01 5.018512893704167865e-01 6.447374969130340361e+00 1.663021840251529326e+00 9.120757504100435472e+04 0.000000000000000000e+00
6.831089851775469413e+01 4.938148139220854826e-01 9.537439921860256797e-01 3.187189528619989609e+00 9.124350050335926062e+04 0.000000000000000000e+00
5.875106565313766538e+01 3.488425045812541536e-01 2.326862580003667080e+00 5.470359308512174223e+00 9.124367794563983625e+04 0.000000000000000000e+00
8.695271398169043664e+01 7.324813489331223337e-01 9.925935836927556322e-01 4.440612415943296476e+00 9.125538603586089448e+04 0.000000000000000000e+00
6.746877125878920367e+01 8.079132553661146909e-01 6.629170402211161495e+00 2.204129794714677626e+00 9.126397768457340135e+04 0.000000000000000000e+00
9.564223799548646809e+01 5.870348812362432556e-01 5.619957107264775154e+00 6.243674884573811035e+00 9.126824200138755259e+04 0.000000000000000000e+00
8.080972882040420302e+01 6.428336455730793153e-01 1.033036451953159851e+00 4.744432449770100035e+00 9.127358349561774230e+04 0.000000000000000000e+00
6.654756915079053670e+01 3.926461158005088992e-01 1.488886044661245966e+00 2.545869634288989936e+00 9.128147609189701325e+04 0.000000000000000000e+00
7.266320138144529039e+01 2.957812479032095321e-01 1.630698536458106807e+00 4.980048736208735782e+00 9.128962896314672253e+04 0.000000000000000000e+00
8.149351044659243826e+01 4.933599950574229509e-01 3.791736295964160064e+00 5.744949219792458983e+00 9.128991465661129041e+04 0.000000000000000000e+00
8.958871829579692303e+01 3.083686230378932525e-01 8.877308023210416232e-01 1.529178515768445434e+00 9.135142502755614987e+04 0.000000000000000000e+00
8.482727819876789965e+01 3.627043668354949513e-01 2.699297705069919062e-01 2.993658101403447347e+00 9.135237014792523405e+04 0.000000000000000000e+00
9.851961223359259634e+01 9.303405679917976512e-01 2.413478047149097416e-01 5.324079489584134350e+00 9.137537041758179839e+04 0.000000000000000000e+00
7.996146605381026973e+01 8.014859310905556589e-01 8.816072541815511698e-02 4.192624312694068323e+00 9.137706789792132622e+04 0.000000000000000000e+00
8.835083648229459641e+01 2.259096510862445006e-01 1.547863141075526583e+00 9.423579578528560319e-01 9.139612718706986925e+04 0.000000000000000000e+00
9.895965704969248122e+01 3.450306574720675146e-01 1.797716132875105122e-01 4.573528169324998949e+00 9.140037902944200323e+04 0.000000000000000000e+00
5.843913618072607363e+01 9.153911984816137659e-01 5.801714886092520729e+00 2.483008198119175169e+00 9.140228771846870950e+04 0.000000000000000000e+00
9.696786378254715544e+01 9.251241163445838023e-01 1.515894013261851470e+00 5.892482319703947091e+00 9.140924040991053334e+04 0.000000000000000000e+00
6.590498553696394879e+01 8.221039124245782537e-01 8.882505499767927581e-01 2.457418102927667380e+00 9.142208804135293758e+04 0.000000000000000000e+00
5.540407222340859050e+01 6.363366576055292656e-01 1.624099893650151394e+00 2.582800400900779003e+00 9.142695223739570065e+04 0.000000000000000000e+00
7.247594796786975735e+01 5.868607887205405937e-01 1.464622862102551881e+00 5.835164363022781409e+00 9.143429952698330453e+04 0.000000000000000000e+00
7.797361883652860115e+01 5.310459412554300318e-01 1.053375250292059473e+00 5.649900534640228678e+00 9.143448671799282602e+04 0.000000000000000000e+00
5.957083287353395917e+01 4.084957096678886179e-01 5.373298789404836739e-01 1.982740582084161041e+00 9.144460401796306542e+04 0.000000000000000000e+00
8.880125360102802290e+01 4.696828128630378685e-01 4.714603058600198793e+00 8.209064537980470533e-02 9.145144242615957046e+04 0.000000000000000000e+00
8.608336468042304546e+01 6.229666602581716006e-01 5.131275899891017955e-01 1.089465984410370458e+00 9.146245554819669633e+04 0.000000000000000000e+00
5.842444515778040426e+01 2.919728484806822788e-01 2.416127308047510525e+00 2.051994524913154372e+00 9.147553316988948791e+04 0.000000000000000000e+00
7.670111396896660949e+01 4.347455963350890795e-01 1.089560702696403371e+00 1.445735752305244981e+00 9.147967214451929613e+04 0.000000000000000000e+00
5.207961181792772720e+01 7.290161010571454270e-01 1.591725769132529278e+00 6.814525386051156763e-01 9.148175275776012859e+04 0.000000000000000000e+00
8.059974154009155711e+01 9.266850781834932160e-01 9.872581339789632260e-01 1.777667299846522608e+00 9.148393199118808843e+04 0.000000000000000000e+00
7.408890075034334188e+01 4.042599328191764929e-01 1.332218198467663761e+00 5.944266750522717579e+00 9.149069258694130986e+04 0.000000000000000000e+00
8.880266874990714143e+01 3.311907692445266171e-01 3.437056283690997471e+00 4.307823591350012915e-01 9.149322619016782846e+04 0.000000000000000000e+00
7.057021365609102759e+01 9.062543400152131001e-01 6.531391947953579802e+00 1.888287039930460320e+00 9.149478923523450794e+04 0.000000000000000000e+00
9.101878139757255326e+01 7.751439309265732991e-01 8.930784399074060964e-01 1.196376336468585766e+00 9.150017121575953206e+04 0.000000000000000000e+00
6.313737025041288575e+01 3.649710683666294031e-01 2.086558350397512474e+00 1.892688585697044346e+00 9.150415310921975470e+04 0.000000000000000000e+00
5.760763567637729921e+01 2.659109103076435776e-01 1.532287576327385992e+00 6.094637665923023917e+00 9.150520603337221837e+04 0.000000000000000000e+00
9.465757154159435061e+01 3.752095448683849810e-01 1.127457228027764824e+00 5.888184000796750972e+00 9.150760414476592268e+04 0.000000000000000000e+00
5.244255011408201739e+01 8.583966021427390514e-01 5.027932040181698703e+00 1.705073440279134100e+00 9.151220972065943351e+04 0.000000000000000000e+00
5.077553658939390147e+01 3.427082980876903218e-01 6.514897214479447030e-01 8.616488611500250361e-01 9.151261500698504096e+04 0.000000000000000000e+00
8.171146533037654081e+01 8.954565705766642791e-01 7.949849634282930566e-01 1.369898009018855056e+00 9.151535265611943032e+04 0.000000000000000000e+00
9.546443023278446560e+01 7.589972470732645471e-01 6.458213308866835867e+00 6.185180800031688797e-01 9.152575481025244517e+04 0.000000000000000000e+00
7.527464613981264563e+01 6.464715221543493318e-01 2.654306286713006724e+00 6.156100602597645910e+00 9.152685221829674265e+04 0.000000000000000000e+00
6.174599868731548469e+01 4.900801325120043295e-01 1.868238894394385063e+00 1.912552591780471323e+00 9.153825229122677410e+04 0.000000000000000000e+00
6.200743591195039528e+01 4.492799482794055943e-01 3.078706974814839015e+00 1.946368146022267931e+00 9.153960054021271935e+04 0.000000000000000000e+00
6.920039289673997018e+01 4.585672197843850828e-01 3.848712179803305933e+00 4.136565585357721009e-02 9.155215109041346295e+04 0.000000000000000000e+00
6.523023969076059814e+01 8.104628743073672981e-01 2.768739414115722663e+00 1.884886080501584349e-01 9.155651081954584515e+04 0.000000000000000000e+00
6.840081760153829293e+01 2.672861956317886811e-01 1.595998843227832698e+00 6.254904317469574870e+00 9.155721916901310033e+04 0.000000000000000000e+00
7.978287804680410034e+01 7.570605219835744304e-01 1.868295878618641659e+00 1.708750908120123313e+00 9.155966433503561711e+04 0.000000000000000000e+00
8.849502435698069291e+01 7.790601692260068489e-01 2.798272461313315418e+00 9.320285727715198199e-02 9.156008535057980043e+04 0.000000000000000000e+00
7.377900314827202521e+01 4.464865682448680428e-01 1.778137245210706263e+00 1.338763830239083186e+00 9.156148326182518213e+04 0.000000000000000000e+00
5.054801961859580217e+01 7.137655833255633908e-01 4.261910045300048466e+00 9.620839470118829340e-01 9.156228606161325297e+04 0.000000000000000000e+00
8.895117677355511887e+01 8.927023783835740245e-01 1.397026301613221388e+00 1.542416474510269087e+00 9.156350271460729709e+04 0.000000000000000000e+00
7.438060919264941617e+01 2.042034599908182646e-01 3.062012886101927123e+00 9.368381583100388044e-01 9.156625730712934455e+04 0.000000000000000000e+00
5.367464621117598256e+01 7.152665864235955295e-01 3.135326692449688757e+00 2.293402533765484641e+00 9.156643032118993870e+04 0.000000000000000000e+00
9.122052396217195280e+01 9.194426214533637509e-01 2.276473832792161645e+00 1.781211824430206869e+00 9.157209816253844474e+04 0.000000000000000000e+00
6.470711367937137481e+01 6.417593097008681413e-01 2.853229032144779964e+00 1.937723184947701682e+00 9.157634636931635032e+04 0.000000000000000000e+00
6.902707931108999162e+01 3.363961161377798104e-01 3.393186819590766401e+00 5.075159988003896672e-02 9.158633454147855809e+04 0.000000000000000000e+00
6.383680209971901576e+01 7.825202047770507541e-01 2.584183139245532335e+00 3.053190173887121439e-01 9.158746298434249184e+04 0.000000000000000000e+00
9.349165992157902849e+01 7.156403256301687721e-01 5.540010591477916080e+00 4.509956654726769987e-01 9.159387566476395295e+04 0.000000000000000000e+00
7.679980932395770310e+01 9.197091990610970491e-01 1.766350599447619185e+00 1.047011309370372345e+00 9.159867732171177340e+04 0.000000000000000000e+00
5.826590936011736943e+01 5.568089975436018024e-01 2.112113069968797774e+00 2.829272846587311818e-01 9.160614563522337994e+04 0.000000000000000000e+00
5.909778565681625651e+01 5.379883380981547170e-01 2.386317433826828260e+00 1.846516200059988622e+00 9.160617437813397555e+04 0.000000000000000000e+00
6.222680598362470050e+01 3.148254024542393448e-01 2.879446608716571543e+00 4.992605789569370955e-02 9.160818282825396454e+04 0.000000000000000000e+00
7.660034381777903434e+01 9.038729884951922644e-01 5.333016094790468564e+00 1.664380880735404356e+00 9.161826373810300720e+04 0.000000000000000000e+00
6.268316482598184791e+01 4.807121968984990890e-01 3.498968892182786838e+00 1.792864883366203088e+00 9.162310576863041206e+04 0.000000000000000000e+00
7.410480160861266086e+01 4.865657760896124340e-01 5.068379197043492823e+00 1.258847748853995974e+00 9.163338748681383731e+04 0.000000000000000000e+00
5.904065755482533717e+01 7.575350523781463341e-01 4.788756416094738455e+00 1.912663702489088902e+00 9.163535578492602508e+04 0.000000000000000000e+00
9.581217395503144019e+01 7.712637187512638715e-01 4.353494424861023226e+00 6.968358872076736432e-01 9.163989447986520827e+04 0.000000000000000000e+00
5.637633620729756956e+01 6.438276859502856109e-01 3.922903822508562399e+00 1.909541827577600825e+00 9.164191435888300475e+04 0.000000000000000000e+00
6.233221343509724477e+01 7.372902287912159736e-01 2.180220693282522326e+00 1.471094605377706088e+00 9.164687563251554093e+04 0.000000000000000000e+00
8.762890640142711618e+01 9.510264364434417583e-01 1.944868377027913819e+00 9.600426867965542455e-01 9.164767796026519500e+04 0.000000000000000000e+00
5.983172957369097844e+01 2.961570666212752223e-01 1.541995691425174453e+00 8.047686118223391638e-01 9.165060738771573233e+04 0.000000000000000000e+00
9.623101597131221752e+01 8.306225909309447042e-01 2.646172122668654758e+00 7.371694259330419108e-01 9.165412312998114794e+04 0.000000000000000000e+00
5.409041040742555850e+01 7.698516026778458032e-01 3.929096560484040435e+00 1.485502604620779765e+00 9.165888842807048059e+04 0.000000000000000000e+00
6.913350142867065529e+01 6.512881675788537716e-01 3.934891896597074723e+00 2.178543570323788758e-01 9.165980467460340878e+04 0.000000000000000000e+00
6.978793048950173272e+01 6.179259497554442371e-01 2.153608926619289488e+00 4.453934695108504038e-01 9.166328628431413381e+04 0.000000000000000000e+00
5.931275956961984974e+01 5.493871655621693773e-01 4.393839681715735246e+00 2.645414754879311658e-01 9.166455508045329771e+04 0.000000000000000000e+00
6.748144998270431927e+01 5.577893958587561984e-01 6.906069285091852805e+00 7.510694487075532111e-01 9.166655779696525133e+04 0.000000000000000000e+00
6.597892898435581799e+01 3.708064250982936461e-01 6.380891030476887771e+00 7.748961071981619320e-01 9.167049472164585313e+04 0.000000000000000000e+00
5.109624004515760021e+01 6.337213026425106976e-01 2.822367203495658394e+00 1.617981472270529908e+00 9.167119518744946981e+04 0.000000000000000000e+00
7.613972757344166098e+01 5.106499861153093178e-01 3.398446175052620699e+00 1.156497453285932231e+00 9.167460426704389101e+04 0.000000000000000000e+00
9.696541605674909192e+01 8.237028069541526554e-01 2.915192381397032406e+00 8.081149955476631952e-01 9.167905802223827050e+04 0.000000000000000000e+00
7.250607660226927464e+01 8.653859249504802786e-01 5.644585035641481952e+00 1.551898385512124445e+00 9.167994001897951239e+04 0.000000000000000000e+00
9.177210778003536973e+01 9.418700092661626000e-01 2.297277662484055405e+00 1.257815786240526812e+00 9.168442362459405558e+04 0.000000000000000000e+00
7.248611255816102528e+01 8.647332382634410619e-01 4.480589700132699527e+00 3.807153513739547912e-01 9.169076680708955973e+04 0.000000000000000000e+00
5.718815102422108509e+01 5.492880632702233923e-01 2.507441130097733950e+00 5.913223136165576266e-01 9.169217008089822775e+04 0.000000000000000000e+00
5.955116904031681457e+01 6.558619732747020814e-01 3.289254700258744002e+00 1.626654937926868438e+00 9.170005852011610114e+04 0.000000000000000000e+00
6.065391694988483096e+01 4.682102773969483156e-01 3.363401257493101149e+00 3.557684580550383724e-01 9.170276543367015256e+04 0.000000000000000000e+00
6.390570393982542896e+01 4.467838197790868215e-01 2.716661157281486272e+00 1.426201570618997216e+00 9.170377466758557421e+04 0.000000000000000000e+00
8.396719046977592882e+01 9.403625826104495822e-01 2.770450530145338597e+00 9.989338157977873944e-01 9.170425690670081531e+04 0.000000000000000000e+00
6.899404117132739600e+01 8.861016102492949020e-01 6.403638844503655392e+00 1.212143484724037990e+00 9.170555939339369070e+04 0.000000000000000000e+00
6.766106515771734564e+01 4.954420980811080066e-01 2.877041778917925896e+00 5.666176339464485956e-01 9.171633463061334623e+04 0.000000000000000000e+00
5.453977569975042172e+01 4.756543384968425769e-01 3.102538181992803068e+00 5.684977913490132373e-01 9.171927856077918841e+04 0.000000000000000000e+00
5.907318706914014683e+01 4.183772382255519506e-01 3.296432099089579459e+00 4.274747041045898754e-01 9.172330537527358683e+04 0.000000000000000000e+00
8.873154137665063956e+01 8.944245058863101727e-01 2.557116743178681872e+00 1.036875285669701885e+00 9.172927048681430460e+04 0.000000000000000000e+00
6.456978508707186393e+01 7.829788381966055200e-01 3.444891022927478730e+00 1.334366822978525047e+00 9.173374682605931594e+04 0.000000000000000000e+00
7.435424403853809849e+01 5.861129531347534227e-01 4.813534993950162821e+00 7.320975748415696760e-01 9.173595158591929066e+04 0.000000000000000000e+00
5.870772970928923229e+01 5.883887863916604788e-01 2.686290497625753559e+00 1.263635548524087548e+00 9.173655391234533454e+04 0.000000000000000000e+00
5.501310930738144123e+01 5.424029519515914943e-01 2.773363182373264291e+00 1.060198836990135174e+00 9.173924019296457118e+04 0.000000000000000000e+00
5.392426581856970813e+01 4.077247418868004125e-01 2.592576968994295683e+00 8.441172886315322366e-01 9.174160582771438931e+04 0.000000000000000000e+00
6.094550728079158119e+01 7.595319927143843186e-01 5.853894592031553046e+00 8.609477636800654254e-01 9.174207590106864518e+04 0.000000000000000000e+00
7.030457447341628097e+01 8.463158005861357580e-01 6.956182359890562772e+00 1.143650744912980022e+00 9.174637688013729348e+04 0.000000000000000000e+00
7.011534718821242507e+01 7.212908029774228735e-01 4.591561019318493919e+00 1.564798084963288538e+00 9.174651623482654395e+04 0.000000000000000000e+00
5.155013232586505012e+01 3.953373647342739439e-01 5.360159409882331083e+00 1.632091657786788108e+00 9.174660530692398606e+04 0.000000000000000000e+00
6.816842179647430555e+01 7.483691575278370589e-01 6.951955991826898718e+00 1.365441607808711710e+00 9.174700552222681290e+04 0.000000000000000000e+00
6.574059297836242877e+01 4.480329428359351440e-01 3.091481462619289911e+00 6.166472666022768667e-01 9.175059855177499412e+04 0.000000000000000000e+00
6.865719802631042512e+01 6.387553255537243846e-01 2.572649792775659083e+00 1.008033859299610757e+00 9.175153363661783806e+04 0.000000000000000000e+00
5.348851593131235660e+01 6.226048873056178046e-01 4.179572174151399366e+00 1.118087266519793843e+00 9.175161945963873586e+04 0.000000000000000000e+00
7.477868440972258668e+01 6.947511908372872025e-01 3.642593183870304063e+00 1.362277293117186705e+00 9.175193043267852045e+04 0.000000000000000000e+00
7.539429621804879389e+01 6.216209257742181249e-01 3.028196757265791739e+00 7.773496268201842696e-01 9.175309407559329702e+04 0.000000000000000000e+00
6.421154851736325497e+01 7.565267892618072754e-01 3.570395502025918599e+00 7.636003045503232389e-01 9.175333037319804134e+04 0.000000000000000000e+00
8.306140938707093824e+01 8.780514518798693269e-01 2.753614313750754050e+00 9.236768606314372798e-01 9.175483040434068243e+04 0.000000000000000000e+00
5.946146857272015041e+01 2.349199828076729002e-01 3.645012433710237865e+00 1.333151248024613711e+00 9.175638057318261417e+04 0.000000000000000000e+00
5.051314174950799440e+01 2.753064495435384451e-01 3.986958802268505409e+00 5.998022011781367624e-01 9.175801953603980655e+04 0.000000000000000000e+00
5.819051814070073902e+01 7.098690868776328378e-01 5.634033031396051605e+00 1.299666804009917298e+00 9.176281998632500472e+04 0.000000000000000000e+00
6.944913783351755399e+01 7.614714591262286003e-01 4.486744611817560902e+00 1.511403791165160992e+00 9.176348220769946056e+04 0.000000000000000000e+00
6.575469730338066654e+01 3.437604964428692123e-01 4.281959311650043176e+00 6.420398976324168672e-01 9.176383706609492947e+04 0.000000000000000000e+00
7.276432968054290029e+01 8.159678000471222159e-01 6.479033421600712828e+00 6.727621793719911203e-01 9.176389689950052707e+04 0.000000000000000000e+00
7.739209608767151849e+01 9.001551283287120286e-01 3.992684694453820349e+00 7.102955526186327528e-01 9.176501304597228591e+04 0.000000000000000000e+00
5.970817121027861418e+01 2.493366576968375492e-01 2.967230385425752903e+00 1.094168330012473156e+00 9.176771389240400458e+04 0.000000000000000000e+00
7.667226789228583073e+01 8.071059756902211335e-01 3.052303460807150870e+00 7.501326813067175081e-01 9.177016582641309651e+04 0.000000000000000000e+00
7.143627384863582108e+01 7.793046282338503827e-01 4.297623224201450931e+00 1.470572754559188899e+00 9.177179669711035967e+04 0.000000000000000000e+00
6.418887331053366552e+01 7.069431119930110752e-01 3.155254325545429950e+00 1.170777919490167296e+00 9.177315633781482757e+04 0.000000000000000000e+00
6.863099173051857349e+01 5.125887206284547304e-01 5.469701513894106526e+00 8.589797459773234056e-01 9.177554751885020232e+04 0.000000000000000000e+00
7.919637459283767100e+01 9.008678780942430686e-01 3.554680927602035023e+00 8.717976335051456083e-01 9.177634045948539278e+04 0.000000000000000000e+00
6.392658594388977633e+01 3.218891971354085890e-01 3.695796005374759829e+00 1.109332779172472305e+00 9.177849496227772033e+04 0.000000000000000000e+00
5.300559259192936423e+01 3.390601703835638969e-01 4.995329272908875851e+00 1.555368581956366292e+00 9.177867854300422186e+04 0.000000000000000000e+00
7.283334517620640725e+01 6.654383626656137363e-01 3.066692720147826456e+00 8.850646151527425953e-01 9.177912412825135107e+04 0.000000000000000000e+00
7.179870750356042208e+01 8.236211981372698610e-01 3.380236050182224616e+00 8.526690979582437491e-01 9.177956089067495486e+04 0.000000000000000000e+00
5.698895915615270980e+01 2.943545517959308411e-01 3.483877843098472038e+00 1.373830722713906827e+00 9.178086156425543595e+04 0.000000000000000000e+00
5.127331336008018070e+01 2.513712674760849586e-01 3.320631750532953674e+00 1.413514509379699469e+00 9.178099041309765016e+04 0.000000000000000000e+00
7.580400997205092040e+01 8.051260506599730027e-01 3.653948688586238891e+00 1.338408755146661910e+00 9.178294613827265857e+04 0.000000000000000000e+00
8.265187790350140062e+01 8.262710483266236805e-01 6.140764376688819581e+00 9.975440618165383189e-01 9.178531486101518385e+04 0.000000000000000000e+00
7.493787260276246798e+01 8.478238158294774118e-01 4.408734259249580845e+00 6.087671068593834001e-01 9.178739541378304421e+04 0.000000000000000000e+00
5.453835122702686533e+01 2.626572704866754204e-01 3.078646551704188550e+00 1.241080938755181107e+00 9.178754536286908842e+04 0.000000000000000000e+00
8.219662713319516456e+01 7.801795121315703296e-01 4.319095587358528832e+00 9.009389579345147281e-01 9.178988314780645305e+04 0.000000000000000000e+00
5.368303925752528016e+01 4.987796649593337350e-01 5.445997968005555023e+00 1.414425532806961039e+00 9.179023678328575625e+04 0.000000000000000000e+00
7.210275598931836782e+01 7.336921002147266391e-01 4.009923163106047461e+00 6.167116618008708917e-01 9.179293870607200370e+04 0.000000000000000000e+00
7.970385139103788674e+01 8.457183669156048689e-01 3.296562264315390234e+00 9.852769166390582534e-01 9.179652304658302455e+04 0.000000000000000000e+00
5.488274980701253014e+01 2.844449371551745487e-01 4.472366928200550262e+00 6.917842565264915589e-01 9.179763181032170542e+04 0.000000000000000000e+00
5.108250365950903671e+01 3.910109305979559413e-01 3.604137794552888074e+00 1.240418562649367340e+00 9.179835243360379536e+04 0.000000000000000000e+00
5.642472835088182848e+01 2.614501917788307761e-01 4.704499785995399641e+00 7.275830088454173783e-01 9.179892116962782166e+04 0.000000000000000000e+00
8.984093731527187288e+01 8.931343750738026666e-01 4.248359067673511014e+00 9.088864341439542027e-01 9.179967817472774186e+04 0.000000000000000000e+00
5.762513164454739467e+01 4.280926879362312865e-01 3.310482649183720927e+00 1.227758933283308096e+00 9.179986999347999517e+04 0.000000000000000000e+00
6.752371281962645355e+01 7.600207234033957704e-01 6.675174402582850774e+00 9.764123949729658358e-01 9.179992934198738658e+04 0.000000000000000000e+00
5.994835028379304731e+01 3.342106454291779438e-01 3.950343837367369826e+00 1.269921321520139923e+00 9.180294745167912333e+04 0.000000000000000000e+00
8.586223893163136722e+01 8.859971671474969890e-01 3.641428127250939006e+00 9.166642600482015624e-01 9.180359774887711683e+04 0.000000000000000000e+00
7.222546286207911237e+01 6.957511607077933036e-01 4.840878430110901576e+00 1.340033510020373297e+00 9.180410868092552118e+04 0.000000000000000000e+00
6.753646097782474556e+01 5.354173607526813150e-01 3.528811131377270094e+00 8.268759286215504600e-01 9.180469900177665113e+04 0.000000000000000000e+00
8.885044558606844589e+01 9.199443458343884439e-01 5.095637809098391813e+00 8.259630180882316930e-01 9.180548498497132096e+04 0.000000000000000000e+00
5.230196528455375926e+01 2.390941004264938718e-01 5.565669279599390507e+00 9.160431317690211905e-01 9.180863135569613951e+04 0.000000000000000000e+00
8.321561347881974768e+01 8.468236522938562549e-01 3.742702032008585533e+00 9.905647784243463150e-01 9.180879445186011435e+04 0.000000000000000000e+00
7.262050203334081289e+01 8.369116624014977246e-01 5.762096482374827744e+00 7.864684725756455608e-01 9.180938282423828787e+04 0.000000000000000000e+00
7.262050203334081289e+01 8.369116624014977246e-01 5.762096482374827744e+00 7.864684725756455608e-01 9.180938282423828787e+04 0.000000000000000000e+00
7.075214500160433317e+01 6.265710314815753357e-01 3.595999801479301539e+00 8.427453165601089813e-01 9.180952019197134359e+04 0.000000000000000000e+00
5.211595977221166720e+01 3.461869840031397416e-01 3.464336698687546345e+00 1.026147307541728448e+00 9.180990799483105366e+04 0.000000000000000000e+00
7.550333290364648064e+01 6.891097032886094320e-01 4.495221168256738231e+00 8.284720362373543256e-01 9.181239043534857046e+04 0.000000000000000000e+00
6.945050751807004019e+01 7.774427415163818189e-01 4.280092171408924173e+00 7.529280052283970903e-01 9.181392087814935076e+04 0.000000000000000000e+00
5.922945453438794061e+01 2.986407329465101124e-01 5.300497780947732274e+00 1.010497985525920628e+00 9.181823681843130908e+04 0.000000000000000000e+00
7.663210479635695549e+01 8.384915517743513069e-01 6.157467603947015533e+00 9.081358246581293647e-01 9.181910646382869163e+04 0.000000000000000000e+00
5.441727032787671448e+01 2.371945321186403333e-01 5.767934073050964727e+00 1.170018835094696730e+00 9.181947952483118570e+04 0.000000000000000000e+00
8.454575687900405967e+01 9.056689625579715797e-01 4.383375822336108563e+00 1.079487493371110718e+00 9.182016598883394909e+04 0.000000000000000000e+00
7.873090852989280108e+01 8.166432524940233639e-01 5.839776998219450732e+00 8.746907693563301667e-01 9.182089466342882952e+04 0.000000000000000000e+00
5.736558515131527969e+01 3.109950157125225823e-01 5.755813041855853740e+00 1.147479680491981346e+00 9.182185850912857859e+04 0.000000000000000000e+00
6.123262767337181600e+01 3.870789987596404691e-01 3.803998919772049625e+00 9.156749902628746884e-01 9.182257482359105779e+04 0.000000000000000000e+00
6.856686525228467133e+01 6.318462476317855403e-01 3.857837921486676258e+00 1.165284489884123920e+00 9.182278500570403412e+04 0.000000000000000000e+00
5.197087933479388511e+01 3.909674057377737211e-01 5.306343921619727233e+00 1.201224674750821730e+00 9.182375221440558380e+04 0.000000000000000000e+00
8.360533462604480803e+01 8.804929422488718682e-01 5.502370254757934731e+00 1.117576350259408047e+00 9.182433673630138219e+04 0.000000000000000000e+00
6.199030166828920585e+01 5.868387427198774597e-01 4.163692921776809719e+00 7.974758016875032052e-01 9.182480881477832736e+04 0.000000000000000000e+00
5.898608535787555240e+01 3.852928261127901433e-01 3.852998334870360253e+00 1.208179225260324063e+00 9.182537331059401913e+04 0.000000000000000000e+00
6.452979672212526907e+01 4.526899395485564637e-01 5.046737705801495721e+00 9.424343520031258636e-01 9.182551995623020048e+04 0.000000000000000000e+00
5.943205226442663758e+01 3.099201303443737676e-01 4.164303108780528007e+00 8.717905323574111076e-01 9.182617861610832915e+04 0.000000000000000000e+00
5.421169683298437292e+01 2.983006475571256533e-01 5.686351588218089503e+00 1.061339527510552383e+00 9.182668159974030277e+04 0.000000000000000000e+00
5.429483036501892457e+01 3.274822206074874398e-01 5.600467112176392703e+00 1.258595693902284429e+00 9.182730269754935580e+04 0.000000000000000000e+00
6.003770965672019599e+01 3.189706210030620603e-01 4.016389106187963520e+00 9.618673516186210248e-01 9.182734084385223105e+04 0.000000000000000000e+00
5.577211364607222777e+01 3.168913357020439747e-01 5.506645431446868244e+00 9.730592250011725897e-01 9.182772095312889724e+04 0.000000000000000000e+00
5.925137363688899939e+01 6.036583208692127833e-01 5.676425300075740310e+00 1.003545511736618767e+00 9.182794109358121932e+04 0.000000000000000000e+00
6.345727870562586759e+01 6.788494124553705600e-01 5.611416755209464036e+00 8.814530742958428533e-01 9.182873966366687091e+04 0.000000000000000000e+00
5.819511777798694396e+01 4.363147734682966128e-01 5.643651651436157657e+00 1.278330455666086829e+00 9.182878983825272007e+04 0.000000000000000000e+00
6.989184544778197505e+01 6.984674360041903673e-01 3.847370734734724351e+00 8.833764909536517829e-01 9.182880520405985590e+04 0.000000000000000000e+00
5.867521380317661084e+01 4.640640709427052979e-01 5.820998028053373297e+00 1.214345393829784792e+00 9.183164413447807601e+04 0.000000000000000000e+00
8.282591535159332352e+01 8.867606416101783129e-01 4.956385464973203092e+00 1.047013088177460638e+00 9.183189148097728321e+04 0.000000000000000000e+00
6.118607523146462057e+01 4.301757391918800688e-01 4.409294026637785358e+00 8.515357503108496040e-01 9.183226812507389695e+04 0.000000000000000000e+00
7.882222475223532854e+01 8.731181003992338763e-01 4.582716866146467005e+00 1.054821575516637688e+00 9.183229311510214757e+04 0.000000000000000000e+00
6.393896760224133402e+01 4.558175831919873966e-01 4.478287063835040271e+00 1.059161937882247884e+00 9.183286022650939412e+04 0.000000000000000000e+00
7.889508903217763702e+01 8.656427993103978924e-01 5.017620434234809856e+00 1.119847253063902759e+00 9.183366862111099181e+04 0.000000000000000000e+00
7.917497924369153850e+01 8.516630639434111805e-01 5.511451888487374440e+00 8.648293107575178995e-01 9.183395745544221427e+04 0.000000000000000000e+00
7.821153677068473087e+01 8.099288053806813492e-01 4.355005495854994635e+00 1.120271357743555241e+00 9.183519298048368364e+04 0.000000000000000000e+00
5.837724648241719194e+01 4.054615365726622067e-01 5.216362694963905255e+00 9.159073926785337161e-01 9.183561109927507641e+04 0.000000000000000000e+00
5.843244652742429679e+01 2.985894351653603507e-01 4.952213280694627073e+00 1.039271770365922887e+00 9.183563199910511321e+04 0.000000000000000000e+00
7.763511302621110133e+01 8.586856267720326397e-01 5.441122948245892488e+00 1.161454098093041676e+00 9.183569948054087581e+04 0.000000000000000000e+00
5.543402468382114989e+01 3.037950450335296093e-01 5.191656927615438732e+00 1.259666275361874810e+00 9.183571985693062015e+04 0.000000000000000000e+00
6.005908546354503130e+01 4.729084275417873018e-01 4.108355229262722119e+00 1.224794702971778282e+00 9.183588510487705935e+04 0.000000000000000000e+00
5.458977674900220478e+01 3.145407204264740741e-01 4.393806094411509378e+00 8.795912958640299539e-01 9.183596268183957727e+04 0.000000000000000000e+00
7.220591281360296421e+01 7.398842604026292236e-01 4.354223357965035568e+00 8.178777746170204921e-01 9.183611260044972005e+04 0.000000000000000000e+00
8.321968652886204154e+01 8.834395540558659388e-01 4.941073472413977541e+00 1.100450983044181097e+00 9.183629104358749464e+04 0.000000000000000000e+00
5.793539537720275234e+01 5.177045255283519998e-01 4.579981145980981161e+00 9.017041163711563279e-01 9.183632513497212494e+04 0.000000000000000000e+00
6.517671616478423857e+01 7.264507229193556404e-01 4.792725565404509780e+00 1.124085766494956395e+00 9.183660997812330606e+04 0.000000000000000000e+00
6.526099781718416182e+01 5.714064303379517984e-01 4.055685171844875647e+00 8.988225289489898406e-01 9.183710105160497187e+04 0.000000000000000000e+00
7.319450025450527164e+01 7.413111916669359314e-01 5.916648464478538649e+00 1.044284072830889976e+00 9.183714474016147142e+04 0.000000000000000000e+00
5.970468187166802210e+01 5.085764294979994160e-01 4.057007639069922789e+00 9.107756419569055240e-01 9.183729592881489953e+04 0.000000000000000000e+00
7.418376269892016239e+01 7.521919635515809111e-01 4.857332717446682935e+00 8.519635519229551424e-01 9.183834583707204729e+04 0.000000000000000000e+00
5.327339269167343616e+01 3.576785566747208156e-01 4.692969965953335709e+00 9.826521802667044225e-01 9.183927373353940493e+04 0.000000000000000000e+00
6.518082958519921988e+01 5.925570661005798989e-01 4.109208004875616993e+00 9.061409143760649210e-01 9.183942269686049258e+04 0.000000000000000000e+00
5.134313478766694061e+01 2.975740752513836296e-01 4.572618292954788721e+00 1.104966830763880914e+00 9.183947142033622367e+04 0.000000000000000000e+00
5.466850671274327311e+01 3.306713251770704298e-01 5.150097624788599227e+00 1.252824790676125177e+00 9.183947836631083919e+04 0.000000000000000000e+00
5.649994952582466823e+01 3.808981100618164528e-01 4.267277491696372493e+00 8.996863952903295658e-01 9.183967415613286721e+04 0.000000000000000000e+00
6.103395146426477424e+01 3.980027990414641836e-01 4.607518524800653381e+00 9.343957676389581524e-01 9.183979086851842294e+04 0.000000000000000000e+00
6.027955212157649356e+01 3.677279302888270540e-01 4.414823772692069603e+00 1.066461960832227218e+00 9.183984579727686651e+04 0.000000000000000000e+00
5.963659357291810181e+01 3.517758031266027263e-01 4.189672266919362897e+00 1.045447007709431331e+00 9.184003296716482146e+04 0.000000000000000000e+00
5.664808599653292731e+01 2.731965862425048130e-01 4.746615715708519367e+00 1.182046243457082646e+00 9.184032415119292273e+04 0.000000000000000000e+00
5.489358136198567450e+01 2.822633434480097403e-01 3.980275039819278327e+00 9.727433442691785226e-01 9.184056380684320175e+04 0.000000000000000000e+00
6.879057363995174512e+01 7.537217428148459408e-01 4.657975156012279072e+00 8.715476947975820954e-01 9.184070045566144108e+04 0.000000000000000000e+00
5.613737840838899729e+01 4.712943631473721084e-01 4.356811448278056886e+00 1.009604011314490624e+00 9.184120181028138904e+04 0.000000000000000000e+00
6.037851078690442819e+01 6.079784283484237495e-01 5.217643447072497054e+00 1.180399274955555633e+00 9.184128980760299601e+04 0.000000000000000000e+00
6.238855264361923503e+01 4.936080780984084537e-01 4.081040763001265503e+00 1.004912720818594840e+00 9.184138677585004189e+04 0.000000000000000000e+00
7.593135228978354689e+01 8.104645899876194992e-01 4.253143772282731661e+00 9.583426211513781379e-01 9.184189021861700166e+04 0.000000000000000000e+00
6.267405725362518609e+01 5.677928532151393926e-01 4.381755617128978209e+00 1.223145614540666504e+00 9.184222775796768838e+04 0.000000000000000000e+00
8.021534724610256717e+01 8.533396654577491969e-01 4.832741899533661289e+00 1.067114403307867887e+00 9.184233942262639175e+04 0.000000000000000000e+00
7.638283735270999841e+01 7.914166573545636796e-01 5.043906981175264370e+00 8.794598809540742357e-01 9.184236709608904494e+04 0.000000000000000000e+00
6.261667986139557485e+01 4.801820786205211467e-01 5.274299684823850143e+00 1.035552579217029034e+00 9.184256650488173182e+04 0.000000000000000000e+00
6.601978695327312607e+01 6.612060801082689787e-01 4.068489160229554535e+00 1.047193148052337541e+00 9.184271821999238455e+04 0.000000000000000000e+00
7.101007739619905124e+01 6.887017592577495684e-01 4.310697802505614185e+00 9.573947734285626066e-01 9.184377249410767399e+04 0.000000000000000000e+00
5.284120021041821502e+01 2.380431935131838705e-01 5.009785387044588312e+00 1.174430022705878374e+00 9.184400113927620987e+04 0.000000000000000000e+00
6.223428268211542047e+01 4.547301883717375093e-01 4.696120589545801138e+00 1.122429027709044735e+00 9.184405137330967409e+04 0.000000000000000000e+00
5.919506735816121790e+01 3.880613843816076436e-01 5.197807026221639148e+00 1.119675629820476193e+00 9.184407116176102136e+04 0.000000000000000000e+00
6.736111129365150418e+01 5.860831753293997970e-01 4.883450116944059616e+00 1.090662813428491695e+00 9.184422278334930888e+04 0.000000000000000000e+00
6.548113420343128155e+01 7.199645149209986661e-01 4.984454180885073526e+00 1.083404390490391389e+00 9.184431022284668870e+04 0.000000000000000000e+00
7.997029395761103387e+01 8.408213870412222235e-01 5.256274737450609358e+00 1.039622871956637828e+00 9.184480389894320979e+04 0.000000000000000000e+00
6.423805200797320936e+01 5.389844834483605851e-01 4.365994589167933704e+00 9.277800251121358643e-01 9.184510396842351474e+04 0.000000000000000000e+00
5.361700016022894744e+01 2.842797220821837167e-01 4.854971291032250669e+00 1.011999041180259962e+00 9.184514827715304273e+04 0.000000000000000000e+00
6.986543037875290452e+01 6.641556192912423384e-01 5.295903459979230732e+00 9.834068841730232435e-01 9.184545965510512178e+04 0.000000000000000000e+00
6.645769967477743023e+01 6.405667460639449251e-01 5.225025473710786628e+00 1.224188515747599126e+00 9.184554454916925170e+04 0.000000000000000000e+00
6.483278647320392452e+01 6.564887862707075028e-01 5.748269536899481835e+00 1.131069484959117855e+00 9.184582356307924783e+04 0.000000000000000000e+00
6.455673724025304239e+01 5.793324693338516296e-01 4.750507698614658381e+00 1.212730568754440075e+00 9.184593370097868319e+04 0.000000000000000000e+00
6.920094669656849362e+01 7.237941487592606249e-01 5.837005738531011012e+00 1.001961462119584922e+00 9.184594698189923656e+04 0.000000000000000000e+00
5.745770902880483533e+01 5.090050629715341390e-01 4.570446578628733825e+00 1.123528353063579344e+00 9.184599146227570600e+04 0.000000000000000000e+00
6.226373798021415240e+01 5.253199227524776305e-01 4.251814313303365012e+00 9.221059962668003429e-01 9.184614630234320066e+04 0.000000000000000000e+00
6.165923748484657807e+01 5.157423780281084058e-01 4.704439560464840575e+00 1.222810551481492425e+00 9.184638586867411504e+04 0.000000000000000000e+00
5.833587470210118653e+01 3.681347479446657189e-01 4.357801535283711836e+00 1.004126399311116691e+00 9.184638666662089236e+04 0.000000000000000000e+00
7.128636574351932609e+01 7.379617429267458784e-01 5.249693852910731096e+00 1.196370133732995500e+00 9.184643114464929386e+04 0.000000000000000000e+00
6.819504996540311481e+01 7.480817925598403084e-01 4.642191100634613932e+00 1.047169892728639917e+00 9.184658338193265081e+04 0.000000000000000000e+00
5.382080429295327662e+01 2.683012251172019469e-01 4.834024728432106954e+00 1.028544877166494675e+00 9.184665670915642113e+04 0.000000000000000000e+00
5.668151558841250193e+01 4.414356571376103489e-01 4.987979008447086748e+00 1.210845328348895134e+00 9.184669583639247867e+04 0.000000000000000000e+00
6.451258952341544273e+01 5.733180176206131851e-01 4.545745306881121550e+00 1.181468966423458777e+00 9.184687135771269095e+04 0.000000000000000000e+00
5.323866902707590754e+01 3.194186073010935045e-01 4.723545041161114177e+00 1.108517680440956887e+00 9.184702265778298897e+04 0.000000000000000000e+00
5.611013401543639390e+01 4.218047334033018236e-01 4.664641176565058167e+00 9.819623482771070444e-01 9.184716998588760907e+04 0.000000000000000000e+00
5.890903454582542764e+01 4.204287699716566795e-01 5.108562172823290837e+00 1.183816739367069992e+00 9.184739112389636284e+04 0.000000000000000000e+00
5.381979405676706563e+01 2.616061537277483140e-01 4.921148772795826964e+00 1.109685742340583481e+00 9.184779760515691305e+04 0.000000000000000000e+00
6.629385750534534338e+01 5.857731250508253495e-01 5.160238546317577502e+00 1.115711730874824559e+00 9.184799117606891377e+04 0.000000000000000000e+00
6.669829089096735686e+01 7.104394321112919020e-01 5.335953144478327026e+00 9.303990356448980092e-01 9.184802508946284070e+04 0.000000000000000000e+00
5.918326518059463126e+01 5.249481181431238097e-01 4.383444053154772924e+00 1.033073031392382157e+00 9.184808021630268195e+04 0.000000000000000000e+00
6.776055519123207205e+01 7.173972619001083295e-01 4.392810800783344405e+00 1.032115763619182891e+00 9.184822477023693500e+04 0.000000000000000000e+00
6.653676514066022207e+01 5.818816915708617810e-01 5.033849483696617888e+00 1.059687186401154779e+00 9.184838441425586643e+04 0.000000000000000000e+00
6.770070835160331058e+01 6.048067636292943083e-01 4.730263701246115282e+00 1.034371365437818602e+00 9.184847788632113952e+04 0.000000000000000000e+00
6.556255883522152317e+01 5.890436763363984252e-01 4.558914845654721937e+00 9.393873351767951796e-01 9.184866584132604476e+04 0.000000000000000000e+00
6.796579591373357232e+01 6.264438451797549323e-01 5.206925731548547098e+00 1.006339913787027918e+00 9.184914054538369237e+04 0.000000000000000000e+00
5.542415014921287764e+01 3.388718387508284913e-01 4.406270231608677257e+00 1.024575263581595230e+00 9.184923939382983372e+04 0.000000000000000000e+00
6.373960602493625061e+01 6.541688825056609646e-01 5.129867748901249414e+00 9.525969931621905973e-01 9.184928236708021723e+04 0.000000000000000000e+00
6.193330184961572371e+01 5.406354994736897179e-01 4.985675317406084162e+00 9.248401843697784397e-01 9.184931387189043744e+04 0.000000000000000000e+00
6.480002991298262316e+01 6.224414873125959646e-01 4.750208080436061131e+00 8.969306108764721897e-01 9.184934609930234728e+04 0.000000000000000000e+00
5.530742646600029389e+01 3.123215179657298224e-01 4.528996809892457343e+00 1.040889602695079352e+00 9.184960890983616991e+04 0.000000000000000000e+00
5.933406167030064182e+01 5.049676619909317932e-01 4.351695349735385854e+00 1.100743216616702824e+00 9.184998067895157146e+04 0.000000000000000000e+00
5.746152648231499427e+01 3.962653383405846941e-01 4.417508218062463854e+00 1.136020297365717635e+00 9.185007300425705034e+04 0.000000000000000000e+00
5.735422872035879038e+01 3.653564194366998308e-01 4.849819110795693611e+00 1.132673071730580183e+00 9.185013668502405926e+04 0.000000000000000000e+00
5.586872428413676062e+01 3.575379784932446459e-01 4.799151108854658787e+00 1.028564003341937427e+00 9.185023011851792398e+04 0.000000000000000000e+00
5.657440345013465333e+01 4.056961820935318097e-01 4.398910117337953452e+00 1.093011414898438671e+00 9.185023432101239450e+04 0.000000000000000000e+00
7.654471761850916778e+01 8.275715699477870224e-01 5.096115800032607446e+00 1.051473094737535696e+00 9.185029802882829972e+04 0.000000000000000000e+00
5.960646677662049342e+01 5.114381148984260550e-01 5.143730162157650554e+00 9.854607951020405432e-01 9.185038741042047332e+04 0.000000000000000000e+00
5.945851290932642996e+01 4.993375989254894565e-01 5.315141656108268720e+00 1.144483876874456296e+00 9.185042422173942032e+04 0.000000000000000000e+00
5.915667991482980881e+01 4.223143669232547470e-01 4.860440330232961514e+00 9.854875287997085787e-01 9.185048077328626823e+04 0.000000000000000000e+00
6.973412429315939676e+01 6.930851825333770311e-01 4.517894285915088126e+00 1.106164290752627899e+00 9.185051200020669785e+04 0.000000000000000000e+00
6.553441273254337318e+01 6.655833538028008700e-01 5.651595760499307453e+00 1.061524232182929239e+00 9.185052661995749804e+04 0.000000000000000000e+00
5.568071107770026629e+01 3.626713066069922053e-01 4.942249768972415858e+00 1.067136274045588085e+00 9.185068942994099052e+04 0.000000000000000000e+00
6.923151226046049089e+01 7.268838897253125930e-01 4.502894110815533146e+00 9.513426324313978277e-01 9.185077627612063952e+04 0.000000000000000000e+00
6.387990325993587959e+01 6.264539450759673000e-01 5.496027761877970264e+00 1.140222915084069033e+00 9.185103181925779791e+04 0.000000000000000000e+00
6.633093891697174627e+01 6.342476518482857983e-01 5.500896391372968708e+00 1.008597329303667856e+00 9.185107768565198057e+04 0.000000000000000000e+00
6.777958815937421377e+01 6.379367377108932091e-01 4.821639230207503957e+00 9.462062256113105141e-01 9.185121740982204210e+04 0.000000000000000000e+00
5.979465610066934289e+01 5.602428187424337569e-01 4.844303794188270729e+00 1.070746385462640893e+00 9.185125895044869685e+04 0.000000000000000000e+00
7.120689924563357920e+01 7.549185453289518621e-01 5.484595242406339999e+00 1.124135769243941319e+00 9.185135196763685963e+04 0.000000000000000000e+00
7.020305843056026163e+01 7.321356885372429790e-01 5.588827932877059368e+00 1.110605478008206637e+00 9.185138319882548240e+04 0.000000000000000000e+00
6.576162529346025565e+01 6.452516874988355466e-01 4.366920833583711747e+00 1.071766343651883613e+00 9.185148043798380240e+04 0.000000000000000000e+00
6.039647778065595674e+01 4.466522453363215295e-01 4.538125857495571402e+00 1.059145001120607832e+00 9.185163339200340852e+04 0.000000000000000000e+00
5.521803827632947304e+01 3.150923068800077775e-01 4.844446323076652128e+00 1.074468595074947741e+00 9.185175789970568439e+04 0.000000000000000000e+00
6.019887845362982404e+01 5.266835987115936479e-01 4.513663191180421030e+00 1.131620246739591495e+00 9.185179508309441735e+04 0.000000000000000000e+00
6.523503426379666337e+01 6.184424799842087594e-01 5.290150141909692572e+00 9.595456603186995892e-01 9.185184377165998740e+04 0.000000000000000000e+00
6.409565325279820058e+01 5.687277277157184452e-01 5.252269890279698039e+00 1.134279519718890628e+00 9.185202674594387645e+04 0.000000000000000000e+00
5.522041817500250716e+01 3.157268600928365143e-01 4.713113551810374169e+00 1.068392549778984568e+00 9.185210547278706508e+04 0.000000000000000000e+00
6.259064959170533626e+01 5.647985523626043447e-01 5.236913815569407937e+00 9.818331951365681931e-01 9.185219017253152560e+04 0.000000000000000000e+00
6.556169984917738702e+01 6.446886632881908552e-01 4.553934114405611133e+00 9.412955074384401488e-01 9.185223700506231398e+04 0.000000000000000000e+00
6.091149426822616419e+01 4.965046159850696750e-01 4.495006834864310186e+00 1.003152630141409762e+00 9.185224285565163882e+04 0.000000000000000000e+00
5.789196209532737925e+01 3.953813625956958400e-01 4.633355993786208771e+00 1.102328497312626165e+00 9.185241190586054290e+04 0.000000000000000000e+00
6.743505822212748058e+01 7.229585328341321393e-01 5.078617302758532404e+00 1.099503561158968523e+00 9.185259814168693265e+04 0.000000000000000000e+00
6.553961953541575269e+01 5.757424561832431564e-01 4.848698019855988584e+00 1.024793622186826569e+00 9.185265262431623705e+04 0.000000000000000000e+00
6.851854939955185841e+01 7.272812223092587347e-01 4.754261120669402985e+00 9.494652323653922643e-01 9.185267387360097200e+04 0.000000000000000000e+00
6.136281062472655634e+01 5.771214668240998158e-01 5.295208241914371783e+00 1.052557810607583910e+00 9.185270075164391892e+04 0.000000000000000000e+00
6.024444307119370734e+01 4.526258742041129879e-01 4.980153326972304839e+00 1.070579619430492180e+00 9.185280585686773702e+04 0.000000000000000000e+00
6.990682430061519881e+01 6.967739466217451882e-01 5.397097488862295123e+00 1.081036229636578749e+00 9.185283800512121525e+04 0.000000000000000000e+00
6.390575914015160919e+01 6.200652297256604717e-01 5.489892396751706372e+00 1.097171369945922459e+00 9.185287391454445606e+04 0.000000000000000000e+00
6.026609236094981270e+01 5.356783619340514946e-01 4.898614003276215101e+00 1.163171657016208060e+00 9.185290221537514299e+04 0.000000000000000000e+00
5.866697095247463523e+01 4.610863205254189801e-01 4.836870585325800498e+00 1.168174200753759662e+00 9.185292018295764865e+04 0.000000000000000000e+00
5.694486412382225637e+01 4.020318137171475792e-01 4.596501237937932416e+00 1.078729872735689099e+00 9.185295102948209387e+04 0.000000000000000000e+00
6.212841788120356057e+01 5.700969007987420900e-01 4.617604147489513977e+00 1.150630569572373529e+00 9.185296217620522657e+04 0.000000000000000000e+00
6.461229376910036137e+01 6.499683460300527127e-01 5.465005691508443064e+00 1.095319351199992131e+00 9.185298080995531927e+04 0.000000000000000000e+00
7.461391956706951589e+01 7.949805268702756500e-01 5.273936396032101293e+00 1.082635404376840249e+00 9.185318510776270705e+04 0.000000000000000000e+00
7.260844818784185861e+01 7.374302948025319715e-01 4.799741968817893500e+00 9.941234321731522439e-01 9.185329101815744070e+04 0.000000000000000000e+00
6.937449334223569508e+01 7.125788091793211487e-01 4.488347710009512603e+00 1.034609743498644541e+00 9.185333228751775459e+04 0.000000000000000000e+00
6.428307707077451028e+01 5.648154080000363786e-01 5.073032533785756470e+00 9.951010255332457533e-01 9.185338666538447433e+04 0.000000000000000000e+00
6.869890269449750519e+01 6.597521795377200293e-01 5.150482292324749523e+00 1.085122041609403620e+00 9.185346855167043395e+04 0.000000000000000000e+00
5.712736078908245219e+01 4.297403046653583969e-01 4.710499220657054842e+00 1.097444067200252782e+00 9.185352355689778051e+04 0.000000000000000000e+00
5.958444916183629658e+01 4.536612121244305573e-01 4.583170619948174540e+00 1.068255432805550686e+00 9.185354369821635191e+04 0.000000000000000000e+00
6.315574854913044334e+01 5.322386767723171763e-01 4.629051633807536703e+00 1.102326400815851537e+00 9.185357093485811492e+04 0.000000000000000000e+00
6.005523504747586827e+01 4.562456382300454916e-01 4.665887208134084752e+00 1.088021191020122069e+00 9.185374994968531246e+04 0.000000000000000000e+00
7.242018187218063474e+01 7.416811797856694977e-01 5.281965490833423260e+00 1.060775333011155785e+00 9.185375416822696570e+04 0.000000000000000000e+00
6.741320223571034376e+01 6.703354740604247075e-01 5.024829467048666842e+00 9.310526988170193530e-01 9.185380925497192948e+04 0.000000000000000000e+00
6.394758631137154481e+01 5.666563464250604643e-01 4.684047920671940979e+00 1.125129206097668977e+00 9.185384546911064535e+04 0.000000000000000000e+00
5.918677526100049846e+01 4.635155389684775251e-01 4.552669584619424725e+00 1.060300986583373906e+00 9.185389446162278182e+04 0.000000000000000000e+00
6.998367613778221141e+01 7.353648319369366915e-01 4.847696487927550812e+00 1.123529342306775147e+00 9.185394799243034504e+04 0.000000000000000000e+00
6.962917039039207623e+01 7.290463503601892770e-01 5.551957443298610073e+00 1.040628899355247494e+00 9.185397012265928788e+04 0.000000000000000000e+00
6.686839498341869614e+01 6.638948625486610355e-01 4.484252984570304079e+00 1.025883766099417116e+00 9.185411466321980697e+04 0.000000000000000000e+00
7.239436556760414021e+01 7.691118778526503386e-01 5.434221074729198797e+00 9.884344453441229472e-01 9.185414249453647062e+04 0.000000000000000000e+00
6.072962019433185787e+01 5.667650867778950552e-01 4.761115059042891673e+00 1.077222465147437136e+00 9.185415870164887747e+04 0.000000000000000000e+00
6.665642557285254099e+01 6.372673931463874730e-01 5.341939815581408624e+00 1.020580822239233187e+00 9.185421299152573920e+04 0.000000000000000000e+00
6.570834874773881040e+01 6.437175600420617094e-01 5.003191459270334818e+00 1.161765613816638121e+00 9.185431304823956452e+04 0.000000000000000000e+00
6.525237106956856792e+01 6.441388401666495733e-01 4.678333999044959057e+00 9.602428367693938149e-01 9.185432429784363194e+04 0.000000000000000000e+00
7.388117526729959650e+01 7.797127045899633346e-01 5.065826274132887441e+00 9.660110383179401072e-01 9.185432746824092465e+04 0.000000000000000000e+00
6.384022978488435740e+01 5.637908442118158003e-01 5.104284758210503092e+00 1.004779859580329671e+00 9.185436349575726490e+04 0.000000000000000000e+00
6.556045314332925500e+01 6.124328251079056429e-01 4.711457268427245992e+00 9.691673331197450114e-01 9.185437409154277702e+04 0.000000000000000000e+00
6.260596373541562087e+01 5.672662061086690688e-01 4.681181234198082741e+00 9.723831888759090214e-01 9.185448740218169405e+04 0.000000000000000000e+00
6.736762094396085843e+01 7.117670706616843201e-01 5.378894833104856055e+00 1.027794383622029573e+00 9.185453695625395630e+04 0.000000000000000000e+00
5.988252432047528373e+01 5.136912677326539445e-01 5.033610951706758208e+00 1.034051062726783599e+00 9.185459300193436502e+04 0.000000000000000000e+00
6.757944001856948546e+01 7.040077839637232104e-01 5.012793562646674417e+00 1.129030438540881587e+00 9.185473145997337997e+04 0.000000000000000000e+00
6.533614351161455147e+01 6.348540795718764507e-01 4.919575329233792260e+00 9.501872940185552840e-01 9.185474570759681228e+04 0.000000000000000000e+00
6.545064892337649098e+01 6.410936489229142055e-01 5.093102589056723417e+00 9.558988620924767643e-01 9.185475991476942727e+04 0.000000000000000000e+00
6.452714446647904367e+01 5.853814468127921389e-01 4.558888612361640114e+00 1.035641868257694442e+00 9.185477459283388453e+04 0.000000000000000000e+00
6.553826557618518223e+01 6.402524336216717238e-01 5.267188950895577371e+00 1.138252803582969985e+00 9.185494046707938833e+04 0.000000000000000000e+00
6.418074014530992599e+01 5.707731282791027594e-01 4.718939239995622259e+00 1.101927516738811841e+00 9.185495352921418089e+04 0.000000000000000000e+00
6.775495877952917567e+01 7.118769095192111207e-01 4.851785335089386031e+00 1.097305290868108241e+00 9.185496089612500509e+04 0.000000000000000000e+00
6.742018202092229728e+01 7.036874064354813330e-01 5.147487072611902192e+00 9.657341133030633573e-01 9.185501710036312579e+04 0.000000000000000000e+00
6.512569285623953874e+01 5.914590607074021733e-01 4.644388706875491657e+00 1.020810737601062446e+00 9.185502696278972144e+04 0.000000000000000000e+00
6.426418305926515018e+01 5.725603067784242883e-01 5.133345148298277927e+00 1.068241208969967992e+00 9.185511074256373104e+04 0.000000000000000000e+00
7.333304520774576929e+01 7.737980545928540010e-01 5.188704150300710971e+00 1.063782559280429529e+00 9.185516058406812954e+04 0.000000000000000000e+00
7.050040010556131165e+01 7.409027256998492739e-01 4.739363810947063271e+00 1.075604707168547503e+00 9.185525024435065279e+04 0.000000000000000000e+00
6.744223016611897492e+01 6.863498577266228251e-01 4.624645530500986368e+00 9.915507602891183714e-01 9.185528778750912170e+04 0.000000000000000000e+00
6.626688541595507331e+01 6.506043099867065971e-01 4.936368442611536622e+00 9.514906658614057378e-01 9.185533728973196412e+04 0.000000000000000000e+00
7.014627044884096563e+01 7.514683997677727989e-01 4.849425393352840175e+00 1.004074934317235490e+00 9.185538805896650592e+04 0.000000000000000000e+00
7.048203453023080556e+01 7.251692915342347057e-01 4.926171012388400605e+00 9.523310946884924189e-01 9.185545950727374293e+04 0.000000000000000000e+00
6.523036955615074817e+01 5.964654425434215979e-01 5.091151645910651169e+00 1.092379787426288162e+00 9.185557181567400403e+04 0.000000000000000000e+00
6.178038112503842427e+01 5.840659867072812705e-01 4.983486845069626803e+00 1.039460283542171348e+00 9.185562175989375100e+04 0.000000000000000000e+00
6.649540258432500650e+01 6.798423103118362842e-01 5.364509415753052401e+00 1.085974990585185429e+00 9.185563579073414439e+04 0.000000000000000000e+00
6.872163336499893660e+01 6.651858286707572621e-01 5.022559931780343767e+00 1.024395917170612069e+00 9.185566462225723080e+04 0.000000000000000000e+00
6.241297571281362622e+01 5.902686854653095283e-01 4.930798871979614972e+00 1.124911444746035993e+00 9.185566935479492531e+04 0.000000000000000000e+00
6.256852042838868044e+01 5.207247249815972756e-01 4.823453046854504045e+00 1.046211807058116339e+00 9.185567624503734987e+04 0.000000000000000000e+00
6.556816506694961788e+01 6.244834459762191869e-01 5.324537051638928098e+00 1.057418872742103888e+00 9.185572961049107835e+04 0.000000000000000000e+00
7.109233738090442500e+01 7.581082136958989803e-01 5.142135946800241442e+00 9.703210213739552614e-01 9.185573004082086845e+04 0.000000000000000000e+00
6.627332932473788674e+01 6.645673518276491443e-01 4.775232211145449490e+00 9.696272624021853304e-01 9.185576649140164955e+04 0.000000000000000000e+00
6.949707689342416472e+01 6.966257007483970254e-01 5.298456323178164062e+00 1.046768656210802284e+00 9.185577758433447161e+04 0.000000000000000000e+00
6.493404786873425394e+01 6.457181386787235189e-01 5.342481751222236674e+00 1.052965153337577231e+00 9.185583018926395744e+04 0.000000000000000000e+00
6.419023762174066405e+01 5.619484294396734914e-01 4.857509975469731067e+00 1.054921065310782335e+00 9.185590377659615478e+04 0.000000000000000000e+00
6.395226545746440650e+01 6.077932253234160642e-01 5.218909440551061429e+00 1.013755354762855498e+00 9.185592736525066721e+04 0.000000000000000000e+00
6.714767633906174638e+01 7.003029148535236947e-01 5.086790243919432797e+00 9.834993766358153255e-01 9.185592906325560762e+04 0.000000000000000000e+00
7.006720098399017616e+01 7.406511575932356317e-01 5.082807684077359944e+00 9.636699316600585430e-01 9.185593251056318695e+04 0.000000000000000000e+00
6.455199519756740756e+01 5.788073769244427291e-01 4.995907245657711826e+00 1.085029398724160599e+00 9.185607343166224018e+04 0.000000000000000000e+00
6.570241824241908546e+01 6.322715485751181363e-01 5.298593195218028740e+00 1.030540358420911629e+00 9.185608592218527338e+04 0.000000000000000000e+00
6.462778060694682836e+01 6.524638269494892340e-01 4.903006239464988703e+00 1.085762779355324614e+00 9.185618064052046975e+04 0.000000000000000000e+00
6.247328137851372531e+01 5.856564140174994604e-01 5.161832103968984953e+00 1.098735291261121905e+00 9.185622166384229786e+04 0.000000000000000000e+00
7.084187071466384111e+01 7.266237468720259107e-01 5.159457735092111363e+00 1.087501708943597212e+00 9.185622568417584989e+04 0.000000000000000000e+00
6.742514906167160404e+01 7.057760924290524818e-01 5.255038397021221996e+00 1.026455836665718380e+00 9.185624898913362995e+04 0.000000000000000000e+00
6.257810060471260272e+01 5.585645398647479665e-01 4.921469418770573867e+00 1.002016751463292055e+00 9.185627733660393278e+04 0.000000000000000000e+00
6.048535188924400785e+01 5.136912641512546562e-01 4.943398787426843022e+00 1.089283531396156857e+00 9.185628570504466188e+04 0.000000000000000000e+00
6.347776706018368742e+01 6.191778327646382252e-01 4.852315000132860767e+00 1.015537003591991061e+00 9.185629067277476133e+04 0.000000000000000000e+00
6.744831721458660923e+01 6.927551578819725053e-01 5.354037158575604138e+00 1.022503326803643420e+00 9.185630361871274363e+04 0.000000000000000000e+00
6.543801375420726174e+01 6.393625194477097207e-01 5.064894610211797321e+00 9.766405857133787505e-01 9.185632439635027549e+04 0.000000000000000000e+00
6.057876794963392086e+01 5.292646454373890474e-01 4.931448462594042681e+00 1.059425240453749417e+00 9.185632621043462132e+04 0.000000000000000000e+00
7.132438202592946652e+01 7.462457884358445481e-01 5.257583102213491344e+00 1.012033332443234457e+00 9.185639937425666722e+04 0.000000000000000000e+00
6.613443726669005684e+01 6.175712049068267095e-01 4.816765712460385984e+00 1.069633506774150700e+00 9.185643626046985446e+04 0.000000000000000000e+00
7.086361551536901970e+01 7.343410926080390366e-01 5.142811521281521969e+00 9.811722191297647111e-01 9.185647586785042949e+04 0.000000000000000000e+00
6.354403990081839027e+01 6.149934170810856804e-01 5.041439208692541030e+00 1.011395013999375481e+00 9.185651322043235996e+04 0.000000000000000000e+00
6.942350758312652204e+01 7.049303604098180465e-01 5.302699567755140286e+00 1.065086031625019913e+00 9.185655565256913542e+04 0.000000000000000000e+00
6.538628491856290736e+01 6.287949897399925936e-01 4.626646200257771291e+00 1.028972483334974930e+00 9.185661439936074021e+04 0.000000000000000000e+00
6.997132247097556501e+01 7.417604424884481906e-01 4.918102063375805244e+00 9.925200889864466136e-01 9.185661797878217476e+04 0.000000000000000000e+00
6.813487603128308479e+01 6.796267042754163823e-01 4.752250425013318846e+00 1.083485378329884341e+00 9.185667881514405599e+04 0.000000000000000000e+00
6.660308231812997803e+01 6.536390022826589208e-01 4.987531105535818909e+00 9.752119314852885079e-01 9.185670094790948497e+04 0.000000000000000000e+00
6.390210270399983017e+01 5.914707663129282755e-01 4.818254416972342469e+00 1.112162606352070870e+00 9.185670331047236687e+04 0.000000000000000000e+00
6.643832203715722073e+01 6.507392934418183561e-01 4.639652428305011789e+00 1.039812337210487936e+00 9.185670538051046606e+04 0.000000000000000000e+00
6.837730685157906407e+01 7.215727078858666932e-01 5.151001218660090863e+00 1.008192203367371143e+00 9.185676142870145850e+04 0.000000000000000000e+00
6.796901617561077558e+01 7.082589738616267283e-01 5.266723821330810296e+00 1.017346172788550218e+00 9.185676590249470610e+04 0.000000000000000000e+00
6.832144913436405886e+01 7.020183397537951286e-01 4.712298261284322720e+00 1.042655824452432656e+00 9.185684645763842855e+04 0.000000000000000000e+00
6.778268100084571302e+01 6.969053254544210763e-01 4.792514502043790259e+00 1.079379376928765399e+00 9.185686965057704947e+04 0.000000000000000000e+00
6.327197766224205822e+01 5.603980008778982613e-01 4.919462902580825414e+00 1.063295740410657997e+00 9.185693073744510184e+04 0.000000000000000000e+00
6.337492477294935611e+01 5.956485485760636411e-01 5.092261273287863155e+00 1.023306322421469128e+00 9.185697517375829921e+04 0.000000000000000000e+00
6.655788499990390505e+01 6.527724849135353447e-01 5.242258107484314422e+00 1.020743198465876578e+00 9.185698784214006446e+04 0.000000000000000000e+00
6.730697524920154251e+01 6.746569803635075191e-01 4.930185414283188905e+00 9.727275252768831093e-01 9.185699672121131152e+04 0.000000000000000000e+00
6.263942863830572350e+01 5.755370697011179537e-01 4.984893050269649351e+00 1.022594242728122937e+00 9.185704627165185229e+04 0.000000000000000000e+00
6.319617713714245610e+01 5.867719606589141268e-01 5.082439449615620219e+00 1.025732087539903414e+00 9.185705242098653980e+04 0.000000000000000000e+00
6.986915800890095340e+01 7.087202782850254845e-01 4.987479773267197380e+00 9.903947860790707214e-01 9.185709596289864567e+04 0.000000000000000000e+00
6.986923520581939329e+01 7.087222689433108069e-01 4.987494101744744945e+00 9.903959339635746151e-01 9.185709634390918654e+04 0.000000000000000000e+00
6.881004443815274385e+01 7.136969008091679223e-01 5.238474436887631924e+00 1.001289527114474831e+00 9.185710138636481133e+04 0.000000000000000000e+00
6.989730707915992980e+01 7.156403653810058385e-01 4.934816545209466554e+00 9.821141713504888404e-01 9.185710949580695888e+04 0.000000000000000000e+00
6.682375586780467813e+01 6.691875919614597157e-01 5.082725718928554848e+00 9.840797465147718137e-01 9.185717500545395887e+04 0.000000000000000000e+00
6.394669124505433899e+01 6.262187485435637413e-01 5.097016445899417825e+00 1.041691685934803324e+00 9.185724647186984657e+04 0.000000000000000000e+00
6.331369082667250581e+01 6.083238455875397133e-01 4.997403115639269089e+00 1.091658484635439574e+00 9.185729224253643770e+04 0.000000000000000000e+00
6.444029374881489503e+01 6.239087332299890765e-01 5.092517996250408352e+00 1.013877898574171210e+00 9.185730298333222163e+04 0.000000000000000000e+00
6.877569564045548134e+01 7.182880010597927356e-01 5.209430072317370986e+00 1.084522943327296929e+00 9.185731809448606509e+04 0.000000000000000000e+00
6.538391654995795932e+01 6.182021772651138392e-01 4.786231537586437490e+00 1.007529251343614041e+00 9.185732170310245419e+04 0.000000000000000000e+00
6.352335404774953531e+01 5.946458860122734169e-01 4.817214550000277207e+00 1.101565808730664786e+00 9.185733157612202922e+04 0.000000000000000000e+00
6.288470180000003751e+01 5.601895280908911756e-01 4.914486838875944841e+00 1.061641480277656147e+00 9.185733304786641384e+04 0.000000000000000000e+00
7.007592583587434376e+01 7.311070396020173945e-01 5.228510911248663184e+00 1.009061108740033630e+00 9.185735131608018128e+04 0.000000000000000000e+00
6.286098112337484167e+01 5.612596284979077810e-01 4.812839576257334606e+00 1.051013415818925711e+00 9.185739234540611506e+04 0.000000000000000000e+00
7.084142994747620037e+01 7.326921225713857178e-01 5.157394219679273917e+00 1.015398015423772282e+00 9.185739427517176955e+04 0.000000000000000000e+00
6.496074392869581970e+01 6.316638710113502420e-01 4.793860894177182530e+00 1.009272362627792852e+00 9.185740459253716108e+04 0.000000000000000000e+00
6.951534940901456139e+01 7.133847026410856662e-01 5.235517756213314833e+00 1.062094200637209829e+00 9.185740778900911391e+04 0.000000000000000000e+00
6.938033797577584494e+01 7.295827332330356851e-01 5.170474116378163565e+00 1.012689589335090234e+00 9.185750638644503488e+04 0.000000000000000000e+00
6.437647163140164253e+01 6.314092663626913460e-01 4.907507176052491538e+00 1.022821537882233622e+00 9.185753062410598795e+04 0.000000000000000000e+00
6.373540205274373704e+01 6.172314866907817610e-01 4.874302865425762299e+00 1.059503594033925244e+00 9.185758991425651766e+04 0.000000000000000000e+00
6.541393860029482710e+01 6.537519396204247712e-01 5.199977897001421212e+00 1.055035211329031553e+00 9.185760069067111181e+04 0.000000000000000000e+00
6.627962404460504331e+01 6.484861055236216254e-01 4.788091834554063730e+00 1.008102328414755888e+00 9.185762173419578176e+04 0.000000000000000000e+00
6.707185143710192676e+01 6.951550881151210559e-01 5.004669856775083581e+00 1.049785378218586196e+00 9.185762630858532793e+04 0.000000000000000000e+00
6.686634752188862763e+01 6.485578814971127981e-01 5.093105072230768471e+00 1.023137251005488135e+00 9.185764616058120737e+04 0.000000000000000000e+00
6.457036971992451413e+01 5.993191389163988747e-01 4.789621324952316961e+00 1.065381606319892205e+00 9.185764743019084563e+04 0.000000000000000000e+00
6.629940128202996164e+01 6.611182852656649622e-01 5.119874195259873417e+00 1.004076109996117960e+00 9.185767979036971519e+04 0.000000000000000000e+00
6.561712680849731782e+01 6.195916836327409749e-01 4.995155202438949615e+00 1.034865156234900718e+00 9.185770216980559053e+04 0.000000000000000000e+00
6.970621386094730099e+01 7.224471491530100042e-01 5.251269413436754796e+00 1.041356137676742843e+00 9.185770415513154876e+04 0.000000000000000000e+00
6.905185168302884335e+01 7.113196148891337556e-01 5.254524136747328988e+00 1.048210265014738241e+00 9.185770971939997980e+04 0.000000000000000000e+00
7.095914298364981221e+01 7.391982361325177830e-01 5.130361873108914672e+00 1.023993868697499199e+00 9.185772456819773652e+04 0.000000000000000000e+00
6.500679151214853846e+01 6.268124493209054071e-01 4.912661414039210861e+00 1.102230278312111622e+00 9.185773840571062465e+04 0.000000000000000000e+00
7.077540912587156186e+01 7.366526641029994549e-01 4.919177938136658490e+00 1.038507960273748365e+00 9.185774320160922070e+04 0.000000000000000000e+00
6.330108222691572450e+01 5.924356378651534083e-01 5.019094878706750862e+00 1.088079064126673101e+00 9.185775996039937309e+04 0.000000000000000000e+00
6.821894570227181021e+01 6.750236716094191181e-01 4.998074320038537799e+00 1.016742283330285046e+00 9.185777511750094709e+04 0.000000000000000000e+00
6.429684171245040147e+01 6.157403196956333646e-01 5.132912446396606043e+00 1.079222321242081284e+00 9.185781288089317968e+04 0.000000000000000000e+00
6.796848088698892809e+01 6.930020592812888847e-01 5.006649546535885342e+00 1.092792066583925248e+00 9.185783806345600169e+04 0.000000000000000000e+00
6.562618868033354147e+01 6.297530907377948406e-01 4.810216089191825084e+00 1.018529764887565081e+00 9.185784264203842031e+04 0.000000000000000000e+00
6.355452557962048843e+01 5.783816061702515832e-01 4.942628118863303222e+00 1.062937517223961903e+00 9.185784978066670010e+04 0.000000000000000000e+00
7.023141906363534304e+01 7.332907130183136113e-01 5.033544619496059802e+00 1.005044014179227618e+00 9.185786801225897216e+04 0.000000000000000000e+00
6.861892759835994582e+01 6.925715713131700424e-01 5.201158776227974734e+00 1.047662211770299168e+00 9.185788944547706342e+04 0.000000000000000000e+00
7.003398259888513167e+01 7.324304772740706237e-01 4.944930569531188702e+00 1.017531028621269984e+00 9.185789241088702693e+04 0.000000000000000000e+00
6.742693928726849606e+01 6.718511857173494750e-01 5.218933899893659856e+00 1.051364902329564810e+00 9.185791593423097220e+04 0.000000000000000000e+00
6.690513882692656011e+01 6.847147848427795891e-01 5.176008959038981949e+00 1.042936431244047002e+00 9.185794675172498683e+04 0.000000000000000000e+00
6.789833138289694148e+01 6.976564320959569576e-01 4.884051323521510390e+00 1.014293396184764662e+00 9.185802192749285314e+04 0.000000000000000000e+00
6.739331395005078207e+01 6.676565046102341805e-01 5.069523359566229459e+00 1.086340479012328109e+00 9.185802359555730072e+04 0.000000000000000000e+00
6.546815035581005304e+01 6.515808287382544028e-01 5.143957480205036070e+00 1.043634377384140777e+00 9.185803202753137157e+04 0.000000000000000000e+00
6.751245981283723552e+01 6.944186721091765158e-01 4.885866041951873129e+00 1.034870133774218992e+00 9.185803973890456837e+04 0.000000000000000000e+00
6.918240377341980718e+01 7.214609369179368903e-01 5.068437858183142630e+00 1.006115608697800035e+00 9.185804014217182703e+04 0.000000000000000000e+00
6.700627099134229070e+01 6.737434231927490469e-01 4.821304022225969099e+00 1.017021541862457745e+00 9.185805549700646952e+04 0.000000000000000000e+00
6.891919353169954832e+01 7.179043093741359627e-01 4.936406990579428999e+00 1.029640026406663633e+00 9.185806495169200934e+04 0.000000000000000000e+00
6.789908790118542470e+01 6.807670386228134030e-01 4.836786883636443157e+00 1.013224592694495829e+00 9.185806791397943744e+04 0.000000000000000000e+00
6.983427054350077867e+01 7.176097939763844691e-01 4.935092409434846950e+00 1.016547115886554220e+00 9.185807986819237703e+04 0.000000000000000000e+00
6.439127929034557951e+01 6.213052403240234556e-01 5.075014349566163041e+00 1.045328232921662437e+00 9.185811292207561200e+04 0.000000000000000000e+00
6.701411053482199520e+01 6.561862205970873108e-01 5.105389947288631269e+00 1.036127755270411344e+00 9.185814530862130050e+04 0.000000000000000000e+00
6.408662928933374303e+01 5.935601721551586607e-01 4.947092873465988028e+00 1.047906918755650452e+00 9.185814552392014593e+04 0.000000000000000000e+00
6.973248218750580918e+01 7.169368988674198473e-01 4.908465499029365020e+00 1.027657051819734768e+00 9.185814813327947923e+04 0.000000000000000000e+00
6.877925851420492620e+01 7.114763145588698379e-01 5.122947949474576212e+00 1.015919997582245937e+00 9.185819922331310227e+04 0.000000000000000000e+00
6.393257246391954141e+01 6.114478244721891498e-01 4.921528565446349646e+00 1.074453377602407222e+00 9.185822142280190019e+04 0.000000000000000000e+00
6.841879588267802603e+01 6.890390491354357883e-01 5.085195691495828285e+00 1.016101128180939339e+00 9.185822392849819153e+04 0.000000000000000000e+00
6.512984451563130506e+01 6.282056276276741791e-01 4.985620633840789573e+00 1.020739595576706904e+00 9.185822553216920642e+04 0.000000000000000000e+00
6.560717526071098860e+01 6.246579415206247043e-01 4.882782573930098735e+00 1.058855844534193125e+00 9.185823178028719849e+04 0.000000000000000000e+00
6.888123478444506986e+01 7.125083259487687837e-01 4.944815491745355729e+00 1.054294802922037366e+00 9.185824101614397659e+04 0.000000000000000000e+00
6.479052488733616144e+01 6.242487054957618353e-01 4.910125189756418429e+00 1.083662504779107083e+00 9.185825127294694539e+04 0.000000000000000000e+00
6.495967906675501524e+01 6.107669909576151079e-01 4.917592211003626979e+00 1.043018298524703624e+00 9.185827711873994849e+04 0.000000000000000000e+00
6.431015010311261904e+01 6.074938488227010769e-01 4.873373721934323832e+00 1.054345945901394188e+00 9.185830549795861589e+04 0.000000000000000000e+00
6.661606968528693073e+01 6.562850288195116732e-01 4.814711288036589210e+00 1.043405071252877070e+00 9.185831245920601941e+04 0.000000000000000000e+00
6.690575662092408038e+01 6.684245198634675145e-01 5.175665662404909995e+00 1.048424916166745824e+00 9.185834775614549289e+04 0.000000000000000000e+00
6.742313222677921658e+01 6.644545980061312695e-01 5.025635015793690208e+00 1.064309153656648022e+00 9.185836099731235299e+04 0.000000000000000000e+00
6.612746453638355604e+01 6.564256768436144140e-01 4.835887548803646574e+00 1.039749454177459898e+00 9.185836782160267467e+04 0.000000000000000000e+00
6.544633650842253303e+01 6.479428064844043877e-01 4.888645609928720326e+00 1.046020408437076332e+00 9.185839396451720677e+04 0.000000000000000000e+00
6.827211318405697682e+01 6.909136812892980872e-01 5.106185732621221440e+00 1.020575380743421690e+00 9.185841311514363042e+04 0.000000000000000000e+00
6.688971357505013771e+01 6.760561783190049967e-01 4.886497603319945426e+00 1.057835887195142321e+00 9.185841802699227992e+04 0.000000000000000000e+00
6.684450551280333741e+01 6.611003662225927169e-01 5.078511056738019391e+00 1.024349109289536930e+00 9.185843681996938540e+04 0.000000000000000000e+00
6.466543403730628370e+01 6.296558659007186476e-01 4.973787408000873711e+00 1.055136345951117161e+00 9.185844249762780964e+04 0.000000000000000000e+00
6.804425617466871756e+01 6.848672226193748269e-01 4.883369354217644620e+00 1.055204871346327344e+00 9.185844351890044345e+04 0.000000000000000000e+00
6.562992876953624943e+01 6.431757832945720343e-01 4.887215275054294317e+00 1.026963667816042980e+00 9.185844451100022707e+04 0.000000000000000000e+00
6.885033562153709852e+01 7.077769551658139591e-01 4.959510161901437009e+00 1.018463847695826319e+00 9.185844500040865387e+04 0.000000000000000000e+00
6.739032255818688100e+01 6.629385039823927350e-01 4.945080029428310375e+00 1.037894142738819747e+00 9.185845919699991646e+04 0.000000000000000000e+00
6.515048105043263149e+01 6.302020215360529809e-01 5.050435030780437984e+00 1.039507045461573131e+00 9.185846100144369120e+04 0.000000000000000000e+00
6.545303360281508276e+01 6.461098125017705751e-01 4.901067008967964433e+00 1.066325101702886080e+00 9.185846130762920075e+04 0.000000000000000000e+00
6.515865943444850927e+01 6.375359539989898794e-01 4.895707736641346841e+00 1.040291923819996134e+00 9.185846863879678131e+04 0.000000000000000000e+00
6.774079104344308178e+01 6.868829183173137398e-01 4.876378990766014887e+00 1.051962380107433148e+00 9.185847179153299658e+04 0.000000000000000000e+00
6.696635691060427575e+01 6.815607932422400594e-01 5.080422710942249509e+00 1.035482030140087994e+00 9.185847726666645030e+04 0.000000000000000000e+00
6.812672438404722186e+01 7.027489170779995797e-01 5.044250614250889164e+00 1.056469239663943016e+00 9.185848384073190391e+04 0.000000000000000000e+00
6.783635932142752267e+01 6.764222781365453185e-01 4.915777179605886005e+00 1.056279186467355968e+00 9.185849425986294227e+04 0.000000000000000000e+00
6.797177891864906485e+01 6.987241948113720458e-01 5.076467656461169042e+00 1.025416631072996188e+00 9.185849750433808367e+04 0.000000000000000000e+00
6.747131092786247564e+01 6.857362809390549208e-01 4.893978465349027474e+00 1.034750392773989836e+00 9.185851476055015519e+04 0.000000000000000000e+00
6.554856880021574739e+01 6.456133561531797183e-01 4.988153242584099090e+00 1.076262606882619322e+00 9.185852575441962108e+04 0.000000000000000000e+00
6.749649053554212230e+01 6.920680911845595862e-01 4.974134209338930468e+00 1.038129000924936651e+00 9.185852650719642406e+04 0.000000000000000000e+00
6.870160985614150206e+01 7.040905769086983623e-01 4.947914429018913651e+00 1.051767836687023339e+00 9.185853932475086185e+04 0.000000000000000000e+00
6.761293408622060497e+01 6.871940147966785206e-01 5.118509071414875322e+00 1.064487134729349638e+00 9.185854506876503001e+04 0.000000000000000000e+00
6.733963852575664077e+01 6.787204613990948099e-01 5.134800083481675159e+00 1.035457569879387529e+00 9.185855604724695149e+04 0.000000000000000000e+00
6.560005816970122794e+01 6.525482957474301182e-01 4.968695980292977765e+00 1.050089727579229804e+00 9.185857053904068016e+04 0.000000000000000000e+00
6.584196513138641649e+01 6.561689551228278017e-01 4.938560513120344275e+00 1.042564505281578846e+00 9.185858453360207204e+04 0.000000000000000000e+00
6.719827837350663913e+01 6.791764076535340422e-01 5.126825440390384792e+00 1.039057473766220818e+00 9.185859485580370529e+04 0.000000000000000000e+00
6.747322392262185531e+01 6.761320913926268661e-01 5.073098957877278714e+00 1.025784848634401447e+00 9.185861694096836436e+04 0.000000000000000000e+00
6.682409766057955380e+01 6.657066187070166396e-01 5.081204365774458331e+00 1.031392660845413367e+00 9.185865056136019120e+04 0.000000000000000000e+00
6.837409002819511272e+01 6.975488972076850924e-01 5.097913211351753127e+00 1.054016729854112544e+00 9.185865266953458195e+04 0.000000000000000000e+00
6.726352405475347496e+01 6.787109848886838659e-01 5.069883742720254105e+00 1.026607048813745093e+00 9.185866773778012430e+04 0.000000000000000000e+00
6.673332425196788620e+01 6.701672142136201327e-01 5.041121979057590963e+00 1.030004487528529911e+00 9.185870548361683905e+04 0.000000000000000000e+00
6.625353279450960997e+01 6.483347725588646249e-01 5.022601803292386258e+00 1.041435052999711397e+00 9.185872846482483146e+04 0.000000000000000000e+00
6.539017751015478552e+01 6.328085326388864784e-01 4.958100332890992945e+00 1.055167920006260696e+00 9.185875198187484057e+04 0.000000000000000000e+00
6.628968889644031037e+01 6.617205110397922363e-01 4.959515820446965151e+00 1.041189899853495859e+00 9.185876456144206168e+04 0.000000000000000000e+00
6.693353329372976646e+01 6.766216253156576155e-01 5.026515716865612937e+00 1.043895174967531592e+00 9.185878292913116456e+04 0.000000000000000000e+00
6.711061913262595624e+01 6.688999050032556903e-01 4.926227895589676109e+00 1.041220454112290250e+00 9.185880367491843936e+04 0.000000000000000000e+00
6.712280008259052977e+01 6.764713903771000236e-01 5.036050726957014056e+00 1.047049300545727979e+00 9.185886813143547624e+04 0.000000000000000000e+00
