1.063398335834051629e-36
1.062522114217426034e-36
1.061628028657498474e-36
1.062433512245002445e-36
1.063188647633599975e-36
1.062194558256454535e-36
1.061215393000785095e-36
1.061930619804714726e-36
1.062562972490475597e-36
1.061454187478382470e-36
1.060393883904725459e-36
1.061018326249376149e-36
1.061527535357242265e-36
1.060309062426461720e-36
1.059172755420930480e-36
1.059706489015068485e-36
1.060092513515598167e-36
1.058769977654502157e-36
1.057564454081964032e-36
1.058009501985417975e-36
1.058273682911571520e-36
1.056853087364663030e-36
1.055585193177234981e-36
1.055944237651409628e-36
1.056089135686235501e-36
1.054577972862520171e-36
1.053255819968739825e-36
1.053532288429617058e-36
1.053560685617176369e-36
1.051966648372305000e-36
1.050599368156808068e-36
1.050798432087472678e-36
1.050714547451800973e-36
1.049045703123265503e-36
1.047642229422153554e-36
1.047769251518702505e-36
1.047578132717272382e-36
1.045843708819143365e-36
1.044414093040500277e-36
1.044475222170035970e-36
1.044182074893103889e-36
1.042391080888445006e-36
1.040945738424825700e-36
1.040948423620420464e-36
1.040559798800660094e-36
1.038721601734559908e-36
1.037270495993204033e-36
1.037221929651101549e-36
1.036744750492167180e-36
1.034869459998893121e-36
1.033423413337594364e-36
1.033331503583120392e-36
1.032772771884010100e-36
1.030869913051284231e-36
1.029439438612111644e-36
1.029312815027067852e-36
1.028680668937939136e-36
1.026760091301371412e-36
1.025355065769323607e-36
1.025201689745092535e-36
1.024504138335870029e-36
1.022575979937638085e-36
1.021206818401961304e-36
1.021035233956242602e-36
1.020280323089860824e-36
1.018353863646609440e-36
1.017030049713467874e-36
1.016848876497155190e-36
1.016045463179146339e-36
1.014130291757955946e-36
1.012860617492477419e-36
1.012677491916854802e-36
1.011833830684323390e-36
1.009939335515474269e-36
1.008732761274308610e-36
1.008555739725209086e-36
1.007680103983063944e-36
1.005814683169485724e-36
1.004678742015386255e-36
1.004515280593814820e-36
1.003616325226369866e-36
1.001788634290974127e-36
1.000730228897785872e-36
1.000586646911600681e-36
9.996720301846405785e-37
9.978900536331085966e-37
9.969158444605443573e-37
9.967986621771419187e-37
9.958760678892578418e-37
9.941468190385513251e-37
9.932617660019037911e-37
9.931763313630809107e-37
9.922533374760444878e-37
9.905840043359101113e-37
9.897926013768132770e-37
9.897431753808409386e-37
9.888261686551229283e-37
9.872229175396651158e-37
9.865290787294359828e-37
9.865199259252577033e-37
9.856153484616585332e-37
9.840835770920271200e-37
9.834895262561579950e-37
9.835233909202422748e-37
9.826371803426148736e-37
9.811823632480933756e-37
9.806901163267633880e-37
9.807689147262572915e-37
9.799058198884034001e-37
9.785322564557084177e-37
9.781430203240343478e-37
9.782685044960053127e-37
9.774333889390960151e-37
9.761448801048939772e-37
9.758584196298723761e-37
9.760307223459035973e-37
9.752276177782649856e-37
9.740279401578883413e-37
9.738440645708770537e-37
9.740628394681374564e-37
9.732947466729001945e-37
9.721864520516313874e-37
9.721040245112318200e-37
9.723686216780922314e-37
9.716386750739751144e-37
9.706241037712871666e-37
9.706409179714252556e-37
9.709491533510628671e-37
9.702594201579860953e-37
9.693407464929292777e-37
9.694548456941193385e-37
9.698044500079417053e-37
9.691562361356737946e-37
9.683344477751411025e-37
9.685428605267494979e-37
9.689311472346155416e-37
9.683258691691141591e-37
9.676020181905612705e-37
9.679011553309449799e-37
9.683241553406207855e-37
9.677620410056095557e-37
9.671368167098581794e-37
9.675234595264264823e-37
9.679774999382960812e-37
9.674583520820901365e-37
9.669314028420391745e-37
9.674013003930385236e-37
9.678821844228668961e-37
9.674058498029823468e-37
9.669770805690081001e-37
9.675258319816882116e-37
9.680284601212746197e-37
9.675935877425008082e-37
9.672623217787000440e-37
9.678858855404590577e-37
9.684057592315060302e-37
9.680109382739428434e-37
9.677756819535859501e-37
9.684690389621176095e-37
9.690010481831650594e-37
9.686448055865511224e-37
9.685044261691414150e-37
9.692628408107277110e-37
9.698014600279806680e-37
9.694812573417859271e-37
9.694338585864896879e-37
9.702528422170141716e-37
9.707933356594818011e-37
9.705069507080434495e-37
9.705501287826913330e-37
9.714243635296482565e-37
9.719613645277776271e-37
9.717063919292568392e-37
9.718381235410438406e-37
9.727629171695020190e-37
9.732911581196619458e-37
9.730643995906491773e-37
9.732817768759369997e-37
9.742524897297347827e-37
9.747675289250546055e-37
9.745663852088764456e-37
9.748663192178508238e-37
9.758776716258906783e-37
9.763744551339553769e-37
9.761959956779631083e-37
9.765756639912849268e-37
9.776231840571490976e-37
9.780971707942422106e-37
9.779379935858973157e-37
9.783936314102229044e-37
9.794726056235581238e-37
9.799199441845908813e-37
9.797773748049156420e-37
9.803053063847390130e-37
9.814105959283670212e-37
9.818268476373622280e-37
9.816977389427111400e-37
9.822943569054285748e-37
9.834216307761899776e-37
9.838031813205508151e-37
9.836842519750577585e-37
9.843450475372496696e-37
9.854894642100772006e-37
9.858331246064509925e-37
