# Network	H1	L1	
5.508888873091807881e+01 4.499931888908851363e+01 3.177808932465252667e+01
5.521301733265053002e+01 4.510009550640094744e+01 3.185056778597645177e+01
5.515576321991370179e+01 4.504839262781712250e+01 3.182452730240022021e+01
5.513863361467852542e+01 4.504762059298764143e+01 3.179592420112981088e+01
5.513641069943109585e+01 4.504244277796613005e+01 3.179940460779079814e+01
5.514943506028409104e+01 4.503506445219198895e+01 3.183242305033353503e+01
5.514693804285545298e+01 4.504919259928811925e+01 3.180809679397343359e+01
5.516394448773111492e+01 4.506267767977157490e+01 3.181848286412312632e+01
5.514060847240589425e+01 4.504056593238416895e+01 3.180934018802834728e+01
5.514800343476164812e+01 4.503508491167280425e+01 3.182991375795578648e+01
5.516552698601950766e+01 4.506963882631087159e+01 3.181136626602413742e+01
5.515003369158777957e+01 4.504928885651644777e+01 3.181332723412327823e+01
5.522457953031145195e+01 4.511073384771952277e+01 3.185554702120035486e+01
5.517458826306327779e+01 4.506859956227265940e+01 3.182854887509130748e+01
5.515993350552163577e+01 4.506623981242401555e+01 3.180648194162091258e+01
5.516486831887851139e+01 4.506711546138735258e+01 3.181379890282182288e+01
5.520800920383779697e+01 4.508692448362775451e+01 3.186053233796772233e+01
5.519997961393577413e+01 4.509594738550325843e+01 3.183383858071229255e+01
5.517296386471865333e+01 4.507044146727258038e+01 3.182312441547351156e+01
5.516682094939836389e+01 4.505606919298998037e+01 3.183282523653025109e+01
5.524689544035013000e+01 4.512169991272497072e+01 3.187870218159728353e+01
5.516368713090349019e+01 4.505418167898760373e+01 3.183006583582549354e+01
5.518452034712655774e+01 4.507659337226259311e+01 3.183444700154405638e+01
5.517655242382892311e+01 4.505989248267277247e+01 3.184427777214473210e+01
5.517130650820653415e+01 4.506351372378984621e+01 3.183006114804488718e+01
5.519651553477418560e+01 4.508903695726453265e+01 3.183762041118966479e+01
5.519240993667501982e+01 4.507443718123106891e+01 3.185117309320392920e+01
5.518332316423970241e+01 4.507515389090738722e+01 3.183440995463762135e+01
5.517986957682539639e+01 4.507356993128457390e+01 3.183066603395316463e+01
5.518262006972567235e+01 4.507258623272461762e+01 3.183682660148926047e+01
5.517446204178866509e+01 4.507221229385397265e+01 3.182321386250196227e+01
5.517326831972977175e+01 4.507242375572624837e+01 3.182084464411875757e+01
5.519360176196995127e+01 4.508367969779609297e+01 3.184015547018357140e+01
5.519967931365835057e+01 4.508566163614207767e+01 3.184788393538930151e+01
5.518643870275586494e+01 4.507999193836025142e+01 3.183296001835840983e+01
5.521852796465191915e+01 4.509749480170440705e+01 3.186380067087555901e+01
5.518452517760373865e+01 4.507938407562225791e+01 3.183050345879114928e+01
5.518476790116687880e+01 4.508113108529455815e+01 3.182844998387679070e+01
5.521629637970440285e+01 4.509853824163818103e+01 3.185845624569489232e+01
5.517696238224210248e+01 4.507639008061540409e+01 3.182163155828998669e+01
5.520517796876266203e+01 4.509687621504456700e+01 3.184153624132645177e+01
5.517977857807915143e+01 4.505812842578525590e+01 3.185236296872314554e+01
5.523555915341064804e+01 4.511906844726633636e+01 3.186277855807340131e+01
5.518297556844768081e+01 4.506466525859175931e+01 3.184865362490173624e+01
5.519909340786746554e+01 4.509583167383510016e+01 3.183246579666124276e+01
5.520068072336303544e+01 4.508079028561722623e+01 3.185651424036947077e+01
5.522130344353217168e+01 4.510211789581424568e+01 3.186206702828193116e+01
5.523021352949054119e+01 4.511489678408839410e+01 3.185941893183506224e+01
5.523812546614232843e+01 4.511681517427673782e+01 3.187041721633768887e+01
5.518388674409866468e+01 4.508272918860853906e+01 3.182465844423302670e+01
5.519211689503474361e+01 4.508393500741605919e+01 3.183721991007168128e+01
5.520234485811450043e+01 4.508883477185307953e+01 3.184801181786287216e+01
5.522445139617672538e+01 4.510513996060385722e+01 3.186324498765030455e+01
5.519858794468067487e+01 4.509061539613775693e+01 3.183897790891270674e+01
5.520015718037127783e+01 4.508461652849808132e+01 3.185019160407001593e+01
5.520408740054202212e+01 4.508600843649918488e+01 3.185503271055622321e+01
5.518887275289880989e+01 4.508423237386824667e+01 3.183117445201648366e+01
5.518737949425522515e+01 4.508476819577940375e+01 3.182782638157654986e+01
5.519094354268759162e+01 4.508162579406554471e+01 3.183845575551637097e+01
5.518944026418870408e+01 4.507815319017854705e+01 3.184076666220914476e+01
5.519066355168855864e+01 4.507693824500374546e+01 3.184460679191694155e+01
5.519936943688726672e+01 4.509245713927140997e+01 3.183772440632236567e+01
5.519164867060784729e+01 4.508418171390177775e+01 3.183605883534727710e+01
5.520397993846977869e+01 4.509540973497050231e+01 3.184153611059148758e+01
5.523267953736155533e+01 4.511634414043145824e+01 3.186164434361531761e+01
5.521579471999177713e+01 4.509017802288291676e+01 3.186941845131470785e+01
5.522084782045950391e+01 4.510406138249891228e+01 3.185852603015583995e+01
5.519619538768252198e+01 4.507381027561171294e+01 3.185861912439685995e+01
5.522273485611319188e+01 4.510806041431072799e+01 3.185613489812397958e+01
5.521070988872110519e+01 4.509461231635251721e+01 3.185433136096870399e+01
5.519876054184524605e+01 4.508585418150220647e+01 3.184601887332686943e+01
5.521605592422606179e+01 4.509755807786052628e+01 3.185942697603421436e+01
5.522022497817521014e+01 4.510101786210906027e+01 3.186175504334318731e+01
5.519518039356027828e+01 4.508726817220962602e+01 3.183781065721877468e+01
5.520442003165799605e+01 4.509507442130267663e+01 3.184277396787057413e+01
5.520113481232581165e+01 4.508453768734405998e+01 3.185199752114492000e+01
5.520191999274329220e+01 4.509277358053983420e+01 3.184169815979355533e+01
5.520178791255971618e+01 4.508574041280446210e+01 3.185142697231058762e+01
5.520274872950452050e+01 4.508822043917309941e+01 3.184958155017654136e+01
5.521827434209496488e+01 4.509987867571622644e+01 3.185998689193923283e+01
5.520181204072852665e+01 4.509430286109827080e+01 3.183934518879848952e+01
5.520888415752892797e+01 4.510073997666742684e+01 3.184248959293983461e+01
5.522205165748793831e+01 4.511018638157340632e+01 3.185193987627716794e+01
5.519854389487891666e+01 4.508938462949288351e+01 3.184064449486733750e+01
5.520806182621401348e+01 4.509619643960092361e+01 3.184749844631434357e+01
5.520280944490915687e+01 4.509368860745740903e+01 3.184194432481499604e+01
5.519910706533456590e+01 4.508780738336733407e+01 3.184385413499180117e+01
5.521070868705756141e+01 4.509528296725909513e+01 3.185337984939690159e+01
5.519858297809988557e+01 4.509595098833734284e+01 3.183141164396663925e+01
5.521399660765023754e+01 4.509771619966999623e+01 3.185563395953115062e+01
5.522783330834677429e+01 4.510758073139907509e+01 3.186565129563260967e+01
5.521516851332715703e+01 4.510535418779849692e+01 3.184685004122642482e+01
5.526141739420904742e+01 4.513886008948483664e+01 3.187957907875985697e+01
5.524091591910639920e+01 4.512560631334666539e+01 3.186280663147284997e+01
5.520177937057416528e+01 4.509729932153872056e+01 3.183504420573482463e+01
5.520304350780525482e+01 4.509501098640690486e+01 3.184047733091450283e+01
5.520274382784239009e+01 4.509027569369861510e+01 3.184666331012784113e+01
5.520207371933060614e+01 4.509161621045640800e+01 3.184360360328767214e+01
5.522248221681520164e+01 4.509860137458232288e+01 3.186908684356978227e+01
5.522518500192310853e+01 4.510652228869710001e+01 3.186255961965241212e+01
5.521217464451597579e+01 4.510060627090131646e+01 3.184838367913934931e+01
5.520722443492278586e+01 4.509443880726224307e+01 3.184853557804527924e+01
5.524491188502274497e+01 4.512627005126963553e+01 3.186879414794059784e+01
5.520382838704715311e+01 4.509607192105647755e+01 3.184033551766461301e+01
5.520349685379104443e+01 4.509766884775757489e+01 3.183749879284668083e+01
5.520427145960836413e+01 4.509208325612618040e+01 3.184675203233000573e+01
5.522908051638273719e+01 4.510945939776717495e+01 3.186515349917966233e+01
5.521246333914103843e+01 4.509836310635522238e+01 3.185206042163256157e+01
5.520470720410347099e+01 4.509812005358840992e+01 3.183895829205033223e+01
5.521699380485349451e+01 4.509670491289975303e+01 3.186225997703352419e+01
5.523435889171502566e+01 4.511696324084597620e+01 3.186367885387579690e+01
5.521238531966915275e+01 4.509488878798511990e+01 3.185684381552685451e+01
5.524232087378546652e+01 4.512121217613916713e+01 3.187146415334733618e+01
5.520912550747784309e+01 4.509723167903279517e+01 3.184787644707385468e+01
5.521512900129707901e+01 4.509908166711056765e+01 3.185566360026375676e+01
5.523949780902325557e+01 4.511703186131542509e+01 3.187248898686976162e+01
5.522987571708809895e+01 4.511479331004108673e+01 3.185897983798712474e+01
5.520736867415479310e+01 4.508923314008374206e+01 3.185615499025615804e+01
5.523838108193337604e+01 4.512283730224525158e+01 3.186233353582250771e+01
5.520979008551418588e+01 4.509989955710969411e+01 3.184525052853497940e+01
5.523481606353722384e+01 4.511387665279417547e+01 3.186884119213095090e+01
5.521462512987151428e+01 4.510166195556647750e+01 3.185113682552078984e+01
5.520732821353208664e+01 4.509955756978393282e+01 3.184146660388621086e+01
5.521563200090078283e+01 4.510056585188603862e+01 3.185443418267839988e+01
5.524930299752744389e+01 4.512906531603161397e+01 3.187244806120087048e+01
5.521554227381388813e+01 4.509945810406246380e+01 3.185584698781753232e+01
5.520900998581601016e+01 4.509394184654491511e+01 3.185233417434830727e+01
5.521163457614645154e+01 4.509646264033031571e+01 3.185331458261797266e+01
5.523405720068590341e+01 4.510888113472859118e+01 3.187459674445418756e+01
5.523041295122727234e+01 4.511105545896597846e+01 3.186520343793820587e+01
5.521825825292648915e+01 4.509609704982851497e+01 3.186531147438122957e+01
5.522379310766554283e+01 4.510582957625675959e+01 3.186112778035218085e+01
5.523549523277058171e+01 4.511430433577125143e+01 3.186941288930238159e+01
5.527882839354990097e+01 4.515395845161935284e+01 3.188838197075812531e+01
5.521022280282878114e+01 4.509576955818616995e+01 3.185184876726882663e+01
5.521561886798371432e+01 4.510096609318924266e+01 3.185384473553283868e+01
5.521085815323454682e+01 4.509613149114243669e+01 3.185243762336214957e+01
5.521752320471772180e+01 4.510500974914499750e+01 3.185142013149609852e+01
5.525955132630316058e+01 4.513783588156320548e+01 3.187779453966975396e+01
5.521134257335828011e+01 4.509735934581011918e+01 3.185153887628660030e+01
5.521041137563069867e+01 4.510010571296117377e+01 3.184603568650419803e+01
5.521509475663632571e+01 4.509744163307978226e+01 3.185792597039691643e+01
5.521121881670308795e+01 4.509795943803914753e+01 3.185047468642885704e+01
5.521333350674338902e+01 4.510431122316775543e+01 3.184514572129471688e+01
5.522334351659039697e+01 4.510675174922394604e+01 3.185904292010714300e+01
5.521289013506091692e+01 4.510308105662014810e+01 3.184611932820480718e+01
5.521239447491640107e+01 4.509949415418438434e+01 3.185033956946876899e+01
5.522472488105747601e+01 4.510717335382637572e+01 3.186084038779178229e+01
5.522502471006382763e+01 4.510797379049120082e+01 3.186022684701914187e+01
5.521627376435660040e+01 4.510313561611334165e+01 3.185190804355153205e+01
5.521578744451711884e+01 4.509691833093648938e+01 3.185986723404444021e+01
5.522669851087223236e+01 4.510828167545381007e+01 3.186269217593979164e+01
5.523573075170766344e+01 4.511814328599377433e+01 3.186438604617509895e+01
5.525420882816684554e+01 4.513254392740849852e+01 3.187602660099299356e+01
5.522030317910301989e+01 4.510927980320866482e+01 3.185019244569623709e+01
5.524843218011451995e+01 4.512941779877301229e+01 3.187043939930078196e+01
5.522697947643653293e+01 4.510625674897947590e+01 3.186604563145363400e+01
5.522073238938212114e+01 4.510337881142174155e+01 3.185929229303669885e+01
5.521737504261275120e+01 4.510382875905159494e+01 3.185283563312227884e+01
5.525716434721753245e+01 4.513443935398758811e+01 3.187846602169911492e+01
5.521558484573321124e+01 4.509731777308981293e+01 3.185895069724237771e+01
5.521950765993400978e+01 4.510791347358428993e+01 3.185074831562271314e+01
5.523034049276807878e+01 4.511574882978361956e+01 3.185843245476737451e+01
5.521939489153940883e+01 4.509864969813449420e+01 3.186366845786470137e+01
5.522566658356999625e+01 4.511020828197036536e+01 3.185817569097282131e+01
5.521851463640721391e+01 4.509834590197672100e+01 3.186257295883018870e+01
5.521633402716766881e+01 4.510018856558237843e+01 3.185618518825922507e+01
5.521727296289135722e+01 4.510225396593042291e+01 3.185488848907128911e+01
5.524192353987858439e+01 4.512119227676053157e+01 3.187080362823312285e+01
5.522305760078586445e+01 4.510296807071411962e+01 3.186390374690232719e+01
5.525401294028214494e+01 4.513215408481609359e+01 3.187623901386870173e+01
5.522474758302394804e+01 4.511132022043682355e+01 3.185500798270056677e+01
5.521712530331366509e+01 4.510527248222727792e+01 3.185035825647605634e+01
5.521878227187080768e+01 4.511021092625898632e+01 3.184623660303833148e+01
5.526184865764458465e+01 4.513868062454343999e+01 3.188058074339113190e+01
5.522328371638907640e+01 4.510532809428823242e+01 3.186095481820052910e+01
5.522162227697452863e+01 4.510792948844393635e+01 3.185439159937635978e+01
5.523492441531280406e+01 4.511705687952868260e+01 3.186452657258055154e+01
5.521827844015815145e+01 4.509991016871279612e+01 3.185994941409780168e+01
5.522867360009090021e+01 4.511672845737466275e+01 3.185415515955331500e+01
5.522192119744784833e+01 4.509745763961158360e+01 3.186973321476945387e+01
5.525922935212788900e+01 4.513281729678921295e+01 3.188434147737281421e+01
5.522775977802746894e+01 4.511269960986551553e+01 3.185827653859430697e+01
5.524675667160463632e+01 4.512548985434965942e+01 3.187309661982150644e+01
5.523043681128577731e+01 4.511363145051117840e+01 3.186159769554690513e+01
5.526192837968791594e+01 4.513917078822308326e+01 3.188002491833066898e+01
5.522198703985971235e+01 4.510918959272798645e+01 3.185323950429147999e+01
5.524912085076454105e+01 4.512866779059505262e+01 3.187269518300098881e+01
5.522826235332161815e+01 4.511354302937573379e+01 3.185795344814205876e+01
5.524266896693606554e+01 4.512411381044393721e+01 3.186795926024419856e+01
5.522388110402248174e+01 4.510799702945374889e+01 3.185821162874656665e+01
5.522153156874035318e+01 4.510466750570724059e+01 3.185885305526525713e+01
5.522197829281461168e+01 4.510929399699080733e+01 3.185307648666196201e+01
5.527339159180076678e+01 4.514679217850773085e+01 3.188910431559947156e+01
5.523275305238644961e+01 4.510744750636538924e+01 3.187436570673046532e+01
5.525321613814325161e+01 4.513434650788698121e+01 3.187175330781731475e+01
5.523233935488273971e+01 4.511204987783467146e+01 3.186713458145688449e+01
5.523568013828829493e+01 4.511917956247182815e+01 3.186283094686848472e+01
5.522721380272313496e+01 4.510465490212231288e+01 3.186871899797898067e+01
5.523154371801601314e+01 4.511666219605399419e+01 3.185922493976065084e+01
5.525445324775829903e+01 4.513202079176976156e+01 3.187719095152472093e+01
5.523937602641375122e+01 4.512182014716398015e+01 3.186549874699155538e+01
5.524932958534728300e+01 4.512938290663325347e+01 3.187204446057404894e+01
5.522411179484607402e+01 4.511040293265792656e+01 3.185520476755571906e+01
5.522483762942349017e+01 4.510526904476660093e+01 3.186373166462787054e+01
5.522679057776944944e+01 4.511237041006030779e+01 3.185706253731374815e+01
5.522479521585178475e+01 4.510427083396072589e+01 3.186507114646828853e+01
5.525339652436434079e+01 4.513432282433946341e+01 3.187209956477526518e+01
5.522952086712995623e+01 4.511328441236491926e+01 3.186050132596497164e+01
5.524186665548432984e+01 4.512721717410771305e+01 3.186217352446674056e+01
5.525178660064551650e+01 4.513011912363396760e+01 3.187526110402671620e+01
5.523213171798891352e+01 4.511217768912703008e+01 3.186659376616688277e+01
5.522571269667175642e+01 4.510085991367728298e+01 3.187148847955158715e+01
5.523143376118630243e+01 4.510817954304923205e+01 3.187104349763817268e+01
5.523022713162843900e+01 4.511352436185279657e+01 3.186138585598216721e+01
5.522569685777074966e+01 4.510746805344829369e+01 3.186210789062034721e+01
5.526237102207662844e+01 4.513802114727832304e+01 3.188241988760435319e+01
5.522628381314054025e+01 4.510148749863454043e+01 3.187159000144267651e+01
5.522807996518191231e+01 4.510829725820234160e+01 3.186506449242152428e+01
5.523643103517734687e+01 4.512136784899310982e+01 3.186103383350506491e+01
5.523233099071416774e+01 4.511491549505420551e+01 3.186306304393729505e+01
5.523940068432816730e+01 4.512001832286600234e+01 3.186809273408108467e+01
5.523500218707426512e+01 4.511038860387505167e+01 3.187410087537339010e+01
5.522905210366972995e+01 4.511647282224540589e+01 3.185517346286875551e+01
5.526549431586192185e+01 4.513694057625117040e+01 3.188936276240930923e+01
5.522729495593138438e+01 4.511295647697497913e+01 3.185710699445266414e+01
5.522965368164347666e+01 4.511180132408436094e+01 3.186283143555536412e+01
5.523143523030306312e+01 4.511714822340510977e+01 3.185834857280671173e+01
5.524469004586705267e+01 4.512181254071062853e+01 3.187472056826367250e+01
5.522775623989315363e+01 4.510877407841418574e+01 3.186382840205560996e+01
5.528449935232696077e+01 4.515788599235961698e+01 3.189265121212866205e+01
5.523936966136773918e+01 4.512345216986015828e+01 3.186317662850923682e+01
5.522987808366527673e+01 4.510758904175512640e+01 3.186918329635485492e+01
5.522852805851668023e+01 4.511753690329707922e+01 3.185275773445668790e+01
5.526308273545797078e+01 4.513822960898473013e+01 3.188335837380759941e+01
5.527510659371215240e+01 4.514759959645785159e+01 3.189093381549307082e+01
5.524218378824170372e+01 4.512096453575093591e+01 3.187157713476666387e+01
5.525406510997146370e+01 4.513566418041939698e+01 3.187135908883352542e+01
5.523682381351153481e+01 4.511882704590179571e+01 3.186531266137076202e+01
5.522977834029806132e+01 4.511076344724084919e+01 3.186451689145052057e+01
5.522989110322453854e+01 4.511209167983530222e+01 3.186283188205618089e+01
5.524424255179378207e+01 4.512574670874406735e+01 3.186837490522064797e+01
5.524958654867754859e+01 4.512982250482355795e+01 3.187186744580448661e+01
5.523314244087924862e+01 4.511637805161650761e+01 3.186239877030718404e+01
5.523074359825703539e+01 4.511185861783402373e+01 3.186463949993730793e+01
5.524249860372835030e+01 4.512026808313736126e+01 3.187310872959750441e+01
5.523160039294797485e+01 4.511569063398928137e+01 3.186069899711025499e+01
5.524156394968238004e+01 4.512338080720693512e+01 3.186708163818326511e+01
5.526379264305712979e+01 4.513903599658335963e+01 3.188344721942668158e+01
5.525249733030923949e+01 4.513040264769416154e+01 3.187609163766519771e+01
5.523631421599117175e+01 4.511990416945912585e+01 3.186290407207938458e+01
5.524148389696934203e+01 4.511994348829277612e+01 3.187180953056147459e+01
5.523260108855951955e+01 4.511340004369628076e+01 3.186567682484354336e+01
5.525207168791874324e+01 4.512852778807761922e+01 3.187800817942705223e+01
5.524691421733995611e+01 4.512604064721975305e+01 3.187258988603829479e+01
5.524028347536423666e+01 4.512052875947811970e+01 3.186890024622292117e+01
5.523171492628513590e+01 4.511351679687510341e+01 3.186397551964438435e+01
5.525268435928099109e+01 4.513399783978898228e+01 3.187132516705663576e+01
5.523441201964017466e+01 4.511830941692159058e+01 3.186186476831348102e+01
5.526429559499761979e+01 4.514340593644618593e+01 3.187813150215220048e+01
5.524898256929894558e+01 4.512645167463294626e+01 3.187559307996819058e+01
5.523316621379354530e+01 4.511776509090411480e+01 3.186047587846952567e+01
5.523457442455396205e+01 4.511636977329212073e+01 3.186489275583966929e+01
5.523453209723107449e+01 4.512209454842135159e+01 3.185671231567021167e+01
5.523659672260187392e+01 4.512077248721011102e+01 3.186216420227563972e+01
5.523363757418401576e+01 4.512043440006782191e+01 3.185751275955937700e+01
5.523379436573469548e+01 4.511760798131822980e+01 3.186178730203871368e+01
5.526972451345834259e+01 4.514679295325572639e+01 3.188274664813929604e+01
5.526236472896136576e+01 4.514187261871345669e+01 3.187695549942938555e+01
5.523464023613807683e+01 4.511168555275003200e+01 3.187163799689949073e+01
5.526872606311410863e+01 4.514392775195443619e+01 3.188507280477601213e+01
5.523548499084004959e+01 4.511653935481785282e+01 3.186623101056176210e+01
5.524091196400188863e+01 4.512275016400018046e+01 3.186684440373455729e+01
5.523727989325930565e+01 4.512009013701824500e+01 3.186431477426773640e+01
5.525363691499992314e+01 4.513154726571858788e+01 3.187644637874258891e+01
5.524753333174297865e+01 4.512787333623305841e+01 3.187106818716556589e+01
5.525090815659208943e+01 4.513307680067777028e+01 3.186955021069949723e+01
5.523523166913030735e+01 4.511859021599726560e+01 3.186288804335556790e+01
5.523857246066607019e+01 4.511298944590596705e+01 3.187660695158493240e+01
5.523972710651314344e+01 4.512098899701222621e+01 3.186728420706013409e+01
5.528432217904781965e+01 4.515528225210923097e+01 3.189603052934812766e+01
5.523552095021827313e+01 4.512004807683094043e+01 3.186132508522622686e+01
5.523606986661123130e+01 4.511837618989147813e+01 3.186464411062189583e+01
5.529362211031302365e+01 4.516456736320526488e+01 3.189900470191179949e+01
5.523866417634983605e+01 4.511489715268911027e+01 3.187406586693700206e+01
5.524436139716615912e+01 4.512219463994989610e+01 3.187361004114813667e+01
5.526056463265438623e+01 4.513676753520432072e+01 3.188106365842736523e+01
5.523725245778987869e+01 4.512188788253685345e+01 3.186172143813620750e+01
5.523640439201061980e+01 4.511053630173910989e+01 3.187632169380915315e+01
5.525137821800456805e+01 4.513163499453922611e+01 3.187240683896764537e+01
5.527826969830594805e+01 4.515387130445358110e+01 3.188753686096643492e+01
5.524222237988423956e+01 4.512148280776563070e+01 3.187091028974688456e+01
5.524411535866611445e+01 4.512754473219341378e+01 3.186560823529799080e+01
5.528035523350443725e+01 4.515533676768174587e+01 3.188907706628855721e+01
5.524350732801498509e+01 4.512377533376344019e+01 3.186989177152139519e+01
5.524234385443665474e+01 4.512120714933418242e+01 3.187151110190242065e+01
5.523880426205795402e+01 4.511924208662649960e+01 3.186815792966929095e+01
5.524773934204946357e+01 4.512801293564108818e+01 3.187122763383379720e+01
5.525070586254130944e+01 4.513249152712148060e+01 3.187002834738878931e+01
5.523771516889978273e+01 4.511740700463109732e+01 3.186886822996646984e+01
5.524979651406501802e+01 4.512687310297298637e+01 3.187640724413220994e+01
5.523733082463628108e+01 4.511481575645288444e+01 3.187187029171059294e+01
5.524290453720659855e+01 4.512083924630231024e+01 3.187300374009745596e+01
5.523990877383058518e+01 4.512173622818757224e+01 3.186654109085250042e+01
5.524067854522238719e+01 4.512214355810336741e+01 3.186729870664446196e+01
5.524483846892780292e+01 4.512392991442035139e+01 3.187198027321812788e+01
5.523910016906000209e+01 4.512359310807372026e+01 3.186250982745155014e+01
5.524380128068015239e+01 4.512369451925344066e+01 3.187051572962657531e+01
5.523793732685869173e+01 4.512504409778319570e+01 3.185843868269584078e+01
5.523791884698508170e+01 4.512097499243935772e+01 3.186416944277336327e+01
5.524294540149781341e+01 4.512049890340041003e+01 3.187355636481612819e+01
5.523825829961936762e+01 4.512341860606933608e+01 3.186129741986197317e+01
5.525500661656747070e+01 4.513291745652987430e+01 3.187688061995677202e+01
5.528698191197909750e+01 4.515722114668709253e+01 3.189789565542999838e+01
5.523825157581416079e+01 4.511858476932350470e+01 3.186813056277861378e+01
5.524294731802186931e+01 4.512572205109077572e+01 3.186616446561210125e+01
5.524085725281368298e+01 4.512303455933889751e+01 3.186634685969582392e+01
5.526251126562924298e+01 4.513763353469643391e+01 3.188321173080352011e+01
5.524232309801805485e+01 4.511868079299639334e+01 3.187505144726072004e+01
5.524160165846615911e+01 4.512185526980362482e+01 3.186930703362634532e+01
5.523868394372241397e+01 4.512416227748643394e+01 3.186098213472909535e+01
5.524013594197098342e+01 4.511639832814540796e+01 3.187449169451260289e+01
5.524019479868891125e+01 4.512580178752356375e+01 3.186127954791257366e+01
5.523986355468707643e+01 4.511627952801052288e+01 3.187418778715568024e+01
5.524979142801483789e+01 4.513280585292335445e+01 3.186799787689005825e+01
5.524573016118326052e+01 4.512677873710050136e+01 3.186949233757964706e+01
5.525853854438520329e+01 4.513050928720953436e+01 3.188641111097952674e+01
5.527855893830351164e+01 4.515261916995204672e+01 3.188981123162653475e+01
5.528016193379035315e+01 4.515414808717599016e+01 3.189042511393450852e+01
5.524917676567584834e+01 4.513134865841316667e+01 3.186899592954951999e+01
5.525452046499272996e+01 4.513247250010628875e+01 3.187666792253309112e+01
5.524614588591883546e+01 4.512878764286140409e+01 3.186736828063696336e+01
5.523982862129173554e+01 4.512092564353916657e+01 3.186754987726373045e+01
5.524023073550897323e+01 4.511996656144037132e+01 3.186960478585784529e+01
5.526351973378171323e+01 4.514080871174493836e+01 3.188046427227389756e+01
5.523981928974049538e+01 4.512236434138540631e+01 3.186549656613649617e+01
5.524913266944896861e+01 4.513114224199573954e+01 3.186921179852305741e+01
5.524147653124793322e+01 4.511940888763884772e+01 3.187255356858738864e+01
5.524714383494718106e+01 4.512651885068157753e+01 3.187231084089169642e+01
5.524766826131684638e+01 4.512784655172740145e+01 3.187134000816819324e+01
5.524529219740374941e+01 4.512854228868976492e+01 3.186623574999812902e+01
5.524520635538507918e+01 4.512420472032618335e+01 3.187222887730276710e+01
5.524231561491599507e+01 4.512598019879607136e+01 3.186470375816878686e+01
5.524260507593384517e+01 4.512157763990834525e+01 3.187143935973578124e+01
5.524166879977366307e+01 4.511866234292374855e+01 3.187394359299020508e+01
5.524749544508102161e+01 4.512427270173117222e+01 3.187610023346719146e+01
5.524029348339949053e+01 4.512100776524640366e+01 3.186823939882280854e+01
5.524211908479046684e+01 4.511777238943293611e+01 3.187598368040575281e+01
5.524205144212359642e+01 4.512191511701257696e+01 3.187000194081170079e+01
5.525696003688458546e+01 4.513070831784307302e+01 3.188339378497261123e+01
5.524549593413843240e+01 4.512761884283504088e+01 3.186789667650982594e+01
5.524445838491108418e+01 4.512197773710328619e+01 3.187408519996343159e+01
5.524911509365633577e+01 4.513269181208099212e+01 3.186698681124090271e+01
5.524199316221194067e+01 4.512160885406903077e+01 3.187033452843365566e+01
5.527261658676852818e+01 4.514629544418042428e+01 3.188846424672554747e+01
5.525134648832688100e+01 4.512691070913928115e+01 3.187904042819547712e+01
5.525585596349604600e+01 4.512734844355262709e+01 3.188623591320884643e+01
5.527086850353399683e+01 4.514655704841994321e+01 3.188506377300679162e+01
5.524330743362587981e+01 4.511907261041567097e+01 3.187620276918414319e+01
5.524205922254388668e+01 4.512336407867240951e+01 3.186796387236910633e+01
5.524544624687501226e+01 4.512265904309331432e+01 3.187483289206558013e+01
5.524243168251822311e+01 4.511725035645304160e+01 3.187726428774638165e+01
5.524435405364886265e+01 4.512728592883603085e+01 3.186638855443125351e+01
5.525741837015070956e+01 4.513112838464170551e+01 3.188359351865559077e+01
5.524299179779499269e+01 4.512344045345560772e+01 3.186947229583023500e+01
5.524249160725588581e+01 4.512092845056227475e+01 3.187216175186390643e+01
5.524813729717683231e+01 4.512987696303759577e+01 3.186927799792129079e+01
5.524734998225481064e+01 4.512846057322636995e+01 3.186991883190956187e+01
5.526056739700669596e+01 4.514035878881550445e+01 3.187598339590680041e+01
5.524554053177360657e+01 4.511968625957179313e+01 3.187920420094656038e+01
5.526109768237748909e+01 4.513796103436443730e+01 3.188029784555759960e+01
5.526007510199760020e+01 4.513789869971701307e+01 3.187861354031100802e+01
5.524310434699237504e+01 4.511992041272576159e+01 3.187465074070587434e+01
5.528053084830721531e+01 4.515494738111466688e+01 3.188993286100508584e+01
5.525205055577218616e+01 4.513209660577800264e+01 3.187291870200040123e+01
5.528677785614896578e+01 4.516036284258397160e+01 3.189309382360583456e+01
5.524970565694898283e+01 4.512960515423861807e+01 3.187238167759069185e+01
5.524863895795027702e+01 4.512965060773735360e+01 3.187046819125022878e+01
5.524398927648753954e+01 4.512706217598358194e+01 3.186607303301713401e+01
5.524908115429821720e+01 4.513114365464540612e+01 3.186912049018594928e+01
5.525857483397680170e+01 4.513681452318281373e+01 3.187754801395501758e+01
5.524346357795808160e+01 4.512921005095973470e+01 3.186211964489393722e+01
5.524372715518892818e+01 4.512524157844094930e+01 3.186819672470193510e+01
5.524954892504037929e+01 4.512494379294810187e+01 3.187870926031517627e+01
5.525370783000871455e+01 4.512885603866423168e+01 3.188037925755408963e+01
5.524444401961400075e+01 4.511957092563606864e+01 3.187746719114870331e+01
5.526210171551585404e+01 4.513620823264609783e+01 3.188451963563558067e+01
5.529449981166597183e+01 4.516518853689372293e+01 3.189964661009854652e+01
5.524442158940492931e+01 4.512582054403640797e+01 3.186858071793174574e+01
5.525300748264515960e+01 4.513293287761830186e+01 3.187339338290861690e+01
5.525107908708996973e+01 4.513044597591810003e+01 3.187357191001047241e+01
5.524535309536306471e+01 4.512639728890025737e+01 3.186937881973348041e+01
5.525142026828821429e+01 4.512401464942217189e+01 3.188326745460294021e+01
5.528642182633924307e+01 4.515945228897528807e+01 3.189376596326757252e+01
5.524494489803343811e+01 4.512418666350445307e+01 3.187180124724608987e+01
5.524421736671887118e+01 4.512333556656598432e+01 3.187174516414756908e+01
5.525392901720594097e+01 4.513621309071341159e+01 3.187034577264802593e+01
5.529841456537013755e+01 4.516753598438691597e+01 3.190310872850250945e+01
5.525586036992513783e+01 4.513461923600890202e+01 3.187595099194937376e+01
5.524548324150188705e+01 4.512712542210823585e+01 3.186857338702782982e+01
5.527744740329399065e+01 4.515246533955422592e+01 3.188810225122040265e+01
5.526132791059336569e+01 4.513661810375602101e+01 3.188259820964736591e+01
5.525518658259635885e+01 4.513578775832908718e+01 3.187312830132315256e+01
5.525856959643561339e+01 4.513607183130757505e+01 3.187859051907974717e+01
5.524643356745452394e+01 4.512310928289260659e+01 3.187590674109988598e+01
5.524550383708495360e+01 4.512623825978358383e+01 3.186986530775761395e+01
5.524605762701767731e+01 4.512185837030307312e+01 3.187702590484357756e+01
5.524666523903184867e+01 4.512418691751785360e+01 3.187478274540174894e+01
5.526060805811840027e+01 4.513740898382717859e+01 3.188023075794304262e+01
5.524720286289489479e+01 4.513052599072323545e+01 3.186673889770518997e+01
5.524754620497979829e+01 4.512873585984949187e+01 3.186986917706616751e+01
5.527981152636593265e+01 4.515069158944083938e+01 3.189471133880562448e+01
5.525072831467687706e+01 4.513294515683200814e+01 3.186942485788896562e+01
5.524752076487749974e+01 4.512676684156714657e+01 3.187261308854996145e+01
5.526256594886523033e+01 4.514140894847427177e+01 3.187796093540623943e+01
5.524975538577304945e+01 4.513036853715170338e+01 3.187138694642305126e+01
5.525211806184783825e+01 4.512876886741325677e+01 3.187774726720764562e+01
5.524758406805928246e+01 4.512357190961295572e+01 3.187724585774729036e+01
5.525301857303160347e+01 4.513259664628203893e+01 3.187388870840498711e+01
5.524691139267415707e+01 4.512899456957801902e+01 3.186840233787987486e+01
5.525607271237058171e+01 4.512985545037475532e+01 3.188306319385050713e+01
5.524676687731084002e+01 4.512250699630718032e+01 3.187733697729689908e+01
5.525351344126281816e+01 4.513038846340601395e+01 3.187787296457967656e+01
5.524799437316381301e+01 4.512548112823419189e+01 3.187525427667237210e+01
5.526875423459897974e+01 4.514308690408344660e+01 3.188631210119590875e+01
5.525169761334747420e+01 4.513219250444350905e+01 3.187217107287547435e+01
5.524800786706466482e+01 4.513003614938187980e+01 3.186882819362400099e+01
5.524846304308160683e+01 4.512235211749132446e+01 3.188049573027183214e+01
5.524957133425876776e+01 4.512935875372708239e+01 3.187249772290751437e+01
5.524836854864396685e+01 4.512359838945751989e+01 3.187856796773874279e+01
5.524827524337702300e+01 4.512371673890670110e+01 3.187823873796759244e+01
5.525067296438304965e+01 4.513268466765691045e+01 3.186969779754830157e+01
5.527095063460397029e+01 4.514474024593882007e+01 3.188777841398708190e+01
5.526373379577675848e+01 4.513849887165318364e+01 3.188410564316085782e+01
5.526027617270248982e+01 4.513277119107454638e+01 3.188622096294043473e+01
5.525752426140095963e+01 4.513913675197444064e+01 3.187243826232731791e+01
5.525056116920698912e+01 4.513024336843643169e+01 3.187296100173284685e+01
5.526315941579136393e+01 4.514053604471735781e+01 3.188022575532900404e+01
5.526793038668613889e+01 4.514133001739557471e+01 3.188737137940608335e+01
5.524998136437530150e+01 4.512634910307668434e+01 3.187746943204665229e+01
5.524927838748462250e+01 4.512900233136973327e+01 3.187249458252367162e+01
5.525348737488948814e+01 4.512668441474857417e+01 3.188307106943682712e+01
5.524965074182033931e+01 4.512924728926036266e+01 3.187279319730096461e+01
5.525207868584832482e+01 4.513302400696559857e+01 3.187165422587665731e+01
5.526481666863880804e+01 4.514190422895770638e+01 3.188116127122518151e+01
5.526181097409710219e+01 4.513573286857499056e+01 3.188468865385826589e+01
5.524947101362455015e+01 4.512806615089454709e+01 3.187415399294269847e+01
5.525140607202325782e+01 4.513216212000927641e+01 3.187170869766490000e+01
5.524967070317875084e+01 4.512866114553979457e+01 3.187365771323923624e+01
5.525101723080258864e+01 4.512738957126894235e+01 3.187779188590972623e+01
5.525408257446572691e+01 4.512726733800998602e+01 3.188327749384705356e+01
5.526700835028006509e+01 4.514196889881034735e+01 3.188486876135396386e+01
5.525093369442057423e+01 4.513275277615685610e+01 3.187005335658482963e+01
5.524997155143397976e+01 4.512731161144120051e+01 3.187608983482993352e+01
5.525700314070785879e+01 4.513194786931314439e+01 3.188171384373492145e+01
5.525678860215852239e+01 4.513213753521412741e+01 3.188107350962562236e+01
5.525005924802639612e+01 4.513098041187645038e+01 3.187104726822217060e+01
5.527387634291284968e+01 4.514748967904940002e+01 3.188895704866731862e+01
5.526599616741199128e+01 4.514125678571227240e+01 3.188412250921738433e+01
5.525367218086613974e+01 4.513133879882262534e+01 3.187680265799109947e+01
5.525078939571844217e+01 4.513081945455540733e+01 3.187254091236461662e+01
5.526297388195155946e+01 4.513851509521653327e+01 3.188276552114276186e+01
5.525888260656719098e+01 4.513837088905238204e+01 3.187587771981694829e+01
5.525570630057711696e+01 4.512934566146410020e+01 3.188314976509893839e+01
5.526364580231750523e+01 4.513766823223003399e+01 3.188512904037142093e+01
5.528872033514757334e+01 4.515917835620525267e+01 3.189813797842444032e+01
5.525165855595250974e+01 4.512975127071188552e+01 3.187555997041054923e+01
5.525416193678307053e+01 4.513303540580483286e+01 3.187524943266507194e+01
5.525055005849747403e+01 4.513195440123705282e+01 3.187051888016878465e+01
5.525752573318030159e+01 4.513672301754641580e+01 3.187585897494181708e+01
5.526559992496798657e+01 4.514275362668761460e+01 3.188131631640706942e+01
5.526176314993122674e+01 4.513797275375421947e+01 3.188143475630352341e+01
5.525809586239889626e+01 4.513885722057272432e+01 3.187382511025018772e+01
5.525236338456214469e+01 4.512874988739769577e+01 3.187819934030788716e+01
5.527321094652455713e+01 4.514657187809345373e+01 3.188910309173250468e+01
5.525110837072836034e+01 4.512793677590200048e+01 3.187717519706162506e+01
5.526009085577074131e+01 4.513752919830373145e+01 3.187916403013597488e+01
5.528843718048182865e+01 4.515963522891396309e+01 3.189700035820795776e+01
5.526932929732436151e+01 4.514368405643557480e+01 3.188646344122849285e+01
5.528728004388399597e+01 4.515823648377728716e+01 3.189697497139971460e+01
5.525298622234139145e+01 4.513038133390260498e+01 3.187696922768510532e+01
5.527991210688835366e+01 4.515230743147883885e+01 3.189259814061129106e+01
5.525985601477147924e+01 4.513692951790038421e+01 3.187960602751182293e+01
5.525578317363330427e+01 4.513377364865639407e+01 3.187701445184957905e+01
5.526506591898861842e+01 4.514362466450009492e+01 3.187915719056724839e+01
5.525201030843599170e+01 4.513360012165504287e+01 3.187071984097718769e+01
5.525544986440615247e+01 4.513569484149638100e+01 3.187371630188765081e+01
5.525916576071796271e+01 4.513680781057749414e+01 3.187858185743987605e+01
5.525245195467338277e+01 4.512992911711427269e+01 3.187668340476675510e+01
5.528399112322605191e+01 4.515640723425895686e+01 3.189386398990725269e+01
5.525778946765947097e+01 4.513249306970993757e+01 3.188230490671530504e+01
5.525707812357859439e+01 4.513534918083156100e+01 3.187702836024204700e+01
5.526546238186049465e+01 4.514486542079000486e+01 3.187808743352706031e+01
5.525662978893454635e+01 4.513594888953361561e+01 3.187540201272413398e+01
5.525582711803818370e+01 4.513616877844918207e+01 3.187369916564239958e+01
5.525413535426242362e+01 4.512924708477228108e+01 3.188056667170025804e+01
5.526715646094773859e+01 4.514398153653643675e+01 3.188227586462006258e+01
5.525278447884254263e+01 4.513332308689031436e+01 3.187245424814030059e+01
5.526030633236362632e+01 4.513696775527549931e+01 3.188033246071764992e+01
5.525366422347790518e+01 4.512619864788138813e+01 3.188406507509339249e+01
5.525415831839205083e+01 4.513027337645151249e+01 3.187915363432167482e+01
5.525609254084629640e+01 4.513131516177443814e+01 3.188103126705843948e+01
5.526837539323949500e+01 4.514512805944080753e+01 3.188276542435946226e+01
5.525801881715933916e+01 4.513321486577639519e+01 3.188168062504227507e+01
5.525406941763160518e+01 4.513060339489122441e+01 3.187853234422006565e+01
5.525453996010367774e+01 4.512998695633267943e+01 3.188022056893484546e+01
5.526047770192658248e+01 4.514024638889427621e+01 3.187598707169775381e+01
5.525895351462543204e+01 4.513458912980889437e+01 3.188135517218286452e+01
5.525378192344032868e+01 4.513036076514263328e+01 3.187837753166204280e+01
5.527158725522379967e+01 4.514698442569994086e+01 3.188570455513606916e+01
5.526551752402488660e+01 4.513660579064099210e+01 3.188987684044226967e+01
5.525458732951973673e+01 4.513634350799670614e+01 3.187130238449075748e+01
5.525442317480884924e+01 4.513282180777963504e+01 3.187600470648829543e+01
5.525478159278802792e+01 4.512923936060215624e+01 3.188169762732504253e+01
5.525452942758742125e+01 4.513320810507723735e+01 3.187564192934653207e+01
5.526612780184272822e+01 4.513998831414087221e+01 3.188614647788030609e+01
5.525514745890040302e+01 4.513655951866971350e+01 3.187196755022215910e+01
5.525446363857093246e+01 4.513112071085453891e+01 3.187848326643591079e+01
5.525492543675019164e+01 4.512972936417064318e+01 3.188125330876340513e+01
5.525466587983785161e+01 4.512845605977008034e+01 3.188260584008023102e+01
5.525645256843800013e+01 4.513222681518793422e+01 3.188036469600794121e+01
5.527070434532296161e+01 4.514469595936287760e+01 3.188741421885424643e+01
5.525726139103597490e+01 4.513462894233630607e+01 3.187836580935247000e+01
5.525978033427182368e+01 4.513987695963748337e+01 3.187530126384320539e+01
5.527203071701664783e+01 4.514747438248752331e+01 3.188577953360188033e+01
5.525720571435896744e+01 4.513135958699189132e+01 3.188289769121715622e+01
5.526708703241367004e+01 4.514519559259843362e+01 3.188043638274762515e+01
5.527600540146154628e+01 4.514990289628346432e+01 3.188923080913962238e+01
5.526635223305625999e+01 4.514190617274861950e+01 3.188382028927842882e+01
5.526744711291194534e+01 4.514406330662383482e+01 3.188266391859466964e+01
5.526707470417189683e+01 4.514097130211760600e+01 3.188639610018529780e+01
5.525807338955933545e+01 4.513618985947184115e+01 3.187756326471075852e+01
5.525945413121321792e+01 4.513775076356692750e+01 3.187774657791498711e+01
5.527842837800641718e+01 4.515328952597812417e+01 3.188863573321347289e+01
5.526428177154473786e+01 4.514044073481850461e+01 3.188230622133584191e+01
5.525548658671382896e+01 4.513484028458525898e+01 3.187499004579438733e+01
5.525789610263733920e+01 4.513841649288377056e+01 3.187410293960947172e+01
5.528928522107696608e+01 4.516020895812237512e+01 3.189765801930171918e+01
5.525798428885497060e+01 4.513775632736246024e+01 3.187519068804127187e+01
5.525883454704216291e+01 4.513499993852386893e+01 3.188056737335191926e+01
5.525600114744869984e+01 4.513694843459761330e+01 3.187289677483564176e+01
5.527937004368600782e+01 4.515209568216894809e+01 3.189195835841740845e+01
5.527894940386519096e+01 4.515305170976851912e+01 3.188987564243640094e+01
5.525811233043388881e+01 4.513788861417391018e+01 3.187522532904322858e+01
5.526207158110654660e+01 4.513692939601965293e+01 3.188344649083722260e+01
5.527765268342751881e+01 4.515218897420547961e+01 3.188884941523100736e+01
5.527601991695315320e+01 4.515008347438876513e+01 3.188900029971351557e+01
5.527777990139190223e+01 4.515221113744993886e+01 3.188903855913294905e+01
5.525925514620747236e+01 4.513514661312625975e+01 3.188108874435210183e+01
5.526998328278208561e+01 4.514564167387888460e+01 3.188482538658071164e+01
5.525937992263123277e+01 4.513801930675285234e+01 3.187723768611243003e+01
5.526514230271065031e+01 4.514243636601620580e+01 3.188097226684022090e+01
5.525773052112340622e+01 4.513322809728365570e+01 3.188116221005216744e+01
5.527269928662082066e+01 4.514758912444602856e+01 3.188677598440168737e+01
5.525718396099590279e+01 4.513422790741469726e+01 3.187879938926324996e+01
5.525797793957617188e+01 4.513525391321964975e+01 3.187872300077086152e+01
5.525802664730068159e+01 4.513631722612922204e+01 3.187730189674187287e+01
5.525978823389234407e+01 4.513374334645793340e+01 3.188399923457989260e+01
5.526021848419599536e+01 4.513585811893428001e+01 3.188175118760748106e+01
5.526630046718880607e+01 4.513839204477669398e+01 3.188870538202568738e+01
5.526429946249950120e+01 4.513754876932684823e+01 3.188643106679490202e+01
5.527923888506791883e+01 4.515113010840708796e+01 3.189309802521698600e+01
5.526051907648502493e+01 4.513412401031438748e+01 3.188472704013831915e+01
5.525755493437858945e+01 4.513891720705880317e+01 3.187280236659711008e+01
5.526829065478978009e+01 4.514117542944497075e+01 3.188821463723544269e+01
5.525781162564149440e+01 4.513527905391108419e+01 3.187839911884622168e+01
5.526223574411001493e+01 4.513791549852874851e+01 3.188233498169901736e+01
5.526503109520388790e+01 4.514231855823710760e+01 3.188094630246245131e+01
5.526539072028062805e+01 4.513960593196689786e+01 3.188541026507294163e+01
5.526768145313494074e+01 4.514123015135312755e+01 3.188708129678480319e+01
5.525836585936368550e+01 4.513530800655818354e+01 3.187931882271662687e+01
5.526074226013581381e+01 4.514055618946862580e+01 3.187600699658892722e+01
5.526364820907869557e+01 4.514006682285290140e+01 3.188173741509677583e+01
5.528359466433339975e+01 4.515623781049022512e+01 3.189341665317100549e+01
5.527191391708146284e+01 4.514514583407910209e+01 3.188887385401048746e+01
5.525831416393629780e+01 4.513682004651801094e+01 3.187708832890062993e+01
5.529772940727643515e+01 4.516825686108383309e+01 3.190090045330254043e+01
5.526044101267812181e+01 4.513474186207329097e+01 3.188371712896235266e+01
5.526172663826116604e+01 4.514017637685896034e+01 3.187825132763665081e+01
5.525959263399940369e+01 4.513785730176495292e+01 3.187783581551710910e+01
5.525983612091843611e+01 4.513470703702122933e+01 3.188271802706018221e+01
5.527507318809824000e+01 4.514991145807740480e+01 3.188760278348605937e+01
5.526335720776599914e+01 4.514216182724175042e+01 3.187826650613643764e+01
5.529202639994303325e+01 4.516367961195884817e+01 3.189749562771864078e+01
5.526324983111260991e+01 4.513712101682664013e+01 3.188521739314811043e+01
5.526667479953664497e+01 4.514212476495281123e+01 3.188406992689566977e+01
5.526693888180786729e+01 4.514207710606901713e+01 3.188459515056143800e+01
5.527029986847858822e+01 4.514526856562694235e+01 3.188590242864328772e+01
5.526669409310531478e+01 4.514095394593319810e+01 3.188576097307417712e+01
5.527348480129337105e+01 4.514597377607104534e+01 3.189042448587216683e+01
5.527033625174897224e+01 4.514443573699033152e+01 3.188714460986035704e+01
5.528897048533320202e+01 4.516004292659574304e+01 3.189734754170126507e+01
5.527381634139920408e+01 4.514755196113119950e+01 3.188876486883253492e+01
5.527665037309085960e+01 4.515098971566607133e+01 3.188881001487421329e+01
5.526264550467217163e+01 4.514200163799848298e+01 3.187725954799135053e+01
5.528207425773644701e+01 4.515568453070380883e+01 3.189156453988175599e+01
5.529413788591590873e+01 4.516487056128212885e+01 3.189946945843006176e+01
5.528800411965646333e+01 4.515800365692128082e+01 3.189855961100178661e+01
5.527039833591889817e+01 4.514568931073462466e+01 3.188547739755150801e+01
5.525997257758794490e+01 4.513996820370469010e+01 3.187550532688543470e+01
5.527080465272881327e+01 4.514382851813762443e+01 3.188881612235068985e+01
5.526924759728071024e+01 4.514118898989605810e+01 3.188985397501854990e+01
5.526118842416859422e+01 4.513669482744885642e+01 3.188224782077350028e+01
5.526175856561155797e+01 4.513615624875881593e+01 3.188399847653322183e+01
5.526246317480466530e+01 4.513722294423361348e+01 3.188370964974422250e+01
5.526273234741312024e+01 4.513703921288261256e+01 3.188443629102635057e+01
5.526105327100516718e+01 4.513676602205871546e+01 3.188191276712858269e+01
5.526370448397446467e+01 4.514085701884870616e+01 3.188071612896920470e+01
5.526686251008442241e+01 4.514157515375530494e+01 3.188517342506445829e+01
5.529503290536469251e+01 4.516453640752513365e+01 3.190149393208256257e+01
5.526498351935120468e+01 4.513877934458351149e+01 3.188587465752133099e+01
5.526369411898581774e+01 4.514340601270502873e+01 3.187708865704167138e+01
5.526650826062157051e+01 4.514348920020665901e+01 3.188184935276146703e+01
5.526089176510270562e+01 4.513861135275025305e+01 3.187902012013170250e+01
5.527752291680295826e+01 4.515022609484071126e+01 3.189140359724610008e+01
5.529783392539938092e+01 4.516640675082547318e+01 3.190370100881773041e+01
5.526095900006957606e+01 4.514173644763248205e+01 3.187471129437660977e+01
5.527066381019101016e+01 4.514852777815719520e+01 3.188191834698982419e+01
5.526233494907708632e+01 4.513777116592489591e+01 3.188271127424055607e+01
5.526973591429693045e+01 4.514438207336837650e+01 3.188618000403716479e+01
5.526439055665797895e+01 4.514059554859004919e+01 3.188227559502991681e+01
5.526232082044632676e+01 4.513525726330666288e+01 3.188624553372596537e+01
5.529086489213528210e+01 4.516098641952908110e+01 3.189929538619101024e+01
5.527978165405858135e+01 4.515399310382669285e+01 3.188998536374644743e+01
5.526255855231013925e+01 4.513858486103754331e+01 3.188194684285165437e+01
5.526759796222392396e+01 4.514252991154480554e+01 3.188509648251515216e+01
5.526157108361255865e+01 4.514107615040727239e+01 3.187670752465340840e+01
5.526257960388415569e+01 4.513823675074523578e+01 3.188247618221183899e+01
5.526209978814500801e+01 4.513817135552886839e+01 3.188173708683091689e+01
5.526516722694540107e+01 4.514385066141752390e+01 3.187901278399117189e+01
5.526350722393689807e+01 4.513763652265090798e+01 3.188493374368490407e+01
5.526199050026871618e+01 4.513426302010439883e+01 3.188708038820466584e+01
5.526215721526439495e+01 4.513977335615213349e+01 3.187956840109064416e+01
5.526227149365345070e+01 4.513707285639297595e+01 3.188358989503746699e+01
5.527640264039663265e+01 4.514908063092246948e+01 3.189108350379003198e+01
5.526321038734568702e+01 4.513850510546478745e+01 3.188318960141788949e+01
5.527623761496775501e+01 4.514873261788520153e+01 3.189129015679805690e+01
5.527808934604080093e+01 4.515089663868430847e+01 3.189143606788059770e+01
5.526449672916647415e+01 4.514025423921508917e+01 3.188294286835949620e+01
5.526315455245280361e+01 4.514293703598099228e+01 3.187681738903275175e+01
5.526427292821961146e+01 4.514018815097794857e+01 3.188264850948015905e+01
5.526275323889903035e+01 4.514123603273327490e+01 3.187853047084366764e+01
5.526296599988877745e+01 4.513930297704033023e+01 3.188163637349596158e+01
5.526591491469685735e+01 4.514284186584995950e+01 3.188173739985599653e+01
5.526332927850705801e+01 4.513867964094303176e+01 3.188314857753246301e+01
5.528320861083194160e+01 4.515730146822257751e+01 3.189124140601657942e+01
5.527366603865763750e+01 4.514652613596847175e+01 3.188995665107386657e+01
5.526981839169103949e+01 4.514376469841849371e+01 3.188719702175675508e+01
5.526405527085156422e+01 4.513956072932942476e+01 3.188315953827220284e+01
5.526659554634115068e+01 4.514257100430879177e+01 3.188330074512039047e+01
5.526529590431676553e+01 4.513693361354511779e+01 3.188902876159938060e+01
5.526715149978436159e+01 4.514426409094064496e+01 3.188186717536355985e+01
5.527202591628269346e+01 4.514729837524728850e+01 3.188602042128523806e+01
5.526634629676223653e+01 4.513908710969004545e+01 3.188780092601964000e+01
5.527606105438950834e+01 4.515089352089412245e+01 3.188792467304007872e+01
5.528148385539692100e+01 4.515456332636065184e+01 3.189212862228227507e+01
5.529219078735249582e+01 4.516347128379712217e+01 3.189807554794835909e+01
5.526707789655431924e+01 4.514343883934643742e+01 3.188290810108122741e+01
5.526486950315533164e+01 4.514312022418211967e+01 3.187953101326661098e+01
5.528417018862937482e+01 4.515734287030827687e+01 3.189284964280794910e+01
5.528073342815198998e+01 4.515469635120296488e+01 3.189063946967915797e+01
5.527273530692454528e+01 4.514869127912440661e+01 3.188527785815357873e+01
5.526511611617226549e+01 4.513975252174324027e+01 3.188472677646427655e+01
5.527832535751051068e+01 4.515234845470038749e+01 3.188978964113914216e+01
5.527064129241557566e+01 4.514724974240842670e+01 3.188368908347144526e+01
5.528652751781073249e+01 4.515888561724756300e+01 3.189475152413002235e+01
5.527060189307240989e+01 4.514464192039636004e+01 3.188731314334418698e+01
5.526802147300930557e+01 4.514534000525858914e+01 3.188185178672368636e+01
5.526694936029036853e+01 4.514195111528694326e+01 3.188479168973734446e+01
5.527914276185509834e+01 4.515337230905471699e+01 3.188975687592251518e+01
5.527073085927021623e+01 4.514577422447078447e+01 3.188593356624506825e+01
5.526494929642154119e+01 4.513935213397259361e+01 3.188500446387404708e+01
5.526519701825208841e+01 4.514021565453334972e+01 3.188421132987990347e+01
5.526821342386767810e+01 4.514408022190772130e+01 3.188396832240534451e+01
5.527493601602241569e+01 4.515065287401197480e+01 3.188631519360375677e+01
5.528967629551266327e+01 4.516011518238369149e+01 3.189846863998979742e+01
5.527126082387691497e+01 4.514437568172893833e+01 3.188883217315979834e+01
5.526580397633505726e+01 4.514077874782032040e+01 3.188446617384436266e+01
5.527651417506896081e+01 4.515245986693348357e+01 3.188649223905886387e+01
5.528339836010653841e+01 4.515697547602165685e+01 3.189203192178586477e+01
5.527099890818803374e+01 4.514292325023033214e+01 3.189043431395590744e+01
5.526953359224516049e+01 4.514518036421686276e+01 3.188469904808016864e+01
5.526786005058690421e+01 4.514342827393774371e+01 3.188427885725343103e+01
5.527491307521523822e+01 4.514702937365198210e+01 3.189140564803008360e+01
5.527116460006752874e+01 4.514714079311556105e+01 3.188475050011147616e+01
5.526772432144440472e+01 4.514231218070316487e+01 3.188562376136173171e+01
5.526782015319168551e+01 4.514393307677755729e+01 3.188349495969616143e+01
5.529245025342490294e+01 4.516291677708676389e+01 3.189931038774038896e+01
5.527047136952186435e+01 4.514672961198464662e+01 3.188413101766276725e+01
5.529917271927740074e+01 4.516886089392549763e+01 3.190254706103701920e+01
5.527022636267448519e+01 4.514546990678155680e+01 3.188548994569722339e+01
5.527137311926825447e+01 4.514503420209733520e+01 3.188809453982522513e+01
5.526913039764566093e+01 4.514499158408449375e+01 3.188426743371878658e+01
5.526931726605931772e+01 4.514514989306415060e+01 3.188436720697296067e+01
5.526804679582911461e+01 4.514295330179550803e+01 3.188527503124079132e+01
5.527731581178591824e+01 4.515333657699046199e+01 3.188664045209110753e+01
5.526760069279496435e+01 4.514282107548667256e+01 3.188468898522967265e+01
5.526787672910584348e+01 4.514379023954734294e+01 3.188379527207182562e+01
5.526730293764902058e+01 4.514080623285789073e+01 3.188702536533388709e+01
5.526685737974679569e+01 4.514357596327688071e+01 3.188233168827403219e+01
5.526830735692918495e+01 4.514574419534267236e+01 3.188177503133531943e+01
5.527409194132051340e+01 4.515000710526177841e+01 3.188576639085790632e+01
5.527408999322506133e+01 4.514828395474898315e+01 3.188820284243843162e+01
5.526771614020888990e+01 4.514541207006003987e+01 3.188122043428047903e+01
5.528182206335583260e+01 4.515443512639486556e+01 3.189289637302848490e+01
5.527894907864522622e+01 4.515329157513156133e+01 3.188953544927559136e+01
5.527314080002577157e+01 4.514627581654504951e+01 3.188940064968159760e+01
5.528281898790717008e+01 4.515628308308605909e+01 3.189200798585603280e+01
5.526888293390469897e+01 4.514367417488369227e+01 3.188570373621384135e+01
5.527712367641527180e+01 4.514966854848965738e+01 3.189150093519014462e+01
5.526851864914547008e+01 4.514310566451927542e+01 3.188587719716972657e+01
5.528069989221151559e+01 4.515328018567279855e+01 3.189258642767755703e+01
5.526835926717356529e+01 4.514410913968816175e+01 3.188418018499603690e+01
5.529086112999959823e+01 4.516225764114535934e+01 3.189748907440377579e+01
5.526897019764574281e+01 4.514292616327793439e+01 3.188691399500882895e+01
5.527075085450196212e+01 4.514550455284694408e+01 3.188635003711313587e+01
5.526818904313319081e+01 4.514397506545864047e+01 3.188407494967912825e+01
5.528346640383743704e+01 4.515639593834275445e+01 3.189297043995502179e+01
5.526882150404679095e+01 4.514436929592757508e+01 3.188461308090622381e+01
5.526841222226694583e+01 4.514429427031285513e+01 3.188400985456226877e+01
5.526892778555059493e+01 4.514183504633452770e+01 3.188838514591057560e+01
5.528051108302337724e+01 4.515383678040699067e+01 3.189147111076306018e+01
5.527580721156726895e+01 4.514851586864576660e+01 3.189085100383797311e+01
5.528999407609842365e+01 4.515985585865870178e+01 3.189938657341498640e+01
5.527014540762733219e+01 4.514425486473075466e+01 3.188706988872609571e+01
5.526953670067263857e+01 4.514284744531547489e+01 3.188800733247491692e+01
5.528030130466525094e+01 4.515500586727534937e+01 3.188945213485022734e+01
5.527342498770357082e+01 4.514936183100537903e+01 3.188552392739137886e+01
5.527605141973928937e+01 4.515165418655980289e+01 3.188683089889897104e+01
5.528314937572738330e+01 4.515373891376232507e+01 3.189618264003975057e+01
5.527401225348034330e+01 4.514609503276403757e+01 3.189116701989022218e+01
5.526898456975863638e+01 4.514505406048343161e+01 3.188392618935514733e+01
5.527795775233259690e+01 4.514970246424286415e+01 3.189289859293145213e+01
5.527140958755049382e+01 4.514240187156677564e+01 3.189188409393107193e+01
5.527258365939537299e+01 4.514987200656428001e+01 3.188334302070163417e+01
5.526986575519270417e+01 4.514390512268663969e+01 3.188708031273622368e+01
5.528024846503556944e+01 4.515198187578869948e+01 3.189364204735037944e+01
5.527691088443913259e+01 4.514990952888251030e+01 3.189079093500112094e+01
5.527449119832481728e+01 4.514735760833248435e+01 3.189020975501776789e+01
5.527466829179849839e+01 4.514865816632773488e+01 3.188867542793902032e+01
5.527068173272821383e+01 4.514435925293353336e+01 3.188785171256619222e+01
5.527019083861390669e+01 4.514401150020206899e+01 3.188749317532539251e+01
5.527177602503787313e+01 4.514740272200885585e+01 3.188543950486959844e+01
5.528501842660121213e+01 4.515570375315489571e+01 3.189664059092977411e+01
5.526976876501344549e+01 4.514496518089643473e+01 3.188541136873890380e+01
5.527276743283373861e+01 4.514580496238662022e+01 3.188942009479434958e+01
5.527227558509577676e+01 4.514891671286959962e+01 3.188416171093634333e+01
5.526954101807745445e+01 4.514577375137154291e+01 3.188387173382364637e+01
5.527096973243276068e+01 4.514296397879305545e+01 3.189032609386255146e+01
5.526945387878150484e+01 4.514516713607977749e+01 3.188457960071260189e+01
5.528743213810221846e+01 4.515939851082485035e+01 3.189559340356858996e+01
5.527019465918433383e+01 4.514230503281478946e+01 3.188991555317186410e+01
5.527899773427653685e+01 4.515269632824293922e+01 3.189046259927295068e+01
5.527132002003367006e+01 4.514713488458554735e+01 3.188502828084072860e+01
5.527068648575684051e+01 4.514254490729251756e+01 3.189042840571293524e+01
5.527689538960215287e+01 4.515067623252151918e+01 3.188967857566199982e+01
5.527010052213614699e+01 4.514679262915031188e+01 3.188339892526412456e+01
5.527912905505110785e+01 4.515150550434283616e+01 3.189237620147319774e+01
5.528146258468983376e+01 4.515164535849528704e+01 3.189622276889745933e+01
5.527081648295759209e+01 4.514366664716872890e+01 3.188906578032792893e+01
5.528129286528307773e+01 4.515508888345323868e+01 3.189105342858142933e+01
5.527641173686096465e+01 4.514843975869825243e+01 3.189200655114343164e+01
5.527515290067000109e+01 4.514763417511488086e+01 3.189096512466258915e+01
5.528000909268024543e+01 4.515223245698513210e+01 3.189287239238869986e+01
5.527284853057235381e+01 4.514601845746260977e+01 3.188925841285807650e+01
5.527288775009949262e+01 4.514858849557146669e+01 3.188568765281141282e+01
5.527066392165811237e+01 4.514606946245088182e+01 3.188539951815626949e+01
5.527335770091049483e+01 4.514704744048312790e+01 3.188868418325796839e+01
5.529121284992709207e+01 4.516224632033102893e+01 3.189811476745435215e+01
5.527102702604872064e+01 4.514393248004598291e+01 3.188905437217067629e+01
5.527563267255315793e+01 4.514700518512342597e+01 3.189268709540580815e+01
5.527515033858205840e+01 4.514856299632656800e+01 3.188964572270408837e+01
5.527079246645688215e+01 4.514566030259811669e+01 3.188620165075424850e+01
5.527146772957482312e+01 4.514681161820855948e+01 3.188574204392018885e+01
5.527278394181755772e+01 4.514946230943106542e+01 3.188427038287230530e+01
5.527121091228715954e+01 4.514649967307854439e+01 3.188573855157271097e+01
5.527300806597656191e+01 4.514800006985110059e+01 3.188672937687769959e+01
5.527501064254609275e+01 4.515052357243414605e+01 3.188662764653314952e+01
5.529985478828947976e+01 4.516945564937287116e+01 3.190288726659766638e+01
5.529055571839925420e+01 4.516156479691625947e+01 3.189794063483324749e+01
5.527803506688356805e+01 4.515327950700037718e+01 3.188796811680401433e+01
5.527708367693664115e+01 4.515074832382820347e+01 3.188990287889538777e+01
5.527152450119906746e+01 4.514802263507433366e+01 3.188412571844278176e+01
5.527190718496930799e+01 4.514622123668237208e+01 3.188733968070072677e+01
5.527200630838336792e+01 4.514660210478074731e+01 3.188697225743732133e+01
5.527967644557704574e+01 4.515306748679817161e+01 3.189111356569938494e+01
5.527279566395301913e+01 4.514647781048576292e+01 3.188851645681279123e+01
5.527406194806398787e+01 4.515018384733669166e+01 3.188546413007206226e+01
5.527465486135435668e+01 4.514780772906434692e+01 3.188985618188458915e+01
5.529149394064732093e+01 4.516169188089028808e+01 3.189938696345382496e+01
5.527376852078675995e+01 4.514836329947042515e+01 3.188753326722763148e+01
5.527300070988636094e+01 4.514830836100843925e+01 3.188628011566092368e+01
5.527651717725196789e+01 4.515113605462857294e+01 3.188837192807828558e+01
5.527641446771912115e+01 4.515084448287861107e+01 3.188860672544314312e+01
5.527527078648150649e+01 4.515073794784247951e+01 3.188677505305471982e+01
5.527331114093892950e+01 4.514979810427762885e+01 3.188470880572710797e+01
5.527769685637355224e+01 4.515095678567543303e+01 3.189067059632331436e+01
5.527258599655625915e+01 4.514765567636550969e+01 3.188648537664582960e+01
5.527834901443958415e+01 4.515221853600743174e+01 3.189001459765769653e+01
5.527411787412197697e+01 4.515000453177172091e+01 3.188581498947961990e+01
5.527387901519277591e+01 4.514899969988641004e+01 3.188682372839642198e+01
5.527614749690466311e+01 4.514804414747194983e+01 3.189210861259385510e+01
5.527914438217565873e+01 4.515211697232446397e+01 3.189153706773870312e+01
5.528460681039538827e+01 4.515762318503584538e+01 3.189320959794309474e+01
5.527282564785501506e+01 4.514770521611340115e+01 3.188683064867228723e+01
5.528646811716463105e+01 4.515762105008557370e+01 3.189643895432732990e+01
5.527345469325216243e+01 4.514837629001622332e+01 3.188697088313815797e+01
5.527654669358546613e+01 4.514888417848341362e+01 3.189161130777220876e+01
5.527584710201016804e+01 4.514903069751932918e+01 3.189019128069418585e+01
5.527841398246997073e+01 4.515340737280137517e+01 3.188844391065794781e+01
5.528658705654163441e+01 4.515868419812039747e+01 3.189513990963180490e+01
5.527379779896903500e+01 4.514945314946734811e+01 3.188604088665395153e+01
5.527956969335291859e+01 4.515377172151188745e+01 3.188993140167998774e+01
5.528746723102101157e+01 4.515797985268198289e+01 3.189766274268367141e+01
5.527721437109830305e+01 4.515115018125505486e+01 3.188956045382420967e+01
5.527478712417635620e+01 4.514935324723440146e+01 3.188789728062131701e+01
5.527875701866452829e+01 4.514902883154292823e+01 3.189523746732509224e+01
5.528095101508053233e+01 4.515467862343415817e+01 3.189104174444779360e+01
5.528647925306950128e+01 4.515861102982493946e+01 3.189505663981579886e+01
5.528709502266062970e+01 4.515691654055842719e+01 3.189852292181797111e+01
5.529133170913062401e+01 4.516307064919566017e+01 3.189715366149266274e+01
5.527364632809253919e+01 4.514895361112777294e+01 3.188648563613259412e+01
5.527645817668786776e+01 4.514871932169818081e+01 3.189169127170335827e+01
5.527474126377782682e+01 4.514965880893860373e+01 3.188738514231004828e+01
5.527549081276830378e+01 4.514974475111753804e+01 3.188856273809415853e+01
5.527405370846526012e+01 4.515028757390813041e+01 3.188530296797725683e+01
5.527535870987724564e+01 4.514788513737941145e+01 3.189096655994605456e+01
5.527383366855350744e+01 4.514859291921140994e+01 3.188732108274781041e+01
5.528941309738605270e+01 4.516150692703852343e+01 3.189604196028804850e+01
5.527806679866598927e+01 4.515026033760806712e+01 3.189229782320482087e+01
5.527694371431343967e+01 4.514791204257279844e+01 3.189367562059108607e+01
5.529337554109866204e+01 4.516344992731097108e+01 3.190015939446450588e+01
5.528129437924953749e+01 4.515322802922182888e+01 3.189369070500219294e+01
5.528171388818554277e+01 4.515316128763223702e+01 3.189451232027659699e+01
5.527845998546004580e+01 4.514915069746570708e+01 3.189455015612603361e+01
5.527514675238289499e+01 4.515006353025383845e+01 3.188751498175277632e+01
5.529266040943426930e+01 4.516353596671130788e+01 3.189879800457367764e+01
5.528433095961940325e+01 4.515732563740474603e+01 3.189315272797783507e+01
5.527551371026456906e+01 4.514778604261172035e+01 3.189137550160231527e+01
5.527777256986798449e+01 4.515279066186712242e+01 3.188820527611508737e+01
5.527460678914549419e+01 4.514973889438375920e+01 3.188703864368122609e+01
5.527464423926119963e+01 4.515090715321971260e+01 3.188544933066216558e+01
5.528526759830347714e+01 4.515902982996103532e+01 3.189236332153378228e+01
5.528736272336497137e+01 4.516029473963364893e+01 3.189420411194398142e+01
5.528175158769030872e+01 4.515663823964678159e+01 3.188965477230460266e+01
5.527593732311779462e+01 4.515174424511503304e+01 3.188650558736357254e+01
5.527969193146140725e+01 4.515359140678544492e+01 3.189039860375456215e+01
5.528202835896708223e+01 4.515593841932864905e+01 3.189112548894189203e+01
5.528838459200262889e+01 4.516035682876520951e+01 3.189588753886295081e+01
5.528061835134177926e+01 4.515262412441736473e+01 3.189337391976252434e+01
5.528521920548821811e+01 4.515776410898153870e+01 3.189407160079223047e+01
5.529002485065160499e+01 4.516038126534694896e+01 3.189869608548556457e+01
5.527552887832729311e+01 4.514971416377291291e+01 3.188867202798507705e+01
5.527979019924354986e+01 4.515369786600309254e+01 3.189041820826580320e+01
5.528186359421594886e+01 4.515352735491917713e+01 3.189425355543008678e+01
5.527926025633964002e+01 4.515043012103113540e+01 3.189412601677644332e+01
5.530085606407226351e+01 4.516922314791374760e+01 3.190495199233515322e+01
5.527760007136013343e+01 4.515164694673598689e+01 3.188952567296259843e+01
5.527804314180078649e+01 4.515048695896614817e+01 3.189193598631191406e+01
5.527634353139950463e+01 4.514866499648785947e+01 3.189156946962948069e+01
5.530734004219641520e+01 4.517519694048592527e+01 3.190773329353644883e+01
5.529752087007649664e+01 4.516703816232062252e+01 3.190226446539520566e+01
5.527576801225047376e+01 4.514945994396119744e+01 3.188944646921260784e+01
5.527976069788372371e+01 4.515226888670195393e+01 3.189239027100754953e+01
5.527656617050843835e+01 4.515072528406738428e+01 3.188903846034364520e+01
5.527716171678494561e+01 4.514981889321190067e+01 3.189135402227006111e+01
5.528522367554167971e+01 4.515572267358031411e+01 3.189696955325660710e+01
5.528894467561871551e+01 4.515965810132721003e+01 3.189784763138194634e+01
5.529506348269286775e+01 4.516598793043802829e+01 3.189949184270120597e+01
5.529875703386955621e+01 4.516790770888511020e+01 3.190317605964294145e+01
5.528225690856329777e+01 4.515254913074471688e+01 3.189632009966163295e+01
5.527651167005459598e+01 4.515156945172743264e+01 3.188774872040226427e+01
5.527712444884009813e+01 4.514987087958154177e+01 3.189121582645713815e+01
5.528083163009438294e+01 4.515298634873560957e+01 3.189323077873640955e+01
5.527653001552606327e+01 4.515142060688188508e+01 3.188799127787442700e+01
5.528272884871136483e+01 4.515623695638459623e+01 3.189191704647103620e+01
5.527657262894508960e+01 4.515122806966792268e+01 3.188833776482983495e+01
5.527694533428188350e+01 4.515209141040718066e+01 3.188776139454480330e+01
5.528045181151934173e+01 4.515525472549703778e+01 3.188936065776780993e+01
5.528513530980720958e+01 4.515840263477513616e+01 3.189302208476371447e+01
5.528122651193893944e+01 4.515528731560045372e+01 3.189065744242149236e+01
5.527822121035367076e+01 4.515102704140297618e+01 3.189148001092599216e+01
5.528666915443644569e+01 4.515890529112274976e+01 3.189496918166751627e+01
5.527763185508174359e+01 4.515071434796110594e+01 3.189090116906022843e+01
5.530727534035833770e+01 4.517519147614136443e+01 3.190762887881476928e+01
5.527716325647193685e+01 4.515186873401215450e+01 3.188845445469545226e+01
5.527826708012467805e+01 4.515072894571439832e+01 3.189198154790987516e+01
5.528953813669810557e+01 4.515946932879471376e+01 3.189914352002329423e+01
5.529155130084991754e+01 4.516079644781194702e+01 3.190075405776193307e+01
5.528998825388529781e+01 4.516181468737882199e+01 3.189660319309297165e+01
5.527752250570961934e+01 4.514840276314190248e+01 3.189398410839188713e+01
5.528353319182730985e+01 4.515634286591855329e+01 3.189316135392473228e+01
5.528750305287837818e+01 4.516006172215662673e+01 3.189477730088486140e+01
5.528695288886793691e+01 4.515969759570710806e+01 3.189433919679460061e+01
5.527787740609677059e+01 4.515240673748974842e+01 3.188893062389760402e+01
5.528237528351042585e+01 4.515737831037854733e+01 3.188968800600341069e+01
5.529080151883091787e+01 4.516180829483445791e+01 3.189802194706400229e+01
5.528360805074589024e+01 4.515638949543616576e+01 3.189322509319115539e+01
5.527841456804066667e+01 4.515106700382675342e+01 3.189175858387425677e+01
5.528373995184146850e+01 4.515470096984500259e+01 3.189584429650219377e+01
5.528267614112692030e+01 4.515639097036243754e+01 3.189160760853069476e+01
5.528875813567740494e+01 4.515951574695615278e+01 3.189772583877812906e+01
5.527799740908111659e+01 4.514938215477492633e+01 3.189342077295048838e+01
5.527907983826577976e+01 4.515356031376719415e+01 3.188938159883867840e+01
5.527982001830411463e+01 4.515444377986467117e+01 3.188941373225818410e+01
5.527859007167161565e+01 4.515134492682278022e+01 3.189166931364657032e+01
5.529289673770895064e+01 4.516271643563689508e+01 3.190036792579669367e+01
5.527911085192285157e+01 4.515156612979014028e+01 3.189225881944335583e+01
5.527914218959853798e+01 4.515430105602134603e+01 3.188844081105319006e+01
5.529818057706970791e+01 4.516804602874593400e+01 3.190198102123594026e+01
5.528157817133462970e+01 4.515454173486816813e+01 3.189232267846653102e+01
5.528378554971919101e+01 4.515650738966171929e+01 3.189336584737909419e+01
5.528070555053656676e+01 4.515397964914224360e+01 3.189160591770149011e+01
5.528136611500388398e+01 4.515305259456638254e+01 3.189406341207437379e+01
5.528150370151679027e+01 4.515246452044376468e+01 3.189513441311827435e+01
5.527924454077916749e+01 4.515033633579096062e+01 3.189423154371677072e+01
5.528172914944170913e+01 4.515504598049003704e+01 3.189187044141599969e+01
5.528232255456042310e+01 4.515633308104035848e+01 3.189107664693370481e+01
5.528069657647293411e+01 4.515206858290112280e+01 3.189429598948784061e+01
5.528502219786091842e+01 4.515849349460660989e+01 3.189269735716230514e+01
5.527966840519231795e+01 4.515135621207751626e+01 3.189352240186252985e+01
5.528033293567180806e+01 4.515303142791234592e+01 3.189230255639565925e+01
5.529364791975617521e+01 4.516298551258198302e+01 3.190128900004302892e+01
5.529774007671424840e+01 4.516724795890595345e+01 3.190234739655619123e+01
5.528119290954688836e+01 4.515543532499573587e+01 3.189038961995704824e+01
5.528784381983944485e+01 4.515799467758940011e+01 3.189829448333823336e+01
5.529706554437001387e+01 4.516650363083723363e+01 3.190223201570574219e+01
5.528011177918957486e+01 4.515316433081397207e+01 3.189173104794098279e+01
5.528017639995258747e+01 4.515160348575840032e+01 3.189405282297507682e+01
5.528065445461692207e+01 4.515456406351101037e+01 3.189068988223737833e+01
5.528232793346420237e+01 4.515365795308331087e+01 3.189487349401204952e+01
5.528077178221818855e+01 4.515146494370143415e+01 3.189528087782565891e+01
5.530234012834501556e+01 4.517093724915752517e+01 3.190509758179454991e+01
5.528143542948227207e+01 4.515236492337855623e+01 3.189515707705594494e+01
5.528520374311311514e+01 4.515565468754626721e+01 3.189703125145989659e+01
5.528083817156285562e+01 4.515227951787056071e+01 3.189424279224398262e+01
5.528339684182755320e+01 4.515653802847214138e+01 3.189264867730709341e+01
5.528512978439923842e+01 4.515707972563062356e+01 3.189488557638838628e+01
5.528226958221179643e+01 4.515558338898271273e+01 3.189204632758719882e+01
5.528221605419825835e+01 4.515637666346660239e+01 3.189083031986129413e+01
5.529174237039882200e+01 4.516256256372886924e+01 3.189858487506666407e+01
5.529285360214819889e+01 4.516282748727965668e+01 3.190013593737196729e+01
5.528429460749328683e+01 4.515530668767480194e+01 3.189594814690642011e+01
5.528622761781004158e+01 4.515843089931204446e+01 3.189487549623545348e+01
5.528536742377640678e+01 4.515545086285862908e+01 3.189760349233023007e+01
5.528249288459662125e+01 4.515499195521356768e+01 3.189327078021434048e+01
5.528278927097767337e+01 4.515657943087501280e+01 3.189153686610916694e+01
5.528190533508475824e+01 4.515448801684434699e+01 3.189296582969249982e+01
5.528206137471121195e+01 4.515469800503838371e+01 3.189293899770166618e+01
5.528246232049522746e+01 4.515556581780870005e+01 3.189240530111394634e+01
5.528240954431814203e+01 4.515538629349579480e+01 3.189256800119567004e+01
5.529156505867167226e+01 4.516210447670470529e+01 3.189892609277828228e+01
5.528740143867221235e+01 4.515889679455360550e+01 3.189625053418897949e+01
5.528250741490467135e+01 4.515487878589893711e+01 3.189345619260735987e+01
5.529344467023268095e+01 4.516434204337852520e+01 3.189901614922933959e+01
5.528379734875981200e+01 4.515713609506612869e+01 3.189249612354633356e+01
5.528500467003051710e+01 4.515854236310819658e+01 3.189259777761382608e+01
5.528347615539362181e+01 4.515676940065058886e+01 3.189245856186759909e+01
5.529286608674837566e+01 4.516421071872407822e+01 3.189819916925998200e+01
5.529024520202837323e+01 4.516008085621602675e+01 3.189950331212779489e+01
5.529329845231509921e+01 4.516265147904790922e+01 3.190115617213336918e+01
5.528639174593212147e+01 4.515750648859868477e+01 3.189646877033317551e+01
5.529999872728512855e+01 4.516955660486971169e+01 3.190299383062987104e+01
5.529048254905395510e+01 4.516220501157728506e+01 3.189690735791642950e+01
5.530497966285028610e+01 4.517353405623543239e+01 3.190599624488195118e+01
5.528484992648174767e+01 4.515804049105191353e+01 3.189304015615514487e+01
5.528475229697237125e+01 4.515629246027855714e+01 3.189534586392475646e+01
5.529491445320800835e+01 4.516414908519303140e+01 3.190183696588723450e+01
5.530115750412874576e+01 4.516990558695034963e+01 3.190450831093383854e+01
5.528374968601712425e+01 4.515541479500989652e+01 3.189485058809336593e+01
5.528914100487715899e+01 4.515911929457456608e+01 3.189895072875551918e+01
5.528763092869031226e+01 4.516069345116220290e+01 3.189410448213319427e+01
5.528389519599556934e+01 4.515620026276282317e+01 3.189399074858900462e+01
5.528347650590214357e+01 4.515635729798461284e+01 3.189304266067108884e+01
5.528442933301727891e+01 4.515817575444417287e+01 3.189211954712498098e+01
5.529306754871755913e+01 4.516366059147232193e+01 3.189932728013763352e+01
5.528428622044363294e+01 4.515804427480092897e+01 3.189205763476312327e+01
5.528449880079358536e+01 4.515492234361894930e+01 3.189684617319852578e+01
5.528452090695225962e+01 4.515758737552769020e+01 3.189311139310217413e+01
5.528463338195010124e+01 4.515609339665096655e+01 3.189542157315947080e+01
5.528496082101827369e+01 4.515752176138826002e+01 3.189396684878302679e+01
5.528834194021102633e+01 4.515964368458866574e+01 3.189682330230846219e+01
5.528561227238360232e+01 4.515789382169717214e+01 3.189456928570531602e+01
5.528717559079197486e+01 4.515816147788457613e+01 3.189690011183478546e+01
5.530155826560810794e+01 4.517089982036831231e+01 3.190379532316960720e+01
5.529226593310172433e+01 4.516411269617726276e+01 3.189729763449939881e+01
5.529884146943371803e+01 4.516761363865952461e+01 3.190373874721175795e+01
5.529225030682420083e+01 4.516358069737245984e+01 3.189802380374726098e+01
5.529425000985430216e+01 4.516438598707847518e+01 3.190034988150539874e+01
5.528711990315785840e+01 4.515771319650477977e+01 3.189743823645358844e+01
5.528559555570849682e+01 4.515748792879806928e+01 3.189511498505423859e+01
5.528586169573559062e+01 4.515764628818720183e+01 3.189535209322788845e+01
5.529290938133446787e+01 4.516304731657536564e+01 3.189992139384107972e+01
5.529752493440517469e+01 4.516702317276535439e+01 3.190229273237331853e+01
5.529783563344795994e+01 4.516806381268939674e+01 3.190135792026172368e+01
5.528564241614473929e+01 4.515815144344944798e+01 3.189425678043473766e+01
5.528918361903144785e+01 4.516110663449480001e+01 3.189621094748974528e+01
5.528684356334055394e+01 4.515990812213157568e+01 3.189385159553367188e+01
5.529718137469165384e+01 4.516733574248267047e+01 3.190125467613136578e+01
5.528775967583410278e+01 4.516079978556285823e+01 3.189417709709866244e+01
5.528586481303334921e+01 4.515758516366403086e+01 3.189544403690641872e+01
5.529508217392987035e+01 4.516514666525774402e+01 3.190071534193887359e+01
5.529250143489888103e+01 4.516225764539863974e+01 3.190033227568212837e+01
5.528779011929276521e+01 4.515974438528935053e+01 3.189572421705289074e+01
5.529377106667338637e+01 4.516301720179211543e+01 3.190145758432232270e+01
5.529813772471477762e+01 4.516802303129677654e+01 3.190193930258421773e+01
5.528696117921968778e+01 4.515907265198067932e+01 3.189523841650467517e+01
5.528689112925405169e+01 4.515900250483147005e+01 3.189521631070426011e+01
5.529175643804401830e+01 4.516155048863915766e+01 3.190004212326496003e+01
5.529834993943421040e+01 4.516805241001403459e+01 3.190226555450803048e+01
5.528655639028738733e+01 4.515863940494315187e+01 3.189515017350980486e+01
5.529252411675172141e+01 4.516352014521991975e+01 3.189858415813914050e+01
5.528680691452817797e+01 4.515707803189716429e+01 3.189779494613179622e+01
5.528913465393970483e+01 4.516046450767262854e+01 3.189703522637672251e+01
5.529757435157926437e+01 4.516818874727010069e+01 3.190072811801354646e+01
5.529376243928220447e+01 4.516410497754866071e+01 3.189990260594442262e+01
5.530179891318530849e+01 4.517028295430308305e+01 3.190508581500103702e+01
5.528681195351082778e+01 4.515899069583916514e+01 3.189509578784769062e+01
5.528974871483078601e+01 4.516079832244989944e+01 3.189762699368306897e+01
5.529957882120180557e+01 4.516910624132620455e+01 3.190290361647506145e+01
5.528949239968875418e+01 4.516087326928948897e+01 3.189707659598939671e+01
5.528723687270892384e+01 4.515930505798925765e+01 3.189538724797820990e+01
5.529078649698345060e+01 4.516065926818155418e+01 3.189962266106317301e+01
5.528725412208273582e+01 4.515847530056726100e+01 3.189659193217688227e+01
5.529106147584476361e+01 4.516171802363714960e+01 3.189860034984501524e+01
5.528942189740116930e+01 4.516150727568154366e+01 3.189605672081404464e+01
5.528737123722632418e+01 4.515923092385451554e+01 3.189572511621051376e+01
5.530511863694057695e+01 4.517337156740493498e+01 3.190646719207947513e+01
5.528828412981844309e+01 4.515803338374107767e+01 3.189900285169522220e+01
5.529059874299058208e+01 4.516065410769424915e+01 3.189930453667588139e+01
5.528962234933242570e+01 4.516204290807902311e+01 3.189564578278089968e+01
5.528772984419138936e+01 4.516054964733964283e+01 3.189447956738693080e+01
5.529085628321595181e+01 4.516307640208270158e+01 3.189632139339709482e+01
5.529197372668019739e+01 4.516348487597305450e+01 3.189768004807946156e+01
5.528880265746266787e+01 4.516126091448387569e+01 3.189533213355461783e+01
5.528796250139018298e+01 4.516027383661017325e+01 3.189527338897582709e+01
5.528828110297679643e+01 4.515930259695753080e+01 3.189720075928616794e+01
5.528825245108347275e+01 4.516004192998767763e+01 3.189610433856291749e+01
5.529870185957895501e+01 4.516869490553730770e+01 3.190196589373590896e+01
5.528852546095228604e+01 4.515945308101587585e+01 3.189741125969151270e+01
5.529011151124183243e+01 4.516247569220087144e+01 3.189588092962666721e+01
5.528881685994024053e+01 4.515901113834740954e+01 3.189854201650331333e+01
5.529064443549675900e+01 4.516184700167487875e+01 3.189769486169554469e+01
5.528883746319365855e+01 4.516089257814440572e+01 3.189591399500488222e+01
5.528959733241413943e+01 4.516198931963373298e+01 3.189567829461830684e+01
5.529069650475804565e+01 4.516180359090656538e+01 3.189784657931695833e+01
5.529303679081667866e+01 4.516306938810178195e+01 3.190011098720678007e+01
5.528902753146325466e+01 4.515978636168838278e+01 3.189780966056393652e+01
5.529199612184705614e+01 4.516415838213953293e+01 3.189676523993248125e+01
5.528904104872587766e+01 4.516196325506075482e+01 3.189475090099054455e+01
5.529395325024441377e+01 4.516467047895307019e+01 3.189943269978009965e+01
5.529021089824424706e+01 4.516216343031641145e+01 3.189649534769796446e+01
5.529055297223450083e+01 4.516148808670325110e+01 3.189804448191188513e+01
5.530193061657512743e+01 4.517105426611981045e+01 3.190422207808471811e+01
5.529054672556438987e+01 4.516051251761062701e+01 3.189941482783896731e+01
5.530115403751754144e+01 4.517073994014596394e+01 3.190332100488825873e+01
5.529162234852965696e+01 4.516326276973110510e+01 3.189738544026209510e+01
5.529629266833590862e+01 4.516682495470701753e+01 3.190043740096858471e+01
5.529971707232989786e+01 4.516897817960249029e+01 3.190332456798709515e+01
5.529110154271381106e+01 4.516312574067738694e+01 3.189667667858915223e+01
5.529860092094814661e+01 4.516784637767287336e+01 3.190299229566452865e+01
5.529150582217085486e+01 4.516126129908449371e+01 3.190001714668765942e+01
5.529085221384523408e+01 4.516149287887835584e+01 3.189855638558418960e+01
5.529543728303217165e+01 4.516572188647806030e+01 3.190051646596119639e+01
5.529765310990851646e+01 4.516724049346087355e+01 3.190220722253624075e+01
5.529520300566973390e+01 4.516612569315611125e+01 3.189953863785886412e+01
5.529461011366808521e+01 4.516463506544642570e+01 3.190062142071235840e+01
5.529928559987387615e+01 4.516891592164171243e+01 3.190266481534230536e+01
5.529074435945203447e+01 4.516163119644315316e+01 3.189817360757085041e+01
5.529576400703094663e+01 4.516612275671772636e+01 3.190051523481030316e+01
5.529223921076810910e+01 4.516227600198686787e+01 3.189985177490898138e+01
5.529253695264358015e+01 4.516165393320721222e+01 3.190124851281976248e+01
5.529862490401930586e+01 4.516820065309097743e+01 3.190253228252477768e+01
5.529329030004659273e+01 4.516296004403861275e+01 3.190070520013309263e+01
5.529679588760285469e+01 4.516581230288965543e+01 3.190274336879751260e+01
5.529181668988568532e+01 4.516388575933774518e+01 3.189684021945449999e+01
5.529433828060319911e+01 4.516570683738370207e+01 3.189863275705232937e+01
5.529356600355136209e+01 4.516422315567168511e+01 3.189939479259410859e+01
5.529433923618245217e+01 4.516526401530158807e+01 3.189926140201571414e+01
5.529319502999562985e+01 4.516392877551659524e+01 3.189916855006095275e+01
5.529201690446588202e+01 4.516134345703260067e+01 3.190078667556145575e+01
5.529822226914390626e+01 4.516700050796498545e+01 3.190353352281113075e+01
5.529656797664219425e+01 4.516644480340611523e+01 3.190145284804877335e+01
5.529212012825595934e+01 4.516229219353262181e+01 3.189962244452856055e+01
5.529271015907114872e+01 4.516250066841265465e+01 3.190034999981468289e+01
5.529300173759270365e+01 4.516402310548040333e+01 3.189869994343127146e+01
5.530437297444274947e+01 4.517288050899486507e+01 3.190586993981428776e+01
5.529277920150992287e+01 4.516388844683883974e+01 3.189850485819712489e+01
5.529479057281658783e+01 4.516439447004199081e+01 3.190127484358715293e+01
5.529289202776423906e+01 4.516331944776895568e+01 3.189950603462016687e+01
5.529830889769580438e+01 4.516788698324120332e+01 3.190242862877578744e+01
5.529407056964647893e+01 4.516498558723239398e+01 3.189918991238077339e+01
5.530442100931783500e+01 4.517292403682262147e+01 3.190589157411728749e+01
5.529330702828699629e+01 4.516447614730858362e+01 3.189858768760156238e+01
5.529602451245455086e+01 4.516665297971848503e+01 3.190021607280524307e+01
5.529344985119293909e+01 4.516345857858918578e+01 3.190027594969120983e+01
5.529419306479794471e+01 4.516406339979819506e+01 3.190070789036127863e+01
5.529691865331524525e+01 4.516634935784946236e+01 3.190219582154267286e+01
5.529585038868788871e+01 4.516547107176632636e+01 3.190158762622313660e+01
5.530300768707483883e+01 4.517216898725176577e+01 3.190451078176609201e+01
5.529461039211692963e+01 4.516564401134493778e+01 3.189919339821097921e+01
5.529492814032029457e+01 4.516505354256646854e+01 3.190058019128005640e+01
5.529839969178399883e+01 4.516784843458010101e+01 3.190264058448918760e+01
5.529572911618300424e+01 4.516608321641170676e+01 3.190051073852049512e+01
5.529906759512860503e+01 4.516847035926700471e+01 3.190291777086573433e+01
5.530210761054458146e+01 4.517143737358146183e+01 3.190398645581552373e+01
5.529594637635707244e+01 4.516654677641179916e+01 3.190023100153291580e+01
5.529997121256312198e+01 4.516964432268048313e+01 3.190282194215502898e+01
5.529915095493370103e+01 4.516904894401647397e+01 3.190224308461067082e+01
5.529953678726595712e+01 4.516866035360569498e+01 3.190346204954550657e+01
5.529790145915349342e+01 4.516751026869086161e+01 3.190225574961676358e+01
5.529704203567445120e+01 4.516593595320765786e+01 3.190299495918668171e+01
5.530166983194349939e+01 4.517089062314661163e+01 3.190400173196169931e+01
5.529715066333699980e+01 4.516767174160260367e+01 3.190072571159823767e+01
5.529714254891646874e+01 4.516710475159390370e+01 3.190151442226108003e+01
5.529759094049633461e+01 4.516764586991838826e+01 3.190152551825863370e+01
5.529769926328692975e+01 4.516747601258450828e+01 3.190195377191695769e+01
5.530368205378898949e+01 4.517193702959747981e+01 3.190600811290347494e+01
5.530031567680099158e+01 4.516958069490689809e+01 3.190350911420459568e+01
5.529784201988419312e+01 4.516772364810104534e+01 3.190185061254037890e+01
5.530127181722980367e+01 4.516951515562615782e+01 3.190525920924001468e+01
5.529864455741230245e+01 4.516804853901768269e+01 3.190278171357426018e+01
5.530308314855069085e+01 4.517203809149620497e+01 3.190482691374342394e+01
5.529892537867197433e+01 4.516820274725198914e+01 3.190305014601376143e+01
5.529924739606170192e+01 4.516894650132481814e+01 3.190255529783301469e+01
5.530249691194346440e+01 4.517101858961824234e+01 3.190525417970963673e+01
5.529957781239763648e+01 4.516911146418751599e+01 3.190289447315439020e+01
5.530085146837810584e+01 4.517010513274782824e+01 3.190369532552812970e+01
5.530003958709603751e+01 4.516950366270678074e+01 3.190313961350994632e+01
5.530055394686214498e+01 4.516939400117636438e+01 3.190418643996902048e+01
5.530092844678576824e+01 4.517017888370542522e+01 3.190372433886946268e+01
5.530070126439336065e+01 4.517030645930672250e+01 3.190314991824459767e+01
5.530125846210111007e+01 4.516997509235284980e+01 3.190458490011008763e+01
5.530148137920851070e+01 4.517041829812582421e+01 3.190434380311379670e+01
5.530154334131619720e+01 4.517051005209899728e+01 3.190432129923306803e+01
5.530217754663306096e+01 4.517111860555480973e+01 3.190455900529305211e+01
5.530305271528428790e+01 4.517206313779695392e+01 3.190473869982950106e+01
5.530478443976480918e+01 4.517328770515764802e+01 3.190600664194603198e+01
5.530527739093225392e+01 4.517351407821593767e+01 3.190654060084215260e+01
5.530530136853473522e+01 4.517370224370766607e+01 3.190631575505532069e+01
5.530607749734819123e+01 4.517420426877092865e+01 3.190695029027441620e+01
5.530600001247916708e+01 4.517394554865252587e+01 3.190718227841064447e+01
5.530815376662657457e+01 4.517587336986824198e+01 3.190818607101379811e+01
