# Network	H1	L1	
5.444213240330800119e+01 4.448358897188952454e+01 3.138719631950754163e+01
5.849603123042751207e+01 4.760444054658384516e+01 3.399415993899415867e+01
5.354578292480963597e+01 4.381319061194159303e+01 3.078238453129497287e+01
5.581664742353258646e+01 4.545266200854187844e+01 3.239681536725795752e+01
5.513031657934182306e+01 4.527666069361146839e+01 3.145434473286687904e+01
5.639390248511103465e+01 4.598059861698315842e+01 3.265052508496760453e+01
5.626419903966313285e+01 4.587195360356068363e+01 3.257950223940822809e+01
5.349733830835052117e+01 4.358355489855909326e+01 3.102320016507636424e+01
5.544111205904349760e+01 4.546454685108001570e+01 3.172840818524258566e+01
5.473619501007875954e+01 4.488072141054323794e+01 3.133323937690733985e+01
5.369918562321272049e+01 4.388465308836587297e+01 3.094737080771216853e+01
5.465305471304620255e+01 4.488041585004558698e+01 3.118821352040219352e+01
5.236387705327462072e+01 4.284337258131812831e+01 3.010682723085942669e+01
5.354854024095615017e+01 4.380978381692589352e+01 3.079202825166796842e+01
5.417725954827100310e+01 4.429999369800339082e+01 3.118791449452145415e+01
5.626894565829984884e+01 4.580855170245461494e+01 3.267676294280452964e+01
5.277667770060733687e+01 4.293936159824153265e+01 3.068532115929771109e+01
5.313228221219593195e+01 4.341586975420359096e+01 3.062844538272326744e+01
5.630065620336443288e+01 4.602329125388801145e+01 3.242869949734698309e+01
5.443760986087495723e+01 4.435257867129735132e+01 3.156425403159735410e+01
5.831345524024840898e+01 4.766273185940757173e+01 3.359647382917840730e+01
5.509347039877147267e+01 4.475319783007122254e+01 3.213163183784504184e+01
5.672719194337426529e+01 4.618755579841426595e+01 3.293454106479692456e+01
5.632102399951045868e+01 4.583969858310697987e+01 3.272277155381758007e+01
5.593217756545674746e+01 4.581474230293492411e+01 3.208454261680300590e+01
5.343108299651936477e+01 4.353028569566482275e+01 3.098378378175814873e+01
5.361254144025994606e+01 4.388714149072869475e+01 3.079323645634459439e+01
5.636642173174074344e+01 4.621772933682574802e+01 3.226600368481309289e+01
5.617481387254379399e+01 4.605339796250147799e+01 3.216666363989904198e+01
5.404881007828531381e+01 4.430924982570891757e+01 3.095099757296152632e+01
5.475388100081651288e+01 4.450496158200871122e+01 3.189507609703265700e+01
5.478867252744634442e+01 4.466922632985281183e+01 3.172473571855466545e+01
5.369020618363777686e+01 4.402671444149891755e+01 3.072924755877121683e+01
5.347972712138519569e+01 4.359963912868795433e+01 3.097019019680062257e+01
5.639226966260982010e+01 4.593101768419662534e+01 3.271742184516562446e+01
5.742061835537283088e+01 4.691154546000583281e+01 3.311244954495492010e+01
5.619634035639163017e+01 4.579546896659275745e+01 3.256998144889325175e+01
5.620154213200336102e+01 4.597042981594353961e+01 3.233160869107440050e+01
5.309964542504661011e+01 4.344533610291912140e+01 3.052990525976236569e+01
5.544508626178988919e+01 4.538141322295510349e+01 3.185411942692369180e+01
5.690386648283109849e+01 4.638340893257387876e+01 3.296406219642073410e+01
5.549862334597649749e+01 4.527165199300904419e+01 3.210256561588882818e+01
5.273870918428300314e+01 4.300915712018317549e+01 3.052185856457259661e+01
5.583494988933429681e+01 4.553130616711320044e+01 3.231782461523472705e+01
5.667938979347368900e+01 4.631462791877901708e+01 3.267274809540184322e+01
5.669832281313134814e+01 4.615014030189416161e+01 3.293727918237230057e+01
5.734337676595742295e+01 4.691112450865874450e+01 3.297892139315145954e+01
5.292941429633162898e+01 4.325868374589284571e+01 3.049933078488020399e+01
5.771419131041432848e+01 4.714564960630291779e+01 3.328987236104719472e+01
5.523947543464745280e+01 4.519289608299829553e+01 3.176478852324279245e+01
5.435542694462662183e+01 4.418132154896946417e+01 3.166264778124546808e+01
5.385475859702000179e+01 4.377201333755711943e+01 3.137428679540016319e+01
5.729666694239107017e+01 4.666664915243130451e+01 3.324352417526115033e+01
5.636081574053014975e+01 4.583995162039882842e+01 3.279085827448690083e+01
5.643637660627221919e+01 4.619727440670137497e+01 3.241722446226580701e+01
5.386723501597266051e+01 4.376593608686629011e+01 3.140416925674624693e+01
5.563118957051437974e+01 4.554930045325734511e+01 3.193885535283627419e+01
5.508511622705211863e+01 4.507174837061963046e+01 3.166871529701492349e+01
5.556610494273155609e+01 4.515151718404597148e+01 3.238722764432697687e+01
5.532686333935261302e+01 4.527368023868952918e+01 3.180181888848958849e+01
5.503550962285320480e+01 4.482212201703864451e+01 3.193563366111383317e+01
5.620750602755746428e+01 4.585611890070399710e+01 3.250384736000349761e+01
5.484399316908599076e+01 4.468114169930312585e+01 3.180344577522294713e+01
5.398873727356303220e+01 4.411816286854866576e+01 3.111866734771956189e+01
5.738565174672103097e+01 4.692526926472906723e+01 3.303228921568440057e+01
5.686566128841629819e+01 4.653720523330887460e+01 3.268014630998118975e+01
5.343281243249665380e+01 4.349505319722599950e+01 3.103620131099889079e+01
5.587668318737178907e+01 4.556864438783432547e+01 3.233732166826764143e+01
5.340294423352559505e+01 4.363208138225131449e+01 3.079149114709521484e+01
5.659339099749985280e+01 4.637292757597198545e+01 3.244015247543627822e+01
5.587102982366922532e+01 4.547609061703078481e+01 3.245762091942260952e+01
5.672865611104280958e+01 4.612123978996660867e+01 3.302986019348788460e+01
5.355847992801015778e+01 4.361856718790934195e+01 3.107943642785219041e+01
5.533553498426106643e+01 4.526962834211668962e+01 3.182266773482395905e+01
5.418724683025557454e+01 4.433254482516941408e+01 3.115899851354962280e+01
5.591128206862680372e+01 4.548350007158931163e+01 3.251649863984873434e+01
5.598553915337060261e+01 4.557954899245914504e+01 3.250977249901342248e+01
5.598512029585490524e+01 4.568949482666872797e+01 3.235434680263466589e+01
5.438500628855192787e+01 4.448421921064047524e+01 3.128710837110897813e+01
5.676327608254943158e+01 4.640486548644752673e+01 3.269033451661881173e+01
5.594306745542565551e+01 4.563100357485389935e+01 3.236415160442145122e+01
5.406509582003194225e+01 4.410831667794629851e+01 3.126485224444918742e+01
5.685554593007437774e+01 4.628431349494675118e+01 3.301992470173556882e+01
5.555526258635189407e+01 4.531237863470278171e+01 3.214304813647643755e+01
5.626351699986127386e+01 4.608798613399842736e+01 3.227198288463303300e+01
5.449482107337045989e+01 4.437391396463324611e+01 3.163291455553831710e+01
5.542375984730834659e+01 4.513624738146472026e+01 3.216383571546354148e+01
5.635226112339007898e+01 4.587411109870551229e+01 3.272832511177993098e+01
5.506936404692946496e+01 4.499212363960239003e+01 3.175442751699327459e+01
5.393864551383005335e+01 4.413759304877719103e+01 3.100403779715079011e+01
5.349090032902719827e+01 4.361456202726796505e+01 3.096847424687753403e+01
5.648214989473021319e+01 4.613837272127740619e+01 3.258042079782360645e+01
5.783890293364368063e+01 4.733064147771227681e+01 3.324378242432286612e+01
5.315287057522174763e+01 4.332332090178112338e+01 3.079476443208437431e+01
5.533933710516866000e+01 4.510524687618048034e+01 3.206179869374623337e+01
5.492617427034677036e+01 4.470557876675166398e+01 3.191074814394464099e+01
5.488194121544970727e+01 4.479142010025525877e+01 3.171365883934753782e+01
5.507384980555141851e+01 4.492325770184396561e+01 3.185953310797496130e+01
5.668524955637551699e+01 4.640937532577186886e+01 3.254823188961587732e+01
5.678038178079729903e+01 4.623635271815649617e+01 3.295772204651469650e+01
5.618784137975607962e+01 4.575906685514001992e+01 3.260646131464523023e+01
5.453725659133094439e+01 4.459516270259172899e+01 3.139400930174484472e+01
5.739153218411604485e+01 4.690168852255848719e+01 3.307596680632832431e+01
5.530171809952997819e+01 4.503734222282856337e+01 3.209233288908279746e+01
5.528509683241208705e+01 4.520095377083838173e+01 3.183262021850718426e+01
5.491360807354543283e+01 4.491108995118002412e+01 3.159902452690542418e+01
5.690896326233465885e+01 4.642689084642866959e+01 3.291160746495913259e+01
5.425662849721062742e+01 4.445581447855273893e+01 3.110405592415286335e+01
5.534078795030767850e+01 4.537453626267843987e+01 3.168208121174805569e+01
5.642276474733815661e+01 4.606605387185869915e+01 3.257985669717528765e+01
5.706075517012187248e+01 4.666668843738904116e+01 3.283519408915150706e+01
5.610602351128947163e+01 4.564481824312605340e+01 3.262570216564470371e+01
5.728444593664217166e+01 4.671063490602823265e+01 3.316058402597603560e+01
5.588499440512715921e+01 4.576707655430072919e+01 3.207034928612207381e+01
5.624235132387063629e+01 4.611446949404935225e+01 3.219717046139435013e+01
5.716692647234445701e+01 4.686361116277749517e+01 3.273926436373356097e+01
5.361837996704580434e+01 4.395269975290754161e+01 3.070978434833530457e+01
5.525509073631035761e+01 4.532481095210808064e+01 3.160358467695640527e+01
5.335798062924275342e+01 4.358264147492369034e+01 3.078355825597337159e+01
5.464498571654895187e+01 4.451527322647906715e+01 3.169329445693134772e+01
5.348975367196805308e+01 4.354456675238444774e+01 3.106484273636282722e+01
5.614606800981401591e+01 4.584875061738373603e+01 3.240791600500740088e+01
5.543202113325668279e+01 4.525410891846656369e+01 3.201210072634066250e+01
5.618879372314889764e+01 4.583476653617228180e+01 3.250161098525976655e+01
5.740139292147195960e+01 4.689933154337398946e+01 3.309641385573211636e+01
5.430626462987964231e+01 4.450930271881698985e+01 3.111418245005365080e+01
5.553103183907929719e+01 4.524276716445421442e+01 3.219918502719939823e+01
5.461705418856308825e+01 4.473852308136059719e+01 3.132869548409256666e+01
5.692251889278775678e+01 4.652337121539432019e+01 3.279861411484329636e+01
5.677511451252392760e+01 4.627471888948050349e+01 3.289474151912067157e+01
5.419306507037209997e+01 4.423961221115850861e+01 3.130087879162340059e+01
5.648283717713066210e+01 4.622796263281791340e+01 3.245437360968540474e+01
5.692179588160869486e+01 4.635381486608387291e+01 3.303656601023094197e+01
5.804902150466398325e+01 4.744936324144243400e+01 3.344019775106889369e+01
5.502983828877521688e+01 4.483723072087890671e+01 3.190463670646358807e+01
5.440478097846517613e+01 4.443908595019132690e+01 3.138547169035816609e+01
5.550062009202940061e+01 4.528655272425015710e+01 3.208499607220620931e+01
5.431578090536252290e+01 4.431554341602718949e+01 3.140599731104798309e+01
5.759456067153134740e+01 4.700153959890697308e+01 3.328646413001965954e+01
5.551877636249601977e+01 4.542268676956361162e+01 3.192356583188909980e+01
5.515354927294729492e+01 4.506498461304290259e+01 3.179718791386483190e+01
5.457979445011708464e+01 4.476555889364450991e+01 3.122496916182106119e+01
5.544274854095687033e+01 4.524699639607592871e+01 3.204071913845360342e+01
5.566492793152241347e+01 4.562325089882789086e+01 3.189205510850914038e+01
5.634599331765343777e+01 4.619602453091429339e+01 3.226140543268707006e+01
5.485649941124238893e+01 4.493976023686531107e+01 3.145875835929790298e+01
5.544316403123443848e+01 4.543448403441388450e+01 3.177502318364154732e+01
5.640199364174733176e+01 4.623968325524508316e+01 3.229669610375515987e+01
5.641256639704972997e+01 4.590123420253821251e+01 3.279412060393266160e+01
5.450061965340231040e+01 4.443530248362575463e+01 3.155663853761210191e+01
5.454874188199637786e+01 4.461928309566972217e+01 3.137968796749177969e+01
5.397495877299873968e+01 4.391288399252817953e+01 3.138398945331323020e+01
5.686137244442550553e+01 4.650082124430382891e+01 3.272444498947191249e+01
5.741028232609045290e+01 4.684089837082487406e+01 3.319443863925808103e+01
5.428998517013359759e+01 4.443947013576323002e+01 3.118550919619453410e+01
5.724037574770824222e+01 4.666533106989950141e+01 3.314826529210085937e+01
5.399486549498572430e+01 4.396715994989332188e+01 3.134221347898224153e+01
5.435738294187453334e+01 4.423624016419111626e+01 3.158924083332167143e+01
5.457462949749055525e+01 4.446772302516124142e+01 3.163877042089200842e+01
5.306137788135986710e+01 4.330772910710908263e+01 3.065861089895827263e+01
5.558572422870361862e+01 4.529968988719254952e+01 3.221351943134548179e+01
5.595880435174852607e+01 4.562999976668415769e+01 3.239276008261218465e+01
5.654771055518166634e+01 4.620075542389903234e+01 3.260573212325815007e+01
5.454456323082336411e+01 4.450827779512462001e+01 3.152970957292986398e+01
5.628016469328630933e+01 4.586919714646915480e+01 3.261094434452607516e+01
5.477590511912044491e+01 4.495385179775067996e+01 3.129777931682619041e+01
5.524316891524095752e+01 4.496421721450774101e+01 3.209403187641606081e+01
5.480523747732655693e+01 4.480391256786879950e+01 3.156300799285340375e+01
5.356499001152751305e+01 4.360481829847201851e+01 3.110993372047394345e+01
5.435848167859100499e+01 4.451877338163600939e+01 3.119171920552393473e+01
5.729965659871862016e+01 4.686310194626743453e+01 3.297120444122148797e+01
5.619670478088843879e+01 4.589875716277057904e+01 3.242489351013115595e+01
5.502214729605037746e+01 4.500515148808937482e+01 3.165395761358112381e+01
5.477985536493054752e+01 4.468461146012104024e+01 3.168782183206553427e+01
5.747238731230722664e+01 4.707964929600456117e+01 3.296334214762013914e+01
5.604208438111783863e+01 4.582604126997426164e+01 3.225971424707522317e+01
5.454062212299781720e+01 4.464203258352432613e+01 3.133318350208276826e+01
5.385001374257115003e+01 4.405687246776965083e+01 3.096475364723223578e+01
5.510625771307674370e+01 4.486904283578012098e+01 3.199169633109439914e+01
5.631848315032638652e+01 4.590682921066226641e+01 3.262414100289358743e+01
5.589510636013738321e+01 4.571636296762548568e+01 3.216017835807804204e+01
5.739910328695131625e+01 4.682121559993483828e+01 3.320287378963639924e+01
5.417539173207646286e+01 4.423547064583440402e+01 3.127612837397655809e+01
5.699141951076829571e+01 4.671644742520173565e+01 3.264345934212155953e+01
5.634059552515648761e+01 4.610771278270165396e+01 3.237810257067534536e+01
5.741722884619550626e+01 4.688725958531559712e+01 3.314095739346731051e+01
5.564408079894902670e+01 4.532039604090695661e+01 3.228506513320537152e+01
5.704587942304805637e+01 4.659909411289930858e+01 3.290526989717741913e+01
5.428227160173478438e+01 4.427778241715292040e+01 3.140132154008435705e+01
5.368073386951159165e+01 4.379236911864862236e+01 3.104592720060651700e+01
5.470630579929145654e+01 4.452515490878842286e+01 3.178506684834852081e+01
5.540425665310783643e+01 4.527857272392662935e+01 3.192933615607331888e+01
5.508269335318767901e+01 4.491163733779926304e+01 3.189118904461389192e+01
5.765590631260489118e+01 4.717317869955596876e+01 3.314958135644599224e+01
5.414385544624541780e+01 4.423984424310031471e+01 3.121527292736912074e+01
5.340200376475944921e+01 4.367517643592555032e+01 3.072869944176219192e+01
5.628057569741962851e+01 4.604623765622650922e+01 3.236119896634376403e+01
5.405859567066071492e+01 4.406941366139658811e+01 3.130844207916914712e+01
5.586328695753296358e+01 4.549228879017351801e+01 3.242157445793040438e+01
5.616434222064495430e+01 4.573232455189624801e+01 3.260349410964641947e+01
5.710374398831978482e+01 4.676058677967974830e+01 3.277628870851010845e+01
5.655933258104951733e+01 4.607134155790020458e+01 3.280837681247073334e+01
5.357828033120362221e+01 4.361824511327166221e+01 3.111399711524692080e+01
5.519597859534573558e+01 4.520214211774283797e+01 3.167589621565968727e+01
5.555586334561953521e+01 4.539635367909962582e+01 3.202538094573193206e+01
5.576820124491530350e+01 4.556896944208982347e+01 3.214904810533674606e+01
5.509994644865247437e+01 4.503406250966000357e+01 3.174802848241770548e+01
5.347312391367944429e+01 4.363085082562997030e+01 3.091478347521361414e+01
5.596085397980660758e+01 4.574806034644367259e+01 3.222936786049929481e+01
5.386846806522991216e+01 4.401328596213979694e+01 3.105869460408152349e+01
5.352979680908018878e+01 4.378864414580479547e+01 3.078950779557033712e+01
5.609907556981866605e+01 4.591005743645484216e+01 3.223930684691659110e+01
5.512640154901099265e+01 4.514608569843621666e+01 3.163465020910227565e+01
5.605545447771875445e+01 4.573061413066160696e+01 3.241797198987210749e+01
5.449426178109965946e+01 4.445939090006645245e+01 3.151169827004103041e+01
5.501404550143425354e+01 4.490127005012229233e+01 3.178712239759789071e+01
5.325461367852958716e+01 4.340563722767447530e+01 3.085457072961719760e+01
5.517002745695123167e+01 4.503200197284806450e+01 3.187241327414918501e+01
5.556007640526082270e+01 4.551632116921474136e+01 3.186199299132610818e+01
5.627865838150830058e+01 4.600307828391868270e+01 3.241919458632746398e+01
5.598966877164479428e+01 4.558989243833934069e+01 3.250238016852220824e+01
5.639457047108588483e+01 4.590656972907273570e+01 3.275567789449723222e+01
5.618823785560492468e+01 4.593700352612859916e+01 3.235598523238758162e+01
5.482181799413860546e+01 4.464136271170659853e+01 3.182106948900855059e+01
5.732760639529801239e+01 4.681441743260114663e+01 3.308874091681916951e+01
5.518977024451760371e+01 4.514314144311619970e+01 3.174913416598074178e+01
5.475732825009387028e+01 4.465752625834270617e+01 3.168706905938067209e+01
5.587876527843387464e+01 4.557644575813396415e+01 3.232992423588678577e+01
5.390676554490184458e+01 4.421491177497345149e+01 3.083797899091850070e+01
5.513783872636687278e+01 4.498814268362133362e+01 3.187864923883963542e+01
5.778961760880029885e+01 4.714980278450109807e+01 3.341460759539177872e+01
5.636051737878926104e+01 4.598500152240640659e+01 3.258661618194019383e+01
5.492531433546102448e+01 4.466876622552234011e+01 3.196078032118169077e+01
5.544542412340073412e+01 4.526009006081133634e+01 3.202685285679869054e+01
5.329990992006104022e+01 4.355591125368822958e+01 3.072072577833173312e+01
5.754513629592444346e+01 4.710180597592910345e+01 3.305847221397943514e+01
5.647465970321496087e+01 4.607473946740837079e+01 3.265739688959260434e+01
5.692554166684334405e+01 4.642791753041547764e+01 3.293881855580823981e+01
5.429421292973927393e+01 4.429364546471887110e+01 3.139959440989098383e+01
5.554375148593491218e+01 4.529918455354660978e+01 3.214175178665627186e+01
5.546164660160672355e+01 4.540673211822751654e+01 3.184686675491075647e+01
5.396804665025428704e+01 4.419284653244801575e+01 3.097648099128628019e+01
5.673772862085309043e+01 4.629187756973921353e+01 3.280597384809431105e+01
5.585537018670981979e+01 4.569544318507798408e+01 3.212084760422273888e+01
5.558194032023899922e+01 4.533400410670042646e+01 3.215867163637637560e+01
5.409340512683775160e+01 4.434885114604517042e+01 3.097217913292709923e+01
5.480430287738555251e+01 4.469013201574056637e+01 3.172229049567339132e+01
5.411098264656497747e+01 4.426907356651276615e+01 3.111667669497398236e+01
5.718941551874598872e+01 4.664211120155287205e+01 3.309294048642037467e+01
5.681459284079739547e+01 4.633623448821210644e+01 3.287630351969347231e+01
5.442661527840740376e+01 4.440573526257006165e+01 3.147041668701435668e+01
5.416654335889489147e+01 4.431639972964386942e+01 3.114596497868481606e+01
5.565781759170275933e+01 4.545442762670437276e+01 3.211989520842107737e+01
5.376611045237115860e+01 4.407944795481431299e+01 3.078631028842838901e+01
5.655038925125570159e+01 4.627809668834208168e+01 3.250052755530282411e+01
5.618949770756920259e+01 4.573500050718010357e+01 3.264306023088460051e+01
5.526139979366639210e+01 4.513402161455821471e+01 3.188639835497298947e+01
5.675876823375924829e+01 4.627903876375692960e+01 3.286043734517667048e+01
5.571218589654139208e+01 4.544238078278319648e+01 3.223100504426324164e+01
5.338330723475377226e+01 4.362739591034041808e+01 3.076406698410544394e+01
5.657870279351661225e+01 4.611005917369016771e+01 3.278737642440877664e+01
5.536647383544845269e+01 4.513246330972338427e+01 3.207034737211105835e+01
5.480054923692840418e+01 4.472203601039894494e+01 3.167080188049546052e+01
5.563749548803304634e+01 4.551484393479629631e+01 3.199890444643432019e+01
5.583685526862129223e+01 4.566066928858255380e+01 3.213810334179127182e+01
5.507924018664527921e+01 4.492016201748184301e+01 3.187321357913791786e+01
5.500102263189888419e+01 4.492549457615206876e+01 3.173030771427822927e+01
5.326775439794322153e+01 4.350601921440402720e+01 3.073564625504899794e+01
5.704848964006807677e+01 4.656749391181498510e+01 3.295449409391728324e+01
5.506153969952484317e+01 4.511630971966026493e+01 3.156408958550902355e+01
5.330662365679849302e+01 4.349036552006200651e+01 3.082505851768899063e+01
5.488244553751539456e+01 4.471238130396468335e+01 3.182586662303500091e+01
5.606561557906120896e+01 4.567305197267546646e+01 3.251654307826027690e+01
5.575847010539606430e+01 4.541530540129587479e+01 3.234898798728288938e+01
5.669495735217810051e+01 4.621879504031650754e+01 3.283506013678836410e+01
5.643255021198724108e+01 4.614375308543369414e+01 3.248671689504787707e+01
5.657191217592352217e+01 4.631745735343307047e+01 3.248190868088438776e+01
5.507806532019524326e+01 4.502914585970430750e+01 3.171701913107801474e+01
5.463738914049886830e+01 4.469867799487546023e+01 3.142089237435404314e+01
5.593657978815023313e+01 4.560934326323463495e+01 3.238346438373341840e+01
5.760769454882817797e+01 4.696227661365777806e+01 3.336451777702443167e+01
5.529322125198610394e+01 4.519777393957810574e+01 3.185124090719045142e+01
5.501701181441678301e+01 4.501108958835295937e+01 3.163658330251450934e+01
5.782222327228542724e+01 4.721220587854850237e+01 3.338288663719147564e+01
5.571364479486319254e+01 4.532581568822045881e+01 3.239723211210572629e+01
5.430337983810628089e+01 4.449247044999845002e+01 3.113321594531575087e+01
5.361705171285947813e+01 4.379423952387175234e+01 3.093303766048845205e+01
5.490535221520357112e+01 4.482633441473147684e+01 3.170484891643895153e+01
5.533797216813227493e+01 4.522357104316073872e+01 3.189231546603625844e+01
5.397132048659089776e+01 4.399012894926381279e+01 3.126934585330252148e+01
5.743051785614894555e+01 4.692240390086042368e+01 3.311423248982167422e+01
5.444224109720814653e+01 4.445561205756790457e+01 3.142699750650009705e+01
5.434077186050406993e+01 4.449351051159501935e+01 3.119690703819746247e+01
5.748185076437347618e+01 4.697285968830892244e+01 3.313176149860050401e+01
5.437831439033822534e+01 4.448996077400923355e+01 3.126730666785332247e+01
5.445614266539593729e+01 4.450633616739536791e+01 3.137925293802818771e+01
5.570766949982130711e+01 4.549831524045283260e+01 3.214417134383305807e+01
5.416344963096830156e+01 4.433143268880523635e+01 3.111917980417175045e+01
5.647763965173351153e+01 4.606850414267330507e+01 3.267134381514714647e+01
5.513180849940565054e+01 4.488286719963932114e+01 3.201631678308230988e+01
5.410503464032158405e+01 4.401992208244566740e+01 3.145792798780318833e+01
5.520941781006208515e+01 4.501264356489512153e+01 3.196782342020967249e+01
5.447335978952602176e+01 4.460297410689501163e+01 3.127173848027646841e+01
5.472552419757545294e+01 4.462438348584833392e+01 3.167881622168611244e+01
5.584052587390126376e+01 4.559661982138943159e+01 3.223526936039953483e+01
5.436013352149607414e+01 4.431237745378342652e+01 3.148709768886784843e+01
5.483691413104510559e+01 4.478701994366618777e+01 3.164190253415968712e+01
5.442130241562070125e+01 4.443465928233671036e+01 3.142036300037113250e+01
5.536671346489935530e+01 4.526557323930834542e+01 3.188261029497239818e+01
5.525597463561002343e+01 4.505963991345795705e+01 3.198205096301181172e+01
5.449079528687889962e+01 4.448232249735734456e+01 3.147331816376595981e+01
5.545775301484422926e+01 4.530748627009035090e+01 3.198115159497917048e+01
5.389028815663547078e+01 4.411195083268445671e+01 3.095640404407518531e+01
5.761108308277164980e+01 4.697017201574240630e+01 3.335925411009044694e+01
5.534740629953641644e+01 4.512529634291786351e+01 3.204751182306992519e+01
5.450423517910886062e+01 4.449926018762384672e+01 3.147264677801602772e+01
5.469160197850292349e+01 4.473076495718929380e+01 3.146950894627482853e+01
5.363177298458008124e+01 4.392203594259459720e+01 3.077696918357885281e+01
5.457622966198795211e+01 4.448389649872159879e+01 3.161878866131777599e+01
5.584916048804484490e+01 4.554271523379691899e+01 3.232630223753826471e+01
5.498932523738489664e+01 4.492945780834904212e+01 3.170441154020491581e+01
5.570002966060997807e+01 4.547541393578447355e+01 3.216333365125404242e+01
5.568268494903604449e+01 4.555373588415379515e+01 3.202215717484322965e+01
5.562391632887288040e+01 4.550071360367482498e+01 3.199539231386000893e+01
5.412993998607026924e+01 4.423687663934258296e+01 3.119533856349623946e+01
5.613392052615812844e+01 4.588268013866224493e+01 3.233878007795355813e+01
5.673664297632944908e+01 4.637941319844205168e+01 3.268021859767240045e+01
5.318431944047256366e+01 4.351118120490192354e+01 3.058347502329349510e+01
5.741539042054138520e+01 4.684079028075019124e+01 3.320342486879890487e+01
5.630957863434589683e+01 4.599453980418861221e+01 3.248493426464786893e+01
5.656192394286129854e+01 4.622867834356686245e+01 3.259080451177999294e+01
5.438375163007353308e+01 4.442401686182167708e+01 3.137035491068133908e+01
5.533088245152858065e+01 4.509582823374427107e+01 3.206045584169861939e+01
5.497241036219378429e+01 4.494661739203473871e+01 3.165071067201289523e+01
5.688623707005091035e+01 4.640858670949146614e+01 3.289813136969403473e+01
5.535893134894732270e+01 4.517538681723357286e+01 3.199680774719223919e+01
5.422889974184172956e+01 4.424659302507156866e+01 3.135303131890774608e+01
5.566492852945261660e+01 4.550908386876862721e+01 3.205475867347080055e+01
5.609046958425762597e+01 4.599507608960445282e+01 3.210286207947862636e+01
5.433115875428702424e+01 4.433264133716230759e+01 3.140846579592940202e+01
5.448638423880679227e+01 4.452000681780418745e+01 3.141233930100656835e+01
5.599771182200188946e+01 4.575132165992504696e+01 3.228870229151434756e+01
5.572358054019513673e+01 4.557005263000671391e+01 3.207004414586971563e+01
5.476861630143673665e+01 4.461242244010005464e+01 3.177000307837660031e+01
5.490221547378154554e+01 4.496967716375906576e+01 3.149573621487239095e+01
5.609054138459628547e+01 4.563547571062971997e+01 3.261214788206433468e+01
5.518695000873758971e+01 4.504495044489736699e+01 3.188341090102566255e+01
5.561110540362297883e+01 4.529570415189377286e+01 3.226289245552819551e+01
5.563349785501424094e+01 4.540987155893309080e+01 3.214077859332398646e+01
5.392473211939151412e+01 4.396095505090357136e+01 3.122997222478064572e+01
5.455076957724580922e+01 4.444858334669865485e+01 3.162451422459086459e+01
5.587720176223047019e+01 4.565000483486566196e+01 3.222326388424602328e+01
5.619055100907187494e+01 4.594387393572458933e+01 3.235024683802821954e+01
5.493785137404617558e+01 4.482543571350212375e+01 3.176236494172742297e+01
5.713478144685285542e+01 4.664400874583670031e+01 3.299575274331456853e+01
5.421693743568162205e+01 4.416192807559058764e+01 3.145155661570630556e+01
5.650372664741507833e+01 4.620898019090780906e+01 3.251770709570547524e+01
5.706066802931014337e+01 4.669199112231007120e+01 3.279905183058275497e+01
5.484204584816229300e+01 4.476776884784511878e+01 3.167801864381424437e+01
5.531288154409371316e+01 4.510007431515787601e+01 3.202340021731264841e+01
5.465207735536957045e+01 4.451729032705994626e+01 3.170268791748665294e+01
5.501745712068704819e+01 4.490158025382845608e+01 3.179258842459418233e+01
5.573450079036247473e+01 4.549626520220405723e+01 3.219354641852356735e+01
5.396607617784047761e+01 4.399726152846967864e+01 3.125025369541699050e+01
5.497918742943533488e+01 4.482632523599230012e+01 3.183255591745690438e+01
5.530676777846969117e+01 4.508030151117206685e+01 3.204067692423789282e+01
5.446873967691978180e+01 4.437036427634920699e+01 3.159294820013050042e+01
5.599328708253474929e+01 4.573063441233525594e+01 3.231032767634044944e+01
5.385503271456531849e+01 4.410482198318297975e+01 3.090516504596990899e+01
5.583057034892708970e+01 4.555358394925718812e+01 3.227884097771284644e+01
5.667801180372742920e+01 4.642851968462487378e+01 3.250830020037754764e+01
5.388101571039210569e+01 4.389450482556891586e+01 3.124798073638723750e+01
5.529558449774927453e+01 4.503950624103205058e+01 3.207872414095930225e+01
5.732327120099564866e+01 4.682176673393198740e+01 3.307082673741551559e+01
5.426076601955626444e+01 4.422773123887449742e+01 3.143467064390712551e+01
5.748508991852805394e+01 4.692501045349204247e+01 3.320510437991300989e+01
5.610818484183229060e+01 4.583376048212028309e+01 3.236347951492311381e+01
5.603084261825425472e+01 4.577931290312840673e+01 3.230649833437598772e+01
5.494481970330673448e+01 4.492883692854263700e+01 3.162803858093808174e+01
5.604395703974426368e+01 4.574130373706587704e+01 3.238299326971154812e+01
5.396388522991281889e+01 4.413359919712075907e+01 3.105360415499470506e+01
5.525109198897045104e+01 4.516912154787448941e+01 3.181876214699457250e+01
5.535710485609357079e+01 4.528534209374628006e+01 3.183782105453998668e+01
5.447408872145122416e+01 4.463849706186843491e+01 3.122228246125036932e+01
5.628504908586468503e+01 4.583402622016329531e+01 3.266877394466435902e+01
5.540425277763092282e+01 4.510067310215494274e+01 3.218012603424948281e+01
5.385303552308837283e+01 4.410861548380751174e+01 3.089626959930007999e+01
5.766146834601466509e+01 4.711034461627338743e+01 3.324846405406439231e+01
5.500919896238026041e+01 4.492075287914094872e+01 3.175118787154093170e+01
5.625041973445839716e+01 4.598650591273654697e+01 3.239368756780545056e+01
5.438207539450818473e+01 4.432024356661224118e+01 3.151390382688471092e+01
5.562002465125567596e+01 4.546339683239123275e+01 3.204163994970931384e+01
5.435282174696832413e+01 4.435664777003345449e+01 3.141205231217627869e+01
5.312351457368113472e+01 4.341645421858213894e+01 3.061240440974659904e+01
5.548653535794687031e+01 4.522542045191059401e+01 3.214680312218610680e+01
5.520015810350023600e+01 4.508874312909917847e+01 3.184435111113954875e+01
5.422926750244118210e+01 4.430073363617827908e+01 3.127712347943310434e+01
5.773973286706520014e+01 4.720779410823955402e+01 3.324606633865293759e+01
5.635204683259592429e+01 4.591065028949770266e+01 3.267667933279832226e+01
5.546637570613433610e+01 4.523100066850615519e+01 3.210413388490094633e+01
5.338200462387062117e+01 4.359303474685380309e+01 3.081048099628665682e+01
5.392160473174408253e+01 4.397559350684130663e+01 3.120395219467403436e+01
5.630657753678973165e+01 4.607870010955578266e+01 3.236022357957587303e+01
5.647601153159489229e+01 4.606532342045049688e+01 3.267301419652208949e+01
5.558465711857746072e+01 4.548516056529697948e+01 3.194924530155565989e+01
5.506914922098379606e+01 4.499417717472441325e+01 3.175114511781407600e+01
5.507858806176901822e+01 4.513000917660797739e+01 3.157424796566538205e+01
5.504287127894333054e+01 4.513478458775465185e+01 3.150506147982113347e+01
5.653279008188087573e+01 4.605480475938227869e+01 3.278584012980586238e+01
5.486922807613456854e+01 4.492361396854875011e+01 3.150398542527096524e+01
5.491259467982498421e+01 4.499650655058897541e+01 3.147550559901376133e+01
5.335620970898644089e+01 4.347429439662219153e+01 3.093332897095239531e+01
5.455865516025505713e+01 4.467357085360509217e+01 3.131962515873317088e+01
5.495398045780631691e+01 4.473199180243867801e+01 3.192160518431862570e+01
5.660346285097221397e+01 4.623062535907752846e+01 3.266008704259695605e+01
5.585951682750692981e+01 4.557358269696977260e+01 3.230068389933852302e+01
5.445798098190437742e+01 4.445746274083904126e+01 3.145164064516137259e+01
5.488967684794437218e+01 4.485347277079649331e+01 3.163925733754156511e+01
5.440348868573847341e+01 4.441778764078809161e+01 3.141336852801887147e+01
5.513557946902463414e+01 4.513573705365045896e+01 3.166539695012294686e+01
5.627127249825102950e+01 4.602214365785044237e+01 3.237928970358366598e+01
5.530820244463364332e+01 4.514595691491032881e+01 3.195058421834629314e+01
5.610746143326702651e+01 4.581960225372848328e+01 3.238226795324358420e+01
5.551693460557901005e+01 4.523015525132275627e+01 3.219259361936183694e+01
5.374129020004163237e+01 4.377286980396763738e+01 3.117791111492220324e+01
5.594245413588305382e+01 4.562307179571732263e+01 3.237427211024522222e+01
5.497070320689292089e+01 4.490845232201350257e+01 3.170187882605300089e+01
5.498909018845356655e+01 4.500684233986126515e+01 3.159405295856724649e+01
5.481168378203207681e+01 4.476108534291283547e+01 3.163488450976156230e+01
5.521518750635549821e+01 4.522340215426380894e+01 3.167902821987637196e+01
5.531614114059667031e+01 4.527972942629849484e+01 3.177454285694146208e+01
5.579185670984893619e+01 4.557916271389581908e+01 3.217563055221335588e+01
5.370389406268882482e+01 4.374934185324525515e+01 3.114648174199434294e+01
5.656474742660245170e+01 4.623518499552834982e+01 3.258647449271858676e+01
5.412306978443727701e+01 4.427280896291735957e+01 3.113237975844589300e+01
5.425659489732485952e+01 4.431909120849325490e+01 3.129850226936863322e+01
5.571467796176995080e+01 4.555631033318127976e+01 3.207410059862341711e+01
5.653156314833495344e+01 4.620787536539479845e+01 3.256762021103664750e+01
5.672652311496347721e+01 4.628450141768661297e+01 3.279700219880853496e+01
5.487880065452198153e+01 4.486701737279366142e+01 3.160116316448168661e+01
5.510946916010378516e+01 4.491931338551768960e+01 3.192661704725511385e+01
5.596093464068777479e+01 4.573407368661754901e+01 3.224935208475304194e+01
5.509172133905029511e+01 4.489219687587272745e+01 3.193412625636487689e+01
5.470638344278132337e+01 4.476387046770405220e+01 3.144812061378599211e+01
5.657370393442993617e+01 4.623540363187718327e+01 3.260170897143171231e+01
5.409337332162471768e+01 4.411304967578332992e+01 3.130705807984092459e+01
5.531825142419731378e+01 4.520814349338304794e+01 3.187997337690851651e+01
5.571128836287060437e+01 4.553216371782275473e+01 3.210248772641003256e+01
5.522060910705643266e+01 4.517747730226060554e+01 3.175391652628146844e+01
5.495470463576584308e+01 4.504463255413245548e+01 3.148016263724592534e+01
5.454978905990758875e+01 4.455394097031393841e+01 3.147420897328786893e+01
5.664950586877515804e+01 4.632012795402703631e+01 3.261306887581962144e+01
5.560243977099148793e+01 4.543996032522129980e+01 3.204436477961530727e+01
5.520682937163554271e+01 4.502629220039158753e+01 3.194412340249511928e+01
5.437143296691686345e+01 4.442714335730329367e+01 3.134456341992269301e+01
5.612780452302532552e+01 4.581745731391044529e+01 3.242053432414302705e+01
5.516004540073009821e+01 4.501773027609447553e+01 3.187529716566440285e+01
5.365342134078449021e+01 4.389197600635419860e+01 3.085747986841077406e+01
5.658835752355973625e+01 4.614432441628325421e+01 3.275581675640259505e+01
5.465947638404696107e+01 4.475709493460735189e+01 3.137611849150133736e+01
5.547686824525428051e+01 4.535005140564396697e+01 3.195396294369060186e+01
5.410527777249186698e+01 4.405929212263156103e+01 3.140318233063520026e+01
5.622794529645474171e+01 4.590239062802557157e+01 3.247387206498875400e+01
5.448905822663819976e+01 4.452650167909630596e+01 3.140777156449342655e+01
5.406506366674884845e+01 4.425140184832590506e+01 3.106194687632418194e+01
5.323873058184636164e+01 4.358261382956452934e+01 3.057643219457551709e+01
5.489980938286608136e+01 4.478068161160926763e+01 3.175971701188015572e+01
5.587562694411849407e+01 4.555902171819975877e+01 3.234905294562582867e+01
5.529964421639874672e+01 4.514869322823529529e+01 3.193189863197903122e+01
5.613367112965688221e+01 4.589319701579508148e+01 3.232342033513612733e+01
5.655145547736842104e+01 4.614288132869377534e+01 3.269406091777016599e+01
5.637212361175854625e+01 4.602816982250220690e+01 3.254572019928706794e+01
5.435737795288336116e+01 4.438917987992289227e+01 3.137395811019799652e+01
5.488212050541373799e+01 4.493846648158302770e+01 3.150525958398682391e+01
5.371120603861241705e+01 4.375874033746038094e+01 3.114588734008059490e+01
5.518728356175036254e+01 4.498374182035545488e+01 3.197028681079738277e+01
5.428911269941544759e+01 4.419815919276334171e+01 3.152507702862882866e+01
5.732114712186407246e+01 4.685036275860107224e+01 3.302661679242775961e+01
5.386028321891407700e+01 4.409495088191099654e+01 3.092839173224973592e+01
5.728198718320495431e+01 4.670370459344064784e+01 3.316609764361022172e+01
5.563046976252479681e+01 4.557673686212408626e+01 3.189843605883970312e+01
5.705914321282455859e+01 4.666433197931711163e+01 3.283574188450300824e+01
5.429093010578416312e+01 4.438730849161844816e+01 3.126134892516697050e+01
5.593297086811676166e+01 4.576779128090323923e+01 3.215286163627236959e+01
5.404532661829679796e+01 4.419277852018606012e+01 3.111102145452898071e+01
5.542689344097606607e+01 4.527536645286576089e+01 3.197314043186927179e+01
5.588481298852926216e+01 4.568191426359642549e+01 3.219122600921429012e+01
5.613315800042300907e+01 4.597396743942469755e+01 3.220754174070370368e+01
5.528862904834592484e+01 4.530028765722672546e+01 3.169726234579434987e+01
5.716096847212319432e+01 4.670852746194069738e+01 3.294980696465751890e+01
5.600803441042389608e+01 4.560857734756527293e+01 3.250780815204837637e+01
5.456149458238365213e+01 4.443502944765000962e+01 3.166204113840352363e+01
5.406098048641689502e+01 4.413324779737686754e+01 3.122252472187471639e+01
5.594625201560916850e+01 4.568012662321924466e+01 3.230029638069454734e+01
5.463997641936936134e+01 4.467960295559085893e+01 3.145250550973636905e+01
5.487418331329924115e+01 4.494365444525681852e+01 3.148402641669130375e+01
5.400120632157078404e+01 4.407627860042910584e+01 3.119955046025842194e+01
5.529608304155419063e+01 4.516417827643288518e+01 3.190382109329609861e+01
5.616345826913992312e+01 4.581703216156085290e+01 3.248282020785634217e+01
5.496923695009581934e+01 4.494331085277805471e+01 3.164989447796535771e+01
5.551652083090570500e+01 4.519164429378083270e+01 3.224592022555370363e+01
5.583062372550803332e+01 4.564477588230100480e+01 3.214985194730720508e+01
5.656357501620071560e+01 4.613401589657372881e+01 3.272752046623831745e+01
5.597256421478493138e+01 4.581802636924517458e+01 3.215021624196914729e+01
5.509391024155694794e+01 4.485086310338034821e+01 3.199592199931999303e+01
5.557323158638617144e+01 4.528852412581160536e+01 3.220766448316130237e+01
5.614756980605788073e+01 4.586087185363921748e+01 3.239336394927554608e+01
5.451237306826131856e+01 4.439292856272285803e+01 3.163647754030602144e+01
5.538584365675087184e+01 4.524858248650009784e+01 3.193990389046979317e+01
5.665839449835446118e+01 4.617207631920177135e+01 3.283767707230476418e+01
5.414578362027764058e+01 4.432289708460044153e+01 3.110058967096675886e+01
5.547824070069929547e+01 4.523432609598954457e+01 3.211994604426363509e+01
5.522032369313762246e+01 4.522622972222152526e+01 3.168394378684167023e+01
5.522729359078648770e+01 4.494446970417328657e+01 3.209437022864875644e+01
5.507044986087603888e+01 4.491853165908307943e+01 3.186031954439899749e+01
5.639636244006208443e+01 4.613032798911639532e+01 3.244291195449924459e+01
5.553127565386085251e+01 4.534638924095501977e+01 3.205351086157142504e+01
5.524828701317807855e+01 4.512402411614611708e+01 3.187782403891402794e+01
5.516897796003306809e+01 4.517650338793816189e+01 3.166543337448937834e+01
5.531562348299772225e+01 4.519168902960989698e+01 3.189873734121470861e+01
5.560414827909057323e+01 4.557600762481354195e+01 3.185355293881718808e+01
5.395787217663697533e+01 4.419320017642513676e+01 3.095824652651876718e+01
5.473435849036383161e+01 4.465733451473203530e+01 3.164762982264210223e+01
5.600425069112859688e+01 4.571700140802211365e+01 3.234859931641062047e+01
5.388978249168642520e+01 4.400777664552454382e+01 3.110344437066251544e+01
5.475588079417126863e+01 4.464523675875479114e+01 3.170188190471070655e+01
5.410943518506798000e+01 4.423543385830900831e+01 3.116179339213714172e+01
5.679386951780269044e+01 4.630148506181574675e+01 3.288945265393832784e+01
5.636455157252234471e+01 4.616429436129745056e+01 3.233914965015331688e+01
5.409993667607206191e+01 4.417441673127863311e+01 3.123177956515345599e+01
5.413379989673644843e+01 4.430538139051278534e+01 3.110468567758089620e+01
5.469917862700203415e+01 4.465611667246721339e+01 3.158846919690271804e+01
5.591284554352271385e+01 4.577915799951117748e+01 3.210163531083142630e+01
5.687559398976772229e+01 4.644113820715568153e+01 3.283373073095359729e+01
5.427979970585838032e+01 4.439526741848202818e+01 3.123070423396776718e+01
5.529774598720075574e+01 4.519689555993263497e+01 3.186034122556629100e+01
5.576969291735323964e+01 4.560150592987487528e+01 3.210547157453798661e+01
5.722013533440126309e+01 4.669417539662043026e+01 3.307261513271732412e+01
5.575644708750105139e+01 4.550151207410678467e+01 3.222411815381794042e+01
5.584289980245193163e+01 4.563748105950720202e+01 3.218151302984071549e+01
5.514005712905643719e+01 4.511030507656983701e+01 3.170940359096028516e+01
5.687811420846821875e+01 4.633560301576738283e+01 3.298684236292954353e+01
5.368396243450499838e+01 4.389040344171954189e+01 3.091278551655346263e+01
5.575301474633210574e+01 4.553547136028182507e+01 3.217016476957615367e+01
5.607784182534001616e+01 4.584852544281275044e+01 3.228989096462863273e+01
5.681813725355526401e+01 4.648624898952969176e+01 3.267000728263301568e+01
5.675354853083618423e+01 4.626259487599511999e+01 3.287457355132577419e+01
5.372999734970782981e+01 4.384169698682635641e+01 3.106152315188216306e+01
5.578438959514047468e+01 4.540226383010631395e+01 3.241192005426147915e+01
5.403228090609833600e+01 4.409923890274016856e+01 3.122089857955031533e+01
5.466744852357715700e+01 4.471340186281960882e+01 3.145221171765124879e+01
5.626116985591212938e+01 4.591640168831524704e+01 3.251158700452926809e+01
5.490013306991048836e+01 4.473753390451807377e+01 3.182102561571475974e+01
5.393084018702062821e+01 4.400890026106617370e+01 3.117294052683334371e+01
5.497411591403526643e+01 4.484679088548262627e+01 3.179494877812478038e+01
5.562431002079548392e+01 4.531488572715818464e+01 3.225871970218540241e+01
5.489444972325760830e+01 4.472857616127377156e+01 3.182381317511132934e+01
5.579841201687463581e+01 4.542128942218749188e+01 3.240940065522313773e+01
5.587655535447319721e+01 4.555552971595654554e+01 3.235557371736911847e+01
5.425112904077558795e+01 4.419837285738222477e+01 3.145932038297557654e+01
5.614068637636236758e+01 4.600385572649373955e+01 3.217797266928151600e+01
5.684091347496005397e+01 4.654215829131188542e+01 3.263000070877050263e+01
5.467374605980032243e+01 4.479659491211705813e+01 3.134459431052218292e+01
5.549121957882132250e+01 4.538495445388372218e+01 3.192931818194467652e+01
5.638053590167441342e+01 4.599151898980793618e+01 3.261203780155624088e+01
5.504697330088675500e+01 4.488851151192954347e+01 3.186205900176428329e+01
5.456341286013351066e+01 4.469880170637071615e+01 3.129190229052770178e+01
5.434650407789517601e+01 4.441560517916023798e+01 3.131767108291470336e+01
5.616929509576811341e+01 4.599990819329283198e+01 3.223349434616282139e+01
5.423274107797384858e+01 4.418945089326348352e+01 3.144014367941736054e+01
5.547862330455095048e+01 4.540362840912493425e+01 3.188084332407735033e+01
5.471136515342333695e+01 4.479163749104220216e+01 3.141723552164143030e+01
5.606267302536616626e+01 4.584241710986017893e+01 3.227221870703527884e+01
5.696501278086751796e+01 4.657944922553402733e+01 3.279279785212443699e+01
5.650681234136977338e+01 4.608240586665285576e+01 3.270216675579551691e+01
5.507405061985744510e+01 4.499269845978623295e+01 3.176174014416354296e+01
5.320429272439157842e+01 4.344726898073622579e+01 3.070881929378435871e+01
5.571000169289283832e+01 4.538938662726585704e+01 3.230182456491742471e+01
5.587529569726491729e+01 4.561782588505233349e+01 3.226550217767949391e+01
5.558440689616121233e+01 4.549654987813851648e+01 3.193258898342050145e+01
5.558806671040699143e+01 4.553089733314271115e+01 3.188997567637009212e+01
5.392816087584781570e+01 4.403047288815336202e+01 3.113782254263960070e+01
5.454489260077224344e+01 4.455493334131064387e+01 3.146431667430811530e+01
5.337526395733629414e+01 4.355435233352777402e+01 3.085347946864739654e+01
5.590058838059529478e+01 4.580883647734091824e+01 3.203788822455352658e+01
5.435727403137049407e+01 4.448729957216188780e+01 3.123449082181795333e+01
5.433558772500717993e+01 4.441305018290613305e+01 3.130234922290357602e+01
5.638374712360730001e+01 4.603871130943210943e+01 3.255094469697711190e+01
5.438546045090796355e+01 4.428558037630656941e+01 3.156842851950291262e+01
5.403078105606283543e+01 4.424197727732351382e+01 3.101568551750852976e+01
5.418296989059914637e+01 4.412698583191159685e+01 3.144206334762155564e+01
5.347766156049085851e+01 4.368830800165529382e+01 3.084140123163834701e+01
5.402049947772997740e+01 4.418864269968599245e+01 3.107375452343846689e+01
5.390461889746703861e+01 4.401297014005854180e+01 3.112179940060464745e+01
5.584024428263308693e+01 4.562492802487784616e+01 3.219470180431640216e+01
5.370765059180993006e+01 4.389363387096905456e+01 3.094932370332605487e+01
5.724467712567413002e+01 4.673451935921295330e+01 3.305809673114937652e+01
5.352778373626162534e+01 4.381474014653310434e+01 3.074885652520715595e+01
5.419440898825915554e+01 4.421195438243499609e+01 3.134225670356541826e+01
5.532137760904572588e+01 4.514005234932342603e+01 3.198172125547601752e+01
5.636447132926970482e+01 4.603709118672849598e+01 3.251983799610496106e+01
5.426674216202620471e+01 4.439686161719642143e+01 3.120573638649380399e+01
5.550915020774414899e+01 4.518878433170691267e+01 3.223723821000152157e+01
5.568382286899960576e+01 4.541394346032615914e+01 3.222207114212898915e+01
5.576692165576099569e+01 4.549086034185607730e+01 3.225726548109015113e+01
5.580064717554022025e+01 4.559843722500491481e+01 3.216356242468192761e+01
5.557656851391427466e+01 4.537339932728374947e+01 3.209376265364743119e+01
5.584881336518649420e+01 4.574530434786445454e+01 3.203836894132857793e+01
5.440926014260352162e+01 4.447115114661077229e+01 3.134779585490507259e+01
5.725441553717067222e+01 4.682689277483117962e+01 3.294404667853471125e+01
5.598706079299443417e+01 4.572996365479357195e+01 3.230048607017722873e+01
5.584614689063619863e+01 4.557755269039621027e+01 3.227195087509697657e+01
5.607316845266501559e+01 4.578375181608414124e+01 3.237357394487298734e+01
5.510609657982875120e+01 4.496687993823312013e+01 3.185375313657625540e+01
5.391833191071488329e+01 4.395818817851075266e+01 3.122281550559866048e+01
5.732554561679123850e+01 4.684665071846747963e+01 3.303951417204440588e+01
5.507496177267621107e+01 4.500117994929944842e+01 3.175130261001137910e+01
5.422269484993079658e+01 4.434385119669321540e+01 3.120454290378631867e+01
5.490511703723211667e+01 4.472986966813724763e+01 3.184039315623492783e+01
5.625323974317949194e+01 4.601669062992702663e+01 3.235569756740247982e+01
5.464392985031725658e+01 4.467388383441392818e+01 3.146749390459436313e+01
5.490243431639292737e+01 4.483365637794744885e+01 3.168943908702032530e+01
5.348534749705282110e+01 4.376395293537039066e+01 3.074733842710909570e+01
5.671189892598975035e+01 4.630557028927378127e+01 3.274192480561891472e+01
5.495812622324353214e+01 4.499857740858535493e+01 3.155192021372898736e+01
5.608709789832808212e+01 4.583493332969680267e+01 3.232524458250684063e+01
5.522228389258648917e+01 4.513866754715877505e+01 3.181196835124308819e+01
5.495827228548422028e+01 4.481240108729996763e+01 3.181604000180379899e+01
5.545466286357445540e+01 4.536732651022263951e+01 3.189083439842164935e+01
5.465038601769627036e+01 4.462165547373466978e+01 3.155269488754545293e+01
5.565463713911896804e+01 4.556642662002417410e+01 3.195527186817462351e+01
5.536526927243367169e+01 4.519067231780454108e+01 3.198618728566914626e+01
5.541271100049392828e+01 4.528543949713194650e+01 3.193426858369959120e+01
5.519540706603709879e+01 4.500594505406401424e+01 3.195305730248842835e+01
5.651529373084773766e+01 4.606103539892337295e+01 3.274689975345950188e+01
5.495463613506887413e+01 4.491593983367351228e+01 3.166339182077053849e+01
5.650225321016893076e+01 4.605900748588431526e+01 3.272724319647620206e+01
5.396473740447730449e+01 4.412325679064591100e+01 3.106977781254496307e+01
5.484441135994907057e+01 4.466635439380374351e+01 3.182493114818066715e+01
5.549700319157691553e+01 4.541624411707942244e+01 3.189486061332997480e+01
5.486614681164519425e+01 4.471620405060167514e+01 3.179237583544141188e+01
5.531320620156443368e+01 4.519931060607808604e+01 3.188374352286855640e+01
5.514603010596011501e+01 4.503388147718298029e+01 3.182819749132041309e+01
5.468392678596400458e+01 4.466421155929858600e+01 3.155059515316455077e+01
5.533692630618317310e+01 4.507387491885566533e+01 3.210173224010350879e+01
5.378670523590265873e+01 4.397492916359126269e+01 3.097120057716537644e+01
5.419528766164990685e+01 4.417679787531019286e+01 3.139330715635055924e+01
5.441031307473078726e+01 4.452811320770275216e+01 3.126866327574985860e+01
5.505990879195922361e+01 4.482174627172680914e+01 3.197818971317501635e+01
5.584705413762343795e+01 4.571919753861843105e+01 3.207254951318073921e+01
5.481889881983707369e+01 4.474097974391752786e+01 3.167580147958210901e+01
5.589038249117736967e+01 4.565224955637653181e+01 3.224293667537783392e+01
5.623058728207347201e+01 4.593664434179226674e+01 3.242998076938324914e+01
5.580432810134330879e+01 4.557698088573880568e+01 3.220033925571861744e+01
5.411304750329654922e+01 4.419699570167425406e+01 3.122254763852906478e+01
5.388920605176588197e+01 4.405564282801539377e+01 3.103460751967094211e+01
5.352740370412831794e+01 4.372311462713898322e+01 3.087834507558322272e+01
5.584547568928938688e+01 4.561888730625630473e+01 3.221233111561625151e+01
5.500538018128678175e+01 4.494878512146689076e+01 3.170486658215255105e+01
5.676274594939123830e+01 4.629314739502023457e+01 3.284743265428917880e+01
5.662528369225231017e+01 4.629456900859331370e+01 3.260729417686550846e+01
5.623387603701401360e+01 4.593763460459424408e+01 3.243428033857148307e+01
5.504590221355497448e+01 4.487114811124787650e+01 3.188465802988504549e+01
5.650878285732146367e+01 4.619139075739953171e+01 3.255146632508485283e+01
5.445781795452391805e+01 4.444263453105765649e+01 3.147230802319571197e+01
5.373761369280259004e+01 4.382348332727952567e+01 3.110037675753363118e+01
5.447269624516562914e+01 4.454450246601685848e+01 3.135381852778222722e+01
5.586292617197135968e+01 4.558784211144958931e+01 3.228645493262872890e+01
5.574358258049948489e+01 4.548251353084336301e+01 3.222868228497119247e+01
5.653279780403860855e+01 4.613655276118072379e+01 3.267071665677230641e+01
5.447223846659347402e+01 4.445794584098651114e+01 3.147563843929675897e+01
5.524808236806210715e+01 4.513421925429435078e+01 3.186303277551370172e+01
5.524467643081986523e+01 4.503648260272063197e+01 3.199514820595187814e+01
5.469289676994751659e+01 4.465268848712977956e+01 3.158243765068623432e+01
5.424964311459247313e+01 4.427841109543570752e+01 3.134399605864329885e+01
5.692073853350832024e+01 4.641247744646017992e+01 3.295227476945778733e+01
5.448437235202739259e+01 4.456370940154070581e+01 3.134681219788385320e+01
5.542450178750605261e+01 4.526830577792750887e+01 3.197899139105729560e+01
5.637380970744536057e+01 4.605352877292400393e+01 3.251274993741257902e+01
5.388786664749048327e+01 4.395819960884888644e+01 3.117015975201786659e+01
5.603712653177638003e+01 4.575861153219750577e+01 3.234670030441679245e+01
5.589596469140158064e+01 4.564361511250789505e+01 3.226483020633539667e+01
5.569139598609611141e+01 4.555361089671039565e+01 3.203747994382938202e+01
5.624213358721303280e+01 4.584769457226438760e+01 3.257555053794602173e+01
5.453579426377131512e+01 4.457713002356615561e+01 3.141707075528317006e+01
5.489586085781548519e+01 4.492587725975771917e+01 3.154712493654252015e+01
5.565684244110452283e+01 4.551623172230051750e+01 3.203055978773673473e+01
5.359814754578856366e+01 4.383516745209831811e+01 3.084217104528507036e+01
5.592525354786590697e+01 4.575174533745462213e+01 3.216227266487533853e+01
5.719984566921792890e+01 4.675542124087340312e+01 3.295076522891135085e+01
5.464078111824994011e+01 4.470638794017531126e+01 3.141582146872888615e+01
5.454093121965511415e+01 4.456923057662745435e+01 3.143718918915248750e+01
5.579511486599695758e+01 4.561847330357124974e+01 3.212553091173982978e+01
5.579236905812407343e+01 4.547630896205903639e+01 3.232172285484283236e+01
5.490424860629526904e+01 4.475456109881838529e+01 3.180417859140537828e+01
5.636050382931726688e+01 4.609253633892826940e+01 3.243431031699400080e+01
5.495009701807850888e+01 4.493160685583592340e+01 3.163327152933820230e+01
5.491169382386086539e+01 4.490459732242184288e+01 3.160492458330797305e+01
5.545385504535273924e+01 4.539841194818044556e+01 3.184516025983070264e+01
5.530333185363004134e+01 4.514299476105929898e+01 3.194633841484347769e+01
5.490254230264041269e+01 4.493262046075927429e+01 3.154914848015041429e+01
5.438966899584418968e+01 4.439415189563113984e+01 3.142284791270716227e+01
5.615588565185559133e+01 4.581762721609997158e+01 3.246888556188486774e+01
5.500885247378465692e+01 4.494037027629089209e+01 3.172281465936580958e+01
5.655143953660031997e+01 4.626159917932216814e+01 3.252583211900197568e+01
5.413958133130210371e+01 4.418340588232349830e+01 3.128771182695430753e+01
5.608099584401845306e+01 4.577179789804222310e+01 3.240402154112345556e+01
5.398325047769062479e+01 4.417929505799110501e+01 3.102226974797376258e+01
5.565213702524679462e+01 4.545710317001857703e+01 3.210626304737336767e+01
5.425341199669582437e+01 4.436226436648966853e+01 3.123175008802579811e+01
5.558376331050347119e+01 4.538068209830239397e+01 3.209592553659869907e+01
5.408802619404148260e+01 4.424298512947763840e+01 3.111386900403319800e+01
5.506270071783811915e+01 4.488856344007379562e+01 3.188914992013240735e+01
5.369305129894528505e+01 4.385456762449711476e+01 3.097935855145453488e+01
5.499612653559429276e+01 4.479637782144329350e+01 3.190389424502285109e+01
5.582820423493651418e+01 4.563046484523209756e+01 3.216596129615624022e+01
5.513969695955686490e+01 4.509682958784507179e+01 3.172793945273827632e+01
5.657585603915065775e+01 4.629739836543206621e+01 3.251735523001813988e+01
5.500645477569923969e+01 4.490423015357103509e+01 3.176979983106861383e+01
5.526496241931399567e+01 4.505384856277652261e+01 3.200573075076693641e+01
5.544032362097951960e+01 4.515861818515688952e+01 3.216098081225380412e+01
5.643143222305968010e+01 4.619226506206534566e+01 3.241575529247584342e+01
5.438358549376891915e+01 4.449332024569821442e+01 3.127169366490748104e+01
5.374796622394613621e+01 4.387885790722226886e+01 3.104013050823486708e+01
5.490624623366203849e+01 4.471538481001861243e+01 3.186267780277550798e+01
5.505181443392730500e+01 4.482470544539567214e+01 3.196010097294879415e+01
5.641638485700055128e+01 4.605924916508975286e+01 3.257842916227514962e+01
5.456568986189066095e+01 4.466855251270666116e+01 3.133903199723317456e+01
5.617522331682202719e+01 4.588875270964529562e+01 3.240182231677482605e+01
5.402504868251681813e+01 4.415466699283454943e+01 3.112990953890165002e+01
5.600879400633116489e+01 4.564748993439794589e+01 3.245445529865931888e+01
5.529655015079277547e+01 4.511041226930029779e+01 3.198060605230773135e+01
5.428073558159638168e+01 4.430526604770515320e+01 3.135987333713655900e+01
5.476033282634936938e+01 4.468067732926972013e+01 3.165961346337379823e+01
5.465901256666217023e+01 4.457755592917801835e+01 3.162987768145078959e+01
5.503562823806889526e+01 4.505472171860591857e+01 3.160684144956446673e+01
5.639031566265646944e+01 4.605668948072975155e+01 3.253688759868830971e+01
5.435534957208491136e+01 4.446418020581931785e+01 3.126404813404651151e+01
5.601955848543624938e+01 4.586429739487451940e+01 3.216608706973415366e+01
5.450010722227614934e+01 4.457095779820942738e+01 3.136385512321199087e+01
5.488840756299681800e+01 4.491076434807669671e+01 3.155567350688572859e+01
5.554605582848300571e+01 4.546809647616911576e+01 3.190637116525049777e+01
5.474839957872560348e+01 4.469561828916204149e+01 3.161785827948069283e+01
5.660239117904096418e+01 4.619728096869816625e+01 3.270538057085305184e+01
5.539362044853043443e+01 4.535300507821906990e+01 3.180500144271156060e+01
5.585644398751752959e+01 4.573654233290523052e+01 3.206417050792131107e+01
5.583508845101867735e+01 4.565773284865233705e+01 3.213920555107379329e+01
5.539895796307969533e+01 4.526590192622879272e+01 3.193810680363047183e+01
5.567124099812345150e+01 4.553921938030775607e+01 3.202290699645089234e+01
5.522759106026060039e+01 4.514664100998498952e+01 3.180986670570812080e+01
5.387917924447485518e+01 4.396346000697030121e+01 3.114771484834437842e+01
5.554787093108900109e+01 4.535238791523971003e+01 3.207377239057702667e+01
5.425733851113702144e+01 4.433263141848017597e+01 3.128061018946555905e+01
5.485817944904541577e+01 4.486378906238564923e+01 3.156992688349839682e+01
5.554435919226672524e+01 4.526116611702568093e+01 3.219631469293576487e+01
5.615578065295231625e+01 4.590375790731347649e+01 3.234681917483153057e+01
5.519485691446749343e+01 4.501136453315012176e+01 3.194447202056116453e+01
5.427407771700207917e+01 4.427378250043535957e+01 3.139279686704141525e+01
5.416866618918260912e+01 4.432974009693784012e+01 3.113066879546657262e+01
5.516866264267183340e+01 4.520963391662068886e+01 3.161756377246790350e+01
5.417102570296455610e+01 4.422151166145213352e+01 3.128830343894183486e+01
5.609449339477142615e+01 4.572962867490221583e+01 3.248681656413284458e+01
5.453864994409422451e+01 4.450300399037278964e+01 3.152692458133702758e+01
5.629901997809147929e+01 4.588630393603680346e+01 3.261942307250691897e+01
5.479366798038323338e+01 4.464625182112327195e+01 3.176567721723120741e+01
5.475476866449176327e+01 4.471645983626306986e+01 3.159941314666905399e+01
5.533972986256011950e+01 4.514151081042277269e+01 3.201139957911262712e+01
5.580851923904062062e+01 4.550526082817644635e+01 3.230885415198127220e+01
5.679786523961986688e+01 4.635326137053488793e+01 3.282335534482872674e+01
5.542478574325284058e+01 4.520704006769472727e+01 3.206603191857899304e+01
5.454130497309792958e+01 4.458354392070757655e+01 3.141753586198025516e+01
5.459231395895372430e+01 4.450405007589390038e+01 3.161819524000859616e+01
5.530209518923701495e+01 4.512663127326700874e+01 3.196730958723351534e+01
5.507869318894039168e+01 4.504640281353390208e+01 3.169359615067803659e+01
5.570663095931660536e+01 4.551513973075231689e+01 3.211854274601484605e+01
5.525639360679989665e+01 4.517975571372294041e+01 3.181287016410049517e+01
5.483151339854295259e+01 4.475402694510074753e+01 3.167920349017303749e+01
5.591512664207368744e+01 4.572370142366988688e+01 3.218453845432969018e+01
5.707538232818232160e+01 4.659488469687331502e+01 3.296234196766467761e+01
5.674622652492537611e+01 4.634523350090623239e+01 3.274528296662930416e+01
5.613370349788521452e+01 4.584853501881087823e+01 3.238679522610045325e+01
5.448657973725384096e+01 4.449275256846092219e+01 3.145126929625949330e+01
5.521572694700009976e+01 4.507395104501092931e+01 3.189224732560612452e+01
5.531315396623965341e+01 4.526743484560074648e+01 3.178685804215674082e+01
5.543802644940464575e+01 4.526217675704362620e+01 3.201109388663606126e+01
5.621271924943712150e+01 4.594082276797848863e+01 3.239306420851889357e+01
5.494805968545652064e+01 4.489466867072593459e+01 3.168213989209426984e+01
5.576464368232903723e+01 4.551485676779412870e+01 3.221945527820581390e+01
5.582783831555157406e+01 4.556765008531832706e+01 3.225425238149780682e+01
5.676053809576549014e+01 4.642070922427267732e+01 3.266307456496358697e+01
5.482644022201137091e+01 4.473895286255660864e+01 3.169171254728472675e+01
5.561695498117046554e+01 4.542077919536915687e+01 3.209670541758238471e+01
5.598540830606563645e+01 4.573614584430779217e+01 3.228886660298081779e+01
5.597159172653989856e+01 4.573512049104255794e+01 3.226635762016358910e+01
5.585459121210458022e+01 4.557647841135851507e+01 3.228807790950526169e+01
5.493743055415662013e+01 4.485096711045794393e+01 3.172557367723082322e+01
5.450715283309040160e+01 4.451987637622798388e+01 3.144853442396405896e+01
5.526907497509397871e+01 4.522333274648672585e+01 3.177295743085778312e+01
5.607128279282152761e+01 4.572873712584461003e+01 3.244797921146961528e+01
5.568659280325074690e+01 4.549709926882870548e+01 3.210935340609344024e+01
5.492703300712685888e+01 4.478254588536816527e+01 3.180412770366289621e+01
5.468175657004984913e+01 4.455149524280619033e+01 3.170581607870088092e+01
5.611967245470656707e+01 4.580568434974258452e+01 3.242309235213843976e+01
5.642832854069743576e+01 4.612656697400158379e+01 3.250378564244225998e+01
5.533228289222822127e+01 4.520393567751819575e+01 3.191027623397155111e+01
5.650035143442578089e+01 4.604604190739470937e+01 3.274220116113254164e+01
5.501791093278702505e+01 4.493264292070789878e+01 3.174945863425459791e+01
5.588955030996508100e+01 4.554902424714595810e+01 3.238716140669057353e+01
5.472859219762927552e+01 4.460506600798339605e+01 3.171130540292929467e+01
5.450819570299319849e+01 4.447923245402630954e+01 3.150779711589655108e+01
5.650484625509215419e+01 4.622391628914936490e+01 3.249841862622415789e+01
5.556237434830376998e+01 4.537740553661547693e+01 3.206350744984995771e+01
5.443413990558804016e+01 4.448750950448820163e+01 3.136777144377974480e+01
5.653546797537010349e+01 4.627393621666038825e+01 3.248048592940913437e+01
5.593247909639918447e+01 4.561678892414076358e+01 3.236588923727448019e+01
5.488347420256631892e+01 4.475404242315676839e+01 3.176903252115252485e+01
5.450458204565671849e+01 4.449760322358073950e+01 3.147559008705796657e+01
5.436636627655654053e+01 4.441354242052983636e+01 3.135504794728436551e+01
5.648143809562883177e+01 4.611159817773692282e+01 3.261707164730275110e+01
5.650484156886952292e+01 4.608110194393288594e+01 3.270059883787925514e+01
5.668505253455103343e+01 4.638318209294072147e+01 3.258520522841483569e+01
5.534205330736998008e+01 4.522592980400198570e+01 3.189605206979801011e+01
5.583213504136307392e+01 4.558381045707751156e+01 3.223885121232196838e+01
5.560729504421276204e+01 4.545977091723401031e+01 3.202468563915552835e+01
5.483906337144261300e+01 4.480162932986085877e+01 3.162494080384736250e+01
5.544898557533274186e+01 4.530712198589059625e+01 3.196646209215351320e+01
5.489030168328684312e+01 4.473829848552998811e+01 3.180298519796321699e+01
5.527195304194349745e+01 4.513800971343794544e+01 3.189904186931620700e+01
5.659360378175608730e+01 4.614774895990671411e+01 3.276005578352738468e+01
5.595279708342711444e+01 4.567795597459294754e+01 3.231470005186987038e+01
5.584642990612821478e+01 4.556240750246139726e+01 3.229381915846654749e+01
5.675368012275750118e+01 4.642081195888624734e+01 3.265100954877204487e+01
5.617602238801098480e+01 4.589322318290874847e+01 3.239687573242269991e+01
5.438010201549762002e+01 4.450925458983878968e+01 3.124294722129848623e+01
5.459677111764101198e+01 4.454543105204371045e+01 3.156757812787828854e+01
5.559149228844928814e+01 4.543507192373967030e+01 3.203230016938090330e+01
5.386863441545347087e+01 4.405781903780493280e+01 3.099577963881230858e+01
5.633863173238221123e+01 4.598698012104217270e+01 3.254595343239856220e+01
5.564184203212419533e+01 4.544654758385583193e+01 3.210336271227970428e+01
5.588541750770310301e+01 4.567598321637391479e+01 3.220069016694854724e+01
5.527437740670789879e+01 4.513634556575405554e+01 3.190559679222462819e+01
5.524823649524450531e+01 4.513144018899723875e+01 3.186723618862218999e+01
5.420137194234867195e+01 4.428134914940904565e+01 3.125621278947518533e+01
5.410630409747066238e+01 4.419240833830536275e+01 3.121735396135375851e+01
5.615792262685157255e+01 4.587078506355734220e+01 3.239727382691902591e+01
5.493592181538806329e+01 4.492652122219437416e+01 3.161586937881272874e+01
5.455568589622470910e+01 4.449298287003578878e+01 3.157051375784426384e+01
5.439433532248072112e+01 4.443549325289372831e+01 3.137245056648443864e+01
5.406898519337065778e+01 4.417263801431804637e+01 3.118065443022259231e+01
5.451163603584745232e+01 4.462580210059743280e+01 3.130585009519812445e+01
5.422498945705833506e+01 4.427407391171801976e+01 3.130744098258139374e+01
5.400918672047355784e+01 4.418157172857937098e+01 3.106414283059125125e+01
5.547863499713901092e+01 4.535907604209067046e+01 3.194421953583486840e+01
5.456517296897026625e+01 4.453625949332828071e+01 3.152585750580894342e+01
5.443637217651203031e+01 4.438524233274743835e+01 3.151616852986761330e+01
5.593671348892193862e+01 4.562936023893917081e+01 3.235548485383674233e+01
5.362264887595934937e+01 4.377816735526363345e+01 3.096547328055804016e+01
5.576423309794233063e+01 4.550155642247801779e+01 3.223752558950045000e+01
5.580208549265378082e+01 4.550989893149144194e+01 3.229120382665959710e+01
5.556868900964411040e+01 4.531986351565882387e+01 3.215570196983107110e+01
5.343188869916320982e+01 4.362981559048201774e+01 3.084486864132018269e+01
5.374633256544859705e+01 4.383075192950461485e+01 3.110519971853625165e+01
5.527164354573255878e+01 4.508830032195548654e+01 3.196873088384442241e+01
5.594370712974632198e+01 4.571648293782271111e+01 3.224440347121643669e+01
5.555111760482157734e+01 4.531404378935465616e+01 3.213353548243900804e+01
5.566104550432826414e+01 4.548132940483595377e+01 3.208739101584461650e+01
5.630125192086573804e+01 4.597900934410338181e+01 3.249248632517434743e+01
5.648725650639612894e+01 4.610666715596287446e+01 3.263411392069112793e+01
5.384793816822450907e+01 4.391735494879478807e+01 3.115872878136237034e+01
5.371315964126225140e+01 4.386981717061149055e+01 3.099262267161082818e+01
5.447558918778047143e+01 4.458574089171343502e+01 3.130018412873663536e+01
5.545765935282824444e+01 4.534866251657677338e+01 3.192257490948940557e+01
5.502367781950689363e+01 4.483075686878166977e+01 3.190310892933602815e+01
5.457531956589002675e+01 4.455266289187145645e+01 3.152024325671168370e+01
5.517387099719449139e+01 4.508317038180000225e+01 3.180666265329719522e+01
5.611685335825867327e+01 4.582726119662121533e+01 3.238770387120647598e+01
5.536008960441065341e+01 4.522646042214181250e+01 3.192658451342418147e+01
5.507143127432780005e+01 4.499213347579821232e+01 3.175799848697911898e+01
5.593300161968124939e+01 4.571058243690757905e+01 3.223419494055872292e+01
5.624860674055887699e+01 4.601326275911517882e+01 3.235251783887413524e+01
5.597679533383635686e+01 4.563079462781933415e+01 3.242271113710231134e+01
5.487576548215978534e+01 4.488423894861593055e+01 3.157142269927898326e+01
5.633698358448896926e+01 4.599526907263894060e+01 3.253138395971685526e+01
5.558904573610372779e+01 4.544977058757432786e+01 3.200719230715958474e+01
5.346960009953146908e+01 4.366806613112526492e+01 3.085608748969133686e+01
5.548930302082828803e+01 4.530739523494832355e+01 3.203595927643630858e+01
5.490393498090218571e+01 4.479587995912243059e+01 3.174541250440806550e+01
5.412681881122930605e+01 4.412579411058334244e+01 3.134687877180206783e+01
5.655185041211981201e+01 4.613911755205533183e+01 3.270005529891952989e+01
5.410339723116283750e+01 4.425893061709793841e+01 3.111791529945265111e+01
5.508720906445164189e+01 4.502505884188012431e+01 3.173869371596499533e+01
5.611818410643174104e+01 4.578920723539020798e+01 3.244378350559405533e+01
5.634766202263415380e+01 4.607888138304971903e+01 3.243139999913420013e+01
5.425611833687158736e+01 4.427086821449158549e+01 3.136585092931056096e+01
5.503029714641281345e+01 4.492964750650781269e+01 3.177515348449864518e+01
5.454252849826701777e+01 4.459236081839517141e+01 3.140714523203795849e+01
5.407978014041734127e+01 4.422548327240102850e+01 3.112441564685921591e+01
5.610024724239934812e+01 4.583624993274015935e+01 3.234618884446378217e+01
5.498635068282921878e+01 4.487227803602966958e+01 3.178014199578602117e+01
5.609754222317876327e+01 4.587936560158021848e+01 3.228030445144317895e+01
5.454387467622501617e+01 4.456986591418942822e+01 3.144139496089376706e+01
5.637625546360505524e+01 4.597375950047784698e+01 3.262967387961273857e+01
5.521343847334380683e+01 4.513016597756203652e+01 3.180867659754841625e+01
5.562699515056748822e+01 4.542097592027075592e+01 3.211382157158259076e+01
5.486597122264934967e+01 4.486522813570659451e+01 3.158142021087062190e+01
5.516116036395225564e+01 4.501075957235639891e+01 3.188706846696924302e+01
5.403104099928955151e+01 4.411317815233886108e+01 3.119905294663480078e+01
5.503462498423410665e+01 4.497887221703911820e+01 3.171294690246479320e+01
5.506307145260024072e+01 4.495062057755865226e+01 3.180225695585960466e+01
5.383284309403472179e+01 4.394653341867526564e+01 3.109143284038579225e+01
5.582419067194526718e+01 4.553187128184691801e+01 3.229843590254835561e+01
5.454968664669803502e+01 4.459594687326250551e+01 3.141448448932584725e+01
5.488071934751177849e+01 4.472373874723339782e+01 3.180692611004036863e+01
5.479971258664134126e+01 4.467815442023088224e+01 3.173123094335455363e+01
5.480357064028434166e+01 4.485893931300572746e+01 3.148185062280655444e+01
5.534814984996962295e+01 4.523171930652055295e+01 3.189842097018014044e+01
5.475526564816192376e+01 4.470900796154653278e+01 3.161081655533671508e+01
5.585903413853478838e+01 4.564697859319034734e+01 3.219604075352771133e+01
5.561771083665993842e+01 4.532459377326870964e+01 3.223369290041852508e+01
5.450247371941911467e+01 4.450361275998938737e+01 3.146344057545012163e+01
5.517090257726594871e+01 4.505523807237639033e+01 3.184107431340305183e+01
5.550731595876749935e+01 4.524404945599889061e+01 3.215646301709146826e+01
5.652609607001687664e+01 4.611547477582893606e+01 3.268887460768055320e+01
5.389428305103871253e+01 4.396665988017046800e+01 3.116932088716222538e+01
5.491438582797975698e+01 4.488454865398788485e+01 3.163806351520299387e+01
5.621213404646466216e+01 4.584666546090215178e+01 3.252517917204811937e+01
5.392916857126667196e+01 4.398483708820768356e+01 3.120399540302373964e+01
5.525983378538170143e+01 4.509071217268132870e+01 3.194490422193218393e+01
5.517306982787564351e+01 4.504373533835786247e+01 3.186109761134435203e+01
5.503234511097635107e+01 4.496464891300083622e+01 3.172915625326609756e+01
5.575374191013018077e+01 4.545253080564216219e+01 3.228849919620849818e+01
5.553888769907845813e+01 4.537132637673438751e+01 3.203140317979677576e+01
5.373749661561417668e+01 4.387252737773501110e+01 3.103095042055652542e+01
5.494909950302262303e+01 4.483825987723200512e+01 3.176372124570557887e+01
5.600647791476844617e+01 4.572964486437785325e+01 3.233458131776761491e+01
5.531336144414642320e+01 4.524067488482095456e+01 3.182529324635853740e+01
5.581501989545354547e+01 4.554184698170156764e+01 3.226850816857132997e+01
5.460033201051518859e+01 4.454866567658653764e+01 3.156917233780781729e+01
5.492425397301222034e+01 4.481573601901036596e+01 3.175253501007951940e+01
5.493865914084879165e+01 4.487229479352719608e+01 3.169753031636944840e+01
5.422611366019940249e+01 4.425550319961102730e+01 3.133563210209876360e+01
5.641471238909191754e+01 4.610720224483765861e+01 3.250762487629015141e+01
5.474362551578592928e+01 4.478476290432453055e+01 3.148316290044641619e+01
5.457297192319217061e+01 4.462369932056930821e+01 3.141551724032159854e+01
5.464629946801908034e+01 4.457960936547904396e+01 3.160500710915464140e+01
5.557910389681310903e+01 4.540131117522035709e+01 3.205866081955946356e+01
5.494347050844447011e+01 4.488244780950638102e+01 3.169149460248353378e+01
5.517010332672713702e+01 4.507723711243215803e+01 3.180853651759725409e+01
5.518681437369775011e+01 4.513425470936054040e+01 3.175662974163880747e+01
5.551150634536688955e+01 4.536148488507286203e+01 3.199785970581493189e+01
5.549816703801041484e+01 4.531803861046512338e+01 3.203625947390390394e+01
5.630855945267715157e+01 4.592213959371296284e+01 3.258544096327710804e+01
5.604596685466290751e+01 4.581769930484833964e+01 3.227830279126325763e+01
5.538473868704577541e+01 4.514149966369308231e+01 3.208916152761150897e+01
5.640755224378190746e+01 4.607389905101059924e+01 3.254239967138671830e+01
5.567420239219239164e+01 4.539233990318428624e+01 3.223588513009352852e+01
5.583661801860449003e+01 4.558740541212082320e+01 3.224153190446266848e+01
5.496657159242049318e+01 4.487950257548671118e+01 3.173569348858740469e+01
5.635108431931195128e+01 4.595377265938643063e+01 3.261434473251966892e+01
5.619672285320712035e+01 4.597188285013546505e+01 3.232116406711849521e+01
5.636618700942235449e+01 4.611465767666013704e+01 3.241273492542126178e+01
5.590113084673954091e+01 4.557718316312115547e+01 3.236752701179997160e+01
5.393145371410756894e+01 4.406106090864092550e+01 3.110023490782603517e+01
5.438706037069995602e+01 4.445228903637790552e+01 3.133602296387463326e+01
5.374979418261677466e+01 4.389797700809761949e+01 3.101625363047892492e+01
5.570967390158143928e+01 4.544658444319725987e+01 3.222073445264531699e+01
5.487511850256948520e+01 4.476924782216354259e+01 3.173315427291697333e+01
5.415770674137975504e+01 4.418894263691446866e+01 3.131125273949882271e+01
5.670667785849015985e+01 4.638722390477204982e+01 3.261706259237828220e+01
5.511454789352714556e+01 4.491723677707568640e+01 3.193830349001050450e+01
5.448565333134683897e+01 4.445042352990031276e+01 3.150946313341741956e+01
5.459963168299108816e+01 4.465804181015672469e+01 3.141303999298028415e+01
5.552733842821488963e+01 4.533596575803791495e+01 3.206143355665063410e+01
5.519070421803851190e+01 4.504069053657212152e+01 3.189592494460313787e+01
5.501462899720166888e+01 4.491789413571986955e+01 3.176463741508794314e+01
5.428130307018748368e+01 4.431098839300897652e+01 3.135276974418956542e+01
5.550654109164980810e+01 4.531819945041132058e+01 3.205053669646965631e+01
5.509063153681257319e+01 4.510416594129322476e+01 3.163213394422090019e+01
5.501426616875617270e+01 4.493392781150522808e+01 3.174132343676279433e+01
5.503497469524852193e+01 4.502781435959978751e+01 3.164402587699713365e+01
5.498414963190982263e+01 4.500155731426833228e+01 3.159298260745369191e+01
5.597311505127603226e+01 4.577399933566561430e+01 3.221382612112176957e+01
5.491104758507569983e+01 4.493984276312866655e+01 3.155366348485893369e+01
5.473881242927501489e+01 4.463554277307422069e+01 3.168605225521814006e+01
5.392811912916578621e+01 4.405370721659022593e+01 3.110486960725672745e+01
5.620914993177913743e+01 4.592222098072772241e+01 3.241324044662053439e+01
5.404923637883157994e+01 4.417606009754165086e+01 3.114154246971718720e+01
5.439403139238127238e+01 4.436864536081930055e+01 3.146639413662149920e+01
5.427598953263325399e+01 4.432081540876946946e+01 3.132967221737720820e+01
5.577751887723371027e+01 4.552942459658928698e+01 3.222115932122326853e+01
5.541372315561591222e+01 4.518389612296756042e+01 3.207953000148412315e+01
5.551958643468508825e+01 4.529363887940467492e+01 3.210779897377815217e+01
5.438485146708707418e+01 4.440138468499730351e+01 3.140428485337646336e+01
5.644591359609076164e+01 4.603302449346174541e+01 3.266652441998834178e+01
5.646715800695348975e+01 4.611012951447458619e+01 3.259441500534457248e+01
5.537552248551851619e+01 4.521867938308858470e+01 3.196434772357486764e+01
5.466257938648257664e+01 4.467569877483055052e+01 3.149729391811483126e+01
5.564372696056102541e+01 4.542046463804140188e+01 3.214351788659568143e+01
5.641854752144681839e+01 4.612276321239360044e+01 3.249220241970716927e+01
5.483770869348612109e+01 4.486107905783980243e+01 3.153819716657707772e+01
5.522448835916792831e+01 4.513904372534221920e+01 3.181526121366155735e+01
5.630598059437350145e+01 4.598985181166067804e+01 3.248533486106394719e+01
5.444046182080557372e+01 4.443157157252881717e+01 3.145789775013324530e+01
5.572745324361717678e+01 4.546233795362492458e+01 3.222925492173116879e+01
5.436531131905405800e+01 4.440950048181284160e+01 3.135894356915635228e+01
5.645588919908476555e+01 4.612992668031602506e+01 3.254684761582914376e+01
5.558376108469671095e+01 4.547049167530722968e+01 3.196856085479075915e+01
5.503260003276336221e+01 4.503957109239046730e+01 3.162315768830827878e+01
5.607647897734919695e+01 4.574741556836782763e+01 3.243062539193691407e+01
5.646179238894954011e+01 4.611098575288372814e+01 3.258390695834669515e+01
5.517057691736817304e+01 4.510446593869636445e+01 3.177073668929030603e+01
5.611495767820522218e+01 4.583266550475021006e+01 3.237677019031459480e+01
5.525004170704487194e+01 4.502289756144313770e+01 3.202351954114344323e+01
5.477469549214255551e+01 4.480336889329097261e+01 3.151071884404780121e+01
5.639629757325331383e+01 4.606115106819044058e+01 3.254093948004999248e+01
5.441383496486186999e+01 4.448371465283913295e+01 3.133790941125474916e+01
5.658874162148182307e+01 4.627777145641746159e+01 3.256767641896521326e+01
5.529553654738558777e+01 4.520446158487757771e+01 3.184576918343444873e+01
5.585513719943637057e+01 4.557256257626790585e+01 3.229454894870040249e+01
5.411307459094746264e+01 4.421790209265572003e+01 3.119297959813644994e+01
5.582106376873112197e+01 4.555301477939872257e+01 3.226319892355108720e+01
5.511082947198647020e+01 4.497646794308490570e+01 3.184840429998069666e+01
5.593796863263722230e+01 4.567466343844159837e+01 3.229367514748037848e+01
5.520669325437859953e+01 4.501372896766837783e+01 3.196158920498704248e+01
5.462884946421863930e+01 4.459176446143938932e+01 3.155765732749775410e+01
5.478306137579372148e+01 4.477043594646094959e+01 3.157201100449287878e+01
5.537439539198481242e+01 4.514711346204523323e+01 3.206340298647482712e+01
5.389545047500107700e+01 4.400365162666282970e+01 3.111909743907409620e+01
5.561323223225977586e+01 4.550051855226122655e+01 3.197709196901103113e+01
5.588605680255528085e+01 4.564818451739529337e+01 3.224119407224657152e+01
5.481119904950470811e+01 4.476364238593482980e+01 3.163042619991967186e+01
5.532267626294255791e+01 4.514649162467117094e+01 3.197487768354780968e+01
5.471297200839442354e+01 4.463409755652588728e+01 3.164342967040521515e+01
5.597512159508265484e+01 4.571571068059582643e+01 3.229996957509936806e+01
5.496341944517489253e+01 4.491654032291791765e+01 3.167778215920297313e+01
5.521369196211802688e+01 4.513322179406513612e+01 3.180478062454417554e+01
5.535737643591092905e+01 4.529609433582162126e+01 3.182299426181476321e+01
5.517714326600141561e+01 4.503207357990173421e+01 3.188462777093628375e+01
5.636971820493761243e+01 4.602833782404288598e+01 3.254131600995660278e+01
5.536877982572542578e+01 4.517257598083008929e+01 3.201781002263882669e+01
5.571730345818635755e+01 4.550310471661540390e+01 3.215408785520681079e+01
5.515331288694586931e+01 4.512667677135630839e+01 3.170916217718280095e+01
5.577269963000293274e+01 4.558397841827708419e+01 3.213557118802430779e+01
5.544953183645991146e+01 4.531831816045082917e+01 3.195153548721459558e+01
5.559759192862738786e+01 4.540445118516024792e+01 3.208625937744339041e+01
5.485039226456056838e+01 4.472137291316159491e+01 3.175790195113811265e+01
5.596668798697864133e+01 4.564460965702895123e+01 3.238579586005690203e+01
5.518617333141664005e+01 4.505181355101705520e+01 3.187236769883212872e+01
5.587325300581237286e+01 4.565641413245502633e+01 3.220733223999284434e+01
5.524454889242144162e+01 4.516465517864723722e+01 3.181374081935408782e+01
5.455756421217309793e+01 4.455032725468571186e+01 3.149279527551973246e+01
5.493331469980547155e+01 4.488364870996880995e+01 3.167218246960539574e+01
5.491618884693170344e+01 4.477028869781655374e+01 3.180265786669448858e+01
5.649118890113716418e+01 4.609774719882049254e+01 3.265351629851829784e+01
5.496970709750814166e+01 4.480640454090316638e+01 3.184422727124602304e+01
5.416290230088802815e+01 4.425580092063487569e+01 3.122569567725713569e+01
5.484125258436554162e+01 4.480063869136278498e+01 3.163014002289822457e+01
5.614001619096588058e+01 4.580604166005761613e+01 3.245778743782418019e+01
5.633470212576249025e+01 4.605152641301807392e+01 3.244773610946513998e+01
5.563329522494808543e+01 4.545286212640996126e+01 3.207960196298884625e+01
5.626788049554892979e+01 4.595651113736361992e+01 3.246649749422855535e+01
5.492815183305563664e+01 4.480193357044642966e+01 3.177874465967021322e+01
5.553490844115350455e+01 4.530858178583535079e+01 3.211321335717700975e+01
5.604309619774554108e+01 4.576369491688962654e+01 3.234985098858434327e+01
5.619271513510341975e+01 4.591709424443406817e+01 3.239200040754878529e+01
5.457671104099382831e+01 4.460508675231830722e+01 3.144842800316567732e+01
5.595860773881084071e+01 4.575998127452660214e+01 3.220853759209001055e+01
5.432204908422359324e+01 4.434873792206309417e+01 3.136996113209195158e+01
5.527540861813110240e+01 4.512874206072712013e+01 3.191813650446594508e+01
5.455728712868599928e+01 4.454615424743939656e+01 3.149821773696448801e+01
5.567913351828429569e+01 4.543301753321386371e+01 3.218705993366917539e+01
5.488944646779036418e+01 4.480191591375113092e+01 3.171182214880748518e+01
5.439031132592546669e+01 4.440166428484285177e+01 3.141334389820999462e+01
5.483943627332826765e+01 4.482704997553199178e+01 3.158954512599998665e+01
5.606174648590029364e+01 4.581077725628200881e+01 3.231550875701431380e+01
5.545671156886177755e+01 4.533664840876328839e+01 3.193798943409101554e+01
5.474250357165199432e+01 4.471974313044704985e+01 3.157350584967031182e+01
5.575293572810840459e+01 4.551273013837628412e+01 3.220219305659044551e+01
5.583778196156251283e+01 4.562408070529453141e+01 3.219163174155307416e+01
5.567765177716434977e+01 4.541715495575247274e+01 3.220687726471383883e+01
5.544090552093643964e+01 4.528923118129223724e+01 3.197779767258631622e+01
5.446528517716226503e+01 4.453479825665770164e+01 3.135472904791891224e+01
5.458569100375663652e+01 4.464712125282083122e+01 3.140433451282661537e+01
5.533401140522075679e+01 4.521795863551686523e+01 3.189340112044788711e+01
5.550332191284805816e+01 4.527617128921775702e+01 3.210431523566034429e+01
5.501767744654721781e+01 4.489793689081887607e+01 3.179811463845547337e+01
5.415698144465024200e+01 4.422059291601760833e+01 3.126528108544754048e+01
5.512534874534967599e+01 4.504981231188814661e+01 3.176977313359471111e+01
5.578122888557499692e+01 4.558845864619741661e+01 3.214401863875851717e+01
5.517942117513425870e+01 4.500725195461325967e+01 3.192359304208748227e+01
5.607833805909325520e+01 4.584684516625836181e+01 3.229313840076680719e+01
5.493566410465886918e+01 4.493000910402662385e+01 3.161046460481068721e+01
5.418253506308288792e+01 4.423953742701843339e+01 3.128274978491567282e+01
5.534801157881586420e+01 4.528093350576327225e+01 3.182828060978758344e+01
5.584896895599144528e+01 4.558146918969863037e+01 3.227130304087287271e+01
5.528782237943750744e+01 4.519154836636906225e+01 3.185070265646201193e+01
5.555437128139871561e+01 4.540538700344026779e+01 3.200998281066886619e+01
5.472356336238252084e+01 4.474422284697447338e+01 3.150591863280583027e+01
5.572202230011711066e+01 4.547272192796609858e+01 3.220520656162012330e+01
5.431697042909740958e+01 4.438956450667333087e+01 3.130335188926785506e+01
5.508363812851744257e+01 4.500062078900617024e+01 3.176714211378680019e+01
5.518315394320873679e+01 4.502750956808920790e+01 3.190147114500378578e+01
5.588937171013260041e+01 4.562029601322383598e+01 3.228638198713512253e+01
5.525877963536471071e+01 4.510264739909359122e+01 3.192622627845066674e+01
5.589280976034410742e+01 4.563218576118345737e+01 3.227552951638227796e+01
5.447258015873088510e+01 4.451703791085051876e+01 3.139259984125652281e+01
5.535951982705283569e+01 4.518811625853436453e+01 3.197984653632719443e+01
5.463268092110664753e+01 4.465312028689838542e+01 3.147743117332217011e+01
5.584773003352180609e+01 4.563445630908925921e+01 3.219418188541149561e+01
5.585398714825833366e+01 4.561002645263573640e+01 3.223962418124125406e+01
5.495781763400997022e+01 4.489125738598819026e+01 3.170389139203668449e+01
5.531146058822782408e+01 4.523786952582846510e+01 3.182597733247480321e+01
5.458957338707186580e+01 4.455665929744486675e+01 3.153927131108017434e+01
5.535837189393010505e+01 4.524498301155747271e+01 3.189734865205173620e+01
5.533902834941515181e+01 4.520197364835227916e+01 3.192474959887766772e+01
5.511677298694092286e+01 4.501530837134993135e+01 3.180378400011943896e+01
5.548689732729322088e+01 4.533904882941248360e+01 3.198697275851107946e+01
5.612537763358173493e+01 4.582098641535753814e+01 3.241134397762266417e+01
5.477561396991924880e+01 4.478510052466138802e+01 3.153827288831123354e+01
5.535895946458690986e+01 4.524114775730738813e+01 3.190380765054944945e+01
5.469359076930887653e+01 4.467114058578552260e+01 3.155753586713662528e+01
5.502980312088215697e+01 4.493600925627563925e+01 3.176530030777234614e+01
5.456040275704961573e+01 4.456453959227827255e+01 3.147760092414492661e+01
5.557925605995966123e+01 4.535491908754770662e+01 3.212452363445353143e+01
5.498359061496698530e+01 4.495937828792726521e+01 3.165200690125887917e+01
5.462690621339358898e+01 4.458013647789123723e+01 3.157071925153891812e+01
5.563175365268459416e+01 4.539915077181995429e+01 3.215290225890261411e+01
5.567321022960151566e+01 4.547395445187909502e+01 3.211893217057242822e+01
5.517983088042514339e+01 4.505943914811100370e+01 3.185059936092257615e+01
5.544061095061889688e+01 4.522366349498061311e+01 3.206994859164326783e+01
5.511305093911748543e+01 4.505283740871291798e+01 3.174413686402319357e+01
5.520833253494266302e+01 4.509583541197511636e+01 3.184847892419447390e+01
5.535897387474108911e+01 4.515524794366452710e+01 3.202529580832075595e+01
5.539021971816224976e+01 4.525597276988364825e+01 3.193702191936249335e+01
5.527759960547712836e+01 4.518705558045468962e+01 3.183933143318722259e+01
5.521184808309035219e+01 4.510650606654628092e+01 3.183946103844835918e+01
5.556502889783214272e+01 4.540070724022339732e+01 3.203510915393372471e+01
5.562775770153544386e+01 4.545556091925755027e+01 3.206617233809487999e+01
5.513773567130993314e+01 4.504475838202513671e+01 3.179842193040749265e+01
5.544678545400621061e+01 4.528288443465029900e+01 3.199697477044822591e+01
5.545470589113846671e+01 4.528370007140605225e+01 3.200954409727834360e+01
5.527393873479584840e+01 4.514802165618060315e+01 3.188831202480012195e+01
5.523502188054730055e+01 4.510198669770454671e+01 3.188602261280985672e+01
