1.491740358463051926e-40
1.053663007901494205e-40
-3.058111201557015982e-43
-1.057330931367530188e-40
-1.489711373949040306e-40
-1.046571773447845670e-40
1.096994035619736934e-42
1.060862073433402603e-40
1.486064983382119917e-40
1.037297990528425887e-40
-2.073095836184481359e-42
-1.065434331827983310e-40
-1.482728391352197553e-40
-1.028041625057800673e-40
3.032838754016604065e-42
1.069560841831093801e-40
1.478890857542308620e-40
1.018614534768478974e-40
-3.954860859175238361e-42
-1.072940378156640145e-40
-1.474478767799645775e-40
-1.009396155139842481e-40
4.749216813092186280e-42
1.074272776392986344e-40
1.468075054382730972e-40
9.992342057986916209e-41
-5.466404516614568861e-42
-1.073138568798611941e-40
-1.458251600992757782e-40
-9.858419868318304176e-41
6.384515764849856550e-42
1.072311375851223743e-40
1.447251029479249265e-40
9.705094517589742814e-41
-7.491751717514878819e-42
-1.072814308387171052e-40
-1.436973191004595427e-40
-9.555875132958657218e-41
8.556078547775607306e-42
1.072783456788029833e-40
1.426289479649552899e-40
9.407656087184685076e-41
-9.537973027960888594e-42
-1.071379946233391838e-40
-1.414254348613062345e-40
-9.253142417255683466e-41
1.046635643342507102e-41
1.068385956702841736e-40
1.400252358307513343e-40
9.084794985664225647e-41
-1.139631353075804574e-41
-1.063821102983091371e-40
-1.383558304223548975e-40
-8.887688462971056727e-41
1.253431978603821874e-41
1.059942966418896157e-40
1.366145305663225414e-40
8.674143443804895730e-41
-1.386300822777737589e-41
-1.057731012198359319e-40
-1.349993999270659737e-40
-8.470376159075716442e-41
1.510426325365901943e-41
1.054735792698043980e-40
1.333380056074919191e-40
8.268578182691660943e-41
-1.624060723324417835e-41
-1.050005435539491516e-40
-1.314890089710169978e-40
-8.053733036048965097e-41
1.739688205149606937e-41
1.044305281961640247e-40
1.294740160721988860e-40
7.823606270694706392e-41
-1.861401916445460396e-41
-1.037906528527157158e-40
-1.272768543269217581e-40
-7.570571509718883858e-41
2.002599157134929410e-41
1.032499263332429758e-40
1.250634766796881006e-40
7.306548250350458011e-41
-2.159760874182875485e-41
-1.028773125344294803e-40
-1.230040821712058486e-40
-7.056101377226172953e-41
2.305046513263101996e-41
1.024113490786761303e-40
1.208996853500644385e-40
6.808760552381359686e-41
-2.438272973728364328e-41
-1.017522950532823672e-40
-1.185792612151905154e-40
-6.544127625331175508e-41
2.578985895423753772e-41
1.010515379828390107e-40
1.161282327092640028e-40
6.263789959714319544e-41
-2.731041786995761074e-41
-1.003727662602150599e-40
-1.136006153155258076e-40
-5.969225497149175283e-41
2.898370116616169330e-41
9.980414294010921615e-41
1.111088223814133922e-40
5.670367751701037082e-41
-3.076252772939459683e-41
-9.937964811687734256e-41
-1.087779825050403658e-40
-5.387584827240500696e-41
3.239734738086600997e-41
9.884905763074271073e-41
1.064044524929675579e-40
5.109051834721962226e-41
-3.389868665766916680e-41
-9.811350854062916627e-41
-1.037989367103470908e-40
-4.810352829329010245e-41
3.552068863191930169e-41
9.739221770700730803e-41
1.011102265628297115e-40
4.497479908819753139e-41
-3.728968200481781570e-41
-9.677512569222332167e-41
-9.845565579340527859e-41
-4.180966213099900952e-41
3.914347701204698898e-41
9.625701062436634120e-41
9.587957361084286286e-41
3.867599337926390217e-41
-4.102696217843368360e-41
-9.583051303354287917e-41
-9.344507317824171026e-41
-3.571058653438624938e-41
4.274743776761204080e-41
9.528180484184485165e-41
9.096064243105633038e-41
3.278618151942515590e-41
-4.433693287242451375e-41
-9.453445832562201343e-41
-8.824904287100063079e-41
-2.965227611809861661e-41
4.607676269268775747e-41
9.385153240007971573e-41
8.550946897909363599e-41
2.641191340761726704e-41
-4.797161142927942503e-41
-9.333351776941022736e-41
-8.290591440449046628e-41
-2.324852944137029585e-41
4.986253902248035165e-41
9.287805380892317101e-41
8.040466345707528593e-41
2.018694134036048630e-41
-5.169401442658875992e-41
-9.243486322676153224e-41
-7.799334053065995043e-41
-1.727213522272104159e-41
5.336306291116961195e-41
9.186144452234909436e-41
7.552267111212573327e-41
1.438685561038990293e-41
-5.491954114076984318e-41
-9.111679260694952828e-41
-7.285522570721619150e-41
-1.131199494066470553e-41
5.663096364196500054e-41
9.047098241746965782e-41
7.021441419265170165e-41
8.182372699561295524e-42
-5.847592341681742924e-41
-9.001738474747585733e-41
-6.778549268574590370e-41
-5.233440743909116384e-42
6.021877510778255214e-41
8.956584645414163422e-41
6.545396465436897415e-41
2.434394907700286670e-42
-6.182092057715387008e-41
-8.903896560914070334e-41
-6.314044571319968836e-41
2.640383640539257078e-43
6.328291773743555951e-41
8.838796886638922456e-41
6.076368488534151118e-41
-2.946261021304012613e-42
-6.465843674215637646e-41
-8.760620654965932190e-41
-5.823933320272343844e-41
5.774075079009504095e-42
6.616717499877720020e-41
8.693514905075622678e-41
5.578492754255346375e-41
-8.599211697020761167e-42
-6.776431405441512400e-41
-8.644752736655550224e-41
-5.358028228167182948e-41
1.116818376514897606e-41
6.917141586735294295e-41
8.589230848485445115e-41
5.144524384985828142e-41
-1.356559574528024263e-41
-7.037633197322643970e-41
-8.518115318578237168e-41
-4.925039326638707670e-41
1.592261238353597978e-41
7.147885322574121358e-41
8.436349869868846946e-41
4.699368595980118866e-41
-1.827709553213819287e-41
-7.252541916653039295e-41
-8.346342227296825613e-41
-4.465085042800051528e-41
2.071512418180759340e-41
7.366004572316423118e-41
8.266097299616971077e-41
4.240195574188457460e-41
-2.309878779337836287e-41
-7.482505791935866361e-41
-8.200254729799223947e-41
-4.039977723757523253e-41
2.519030067532716375e-41
7.573874206229910234e-41
8.121408751377960877e-41
3.842796817893855147e-41
-2.711142355693096346e-41
-7.641276977130345328e-41
-8.020564766933350761e-41
-3.632392173138738625e-41
2.905627832677442500e-41
7.703005633070014389e-41
7.911479306699386726e-41
3.416161046351158850e-41
-3.101389593959366775e-41
-7.762510488453623146e-41
-7.799295963113412607e-41
-3.197820654077329060e-41
3.298641162493586846e-41
7.825096743157768816e-41
7.693834396253548285e-41
2.989446612225535978e-41
-3.486474588142769386e-41
-7.884748491303248796e-41
-7.596984101867925450e-41
-2.802231011358667548e-41
3.645154685882830478e-41
7.916098584821635514e-41
7.482231199254523397e-41
2.613563122211235950e-41
-3.788958900773030992e-41
-7.922335764227347632e-41
-7.341240263459406813e-41
-2.405530998355578928e-41
3.941564860583784164e-41
7.928170902007375800e-41
7.195211989805293849e-41
2.192478661116289631e-41
-4.096967126632951795e-41
-7.935374639406204251e-41
-7.051407045609379810e-41
-1.983856050361424997e-41
4.246929363038515818e-41
7.939524618782256802e-41
6.910332477805356354e-41
1.784443439624540998e-41
-4.384641319524291627e-41
-7.934999533906692357e-41
-6.770853051522677698e-41
-1.599994008098449833e-41
4.496747707976131784e-41
7.902195240026204659e-41
6.610368908039832224e-41
1.409377349410187963e-41
-4.598279203380301735e-41
-7.846395730703640365e-41
-6.422699721901442651e-41
-1.195636546096656174e-41
4.714002343813023890e-41
7.795613708143853070e-41
6.233997015304317299e-41
9.785675313507891010e-42
-4.833385515181284408e-41
-7.749355591988831715e-41
-6.052430114577996226e-41
-7.719608018762512549e-42
4.940894111646565641e-41
7.694076697288151463e-41
5.869137881805359218e-41
5.726892608528695256e-42
-5.034685308484450115e-41
-7.625257422787046614e-41
-5.680072659201947372e-41
-3.802658362480230402e-42
5.109595677053555998e-41
7.531697323086690282e-41
5.469574889676882098e-41
1.778414525526545303e-42
-5.179463294605282222e-41
-7.420169017142117512e-41
-5.234556992350209456e-41
4.823735489146487328e-43
5.266824976769094869e-41
7.318335287378126734e-41
5.002814218095272464e-41
-2.751248604077617851e-42
-5.357796488472804521e-41
-7.223349162387302080e-41
-4.782308042991757417e-41
4.864072163355016399e-42
5.431357757477705503e-41
7.113990502675447353e-41
4.555578730766921581e-41
-6.931184940489838359e-42
-5.491257013544868242e-41
-6.987745183189637081e-41
-4.316397039709535868e-41
9.018649174377171672e-42
5.541299079620575472e-41
6.843526726023950137e-41
4.058434783972756583e-41
-1.122641976952996946e-41
-5.592003901256510264e-41
-6.688508426744330288e-41
-3.782034474004334043e-41
1.363968577573548278e-41
5.660634844668805068e-41
6.546314677130966150e-41
3.513020404405934228e-41
-1.602791704081502971e-41
-5.731506534849051363e-41
-6.411773840543124986e-41
-3.257741304885507595e-41
1.822541751541027678e-41
5.781086060556719339e-41
6.258850947394124071e-41
2.992344337151539445e-41
-2.040965947643949748e-41
-5.818630213070473554e-41
-6.087894317666237598e-41
-2.709818060564410445e-41
2.269367306360101254e-41
5.855968620328971613e-41
5.907808899832741542e-41
2.413941793038306642e-41
-2.509433330835976454e-41
-5.898638076026270000e-41
-5.724880914191620805e-41
-2.108116329508564954e-41
2.763675953447540622e-41
5.956497736707963951e-41
5.555624159348431368e-41
1.812756925415088141e-41
-3.011944272755507138e-41
-6.014195721209780361e-41
-5.393254260161820545e-41
-1.531734492645631358e-41
3.239791023808184165e-41
6.048939368379009187e-41
5.210536390120615722e-41
1.238123557166999945e-41
-3.469213199133229149e-41
-6.074241635415294158e-41
-5.010714911719344203e-41
-9.252359411774372109e-42
3.714479419611619065e-41
6.108161032183333576e-41
4.811350525806430649e-41
6.064276951653505861e-42
-3.968627621477042070e-41
-6.150266444804666444e-41
-4.616672069861333882e-41
-2.873487850659340241e-42
4.228143509075456053e-41
6.201922996199431787e-41
4.433984097516033336e-41
-1.974431854114759729e-43
-4.478615212111368090e-41
-6.250410178453197018e-41
-4.256115555408352990e-41
3.136179806900388177e-42
4.709288951392834953e-41
6.276394348144329102e-41
4.058001834928141650e-41
-6.208731974314001584e-42
-4.943610869299778837e-41
-6.295935741902494999e-41
-3.845430332698120283e-41
9.468966459438908682e-42
5.196815305721242240e-41
6.330822755274953883e-41
3.642226339766592860e-41
-1.270501760848305354e-41
-5.454063647775047843e-41
-6.374421233334163562e-41
-3.449578821368083725e-41
1.585047108407528777e-41
5.706811980881392419e-41
6.419901191025957667e-41
3.264978212388018104e-41
-1.887858262021083385e-41
-5.948275605242238414e-41
-6.459003251781716310e-41
-3.082086939500885988e-41
2.180164154137301912e-41
6.172476831781894506e-41
6.478127658965711737e-41
2.881145001108964924e-41
-2.484781247842968932e-41
-6.401151346665385519e-41
-6.493612771243405577e-41
-2.669534655687188715e-41
2.805246057958142638e-41
6.648577903247765223e-41
6.528086080833419707e-41
2.474078284576290099e-41
-3.115542455856914109e-41
-6.894236424162896540e-41
-6.569793311154532451e-41
-2.292889250860977838e-41
3.408915883001231014e-41
7.125812759837735604e-41
6.604847774613831397e-41
2.114266268856584703e-41
-3.692348333784673179e-41
-7.344847632356655680e-41
-6.630482270513281087e-41
-1.933654596900886992e-41
3.969079869057207620e-41
7.550490394894363235e-41
6.640097205555152300e-41
1.738668995423405695e-41
-4.255586356203961734e-41
-7.760185508060359888e-41
-6.648212999094348424e-41
-1.537124360550391044e-41
4.553496283275227971e-41
7.985930263607264983e-41
6.675919130611366090e-41
1.355856408595683659e-41
-4.834978925063936479e-41
-8.203998184535275835e-41
-6.707848509832125449e-41
-1.190261715563716013e-41
5.093853859551216832e-41
8.399697595780174832e-41
6.724688318447526768e-41
1.020861994990213665e-41
-5.345873489342487064e-41
-8.582632256168152929e-41
-6.729394272312362432e-41
-8.453129096655323459e-42
5.596023727909460443e-41
8.757285427236620657e-41
6.723215378395983308e-41
6.600718458933678115e-42
-5.852569200642518003e-41
-8.934904312405624500e-41
-6.717351485268694406e-41
-4.726993038190871176e-42
6.114814612520654648e-41
9.123604116452634201e-41
6.728733105349011512e-41
3.068001966569687062e-42
-6.356425946512537057e-41
-9.299235756904909813e-41
-6.740142203249070116e-41
-1.555215541286380324e-42
6.572607640675246736e-41
9.446522618660044805e-41
6.729125412554115796e-41
-6.158150894139846255e-44
-6.786155731250122381e-41
-9.582164498271324021e-41
-6.704155452421640646e-41
1.780424312468344305e-42
7.003299077797198545e-41
9.715688373125773052e-41
6.674545193970326780e-41
-3.539927424772710357e-42
-7.222720902595234800e-41
-9.850524743709025574e-41
-6.646712735675468424e-41
5.275695082018195487e-42
7.441316289705015803e-41
9.989687405704532084e-41
6.631138465598342881e-41
-6.814435897384915129e-42
-7.637522338119809146e-41
-1.011148572882727136e-40
-6.610663316889662433e-41
8.241674730935657031e-42
7.808833371459978727e-41
1.020218884467415863e-40
6.562551626677182272e-41
-9.833586739872429544e-42
-7.982668038640443897e-41
-1.028413644405109057e-40
-6.500463480894555840e-41
1.155619526834791528e-41
8.165222560591354810e-41
1.037050329175584615e-40
6.440734416212449151e-41
-1.325486805527415042e-41
-8.345167696953945798e-41
-1.045583123060336915e-40
-6.383644371984330555e-41
1.488806294931000612e-41
8.517484625632005077e-41
1.053750816570293352e-40
6.331557893274753553e-41
-1.637164449202754112e-41
-8.668550056064358123e-41
-1.059935788105343343e-40
-6.269622746475336246e-41
1.779953742328620667e-41
8.798986910162315192e-41
1.063167650780009147e-40
6.178519424391263110e-41
-1.943175003804797120e-41
-8.936925795716058552e-41
-1.065957151330318605e-40
-6.075748271709303851e-41
2.119917913003847487e-41
9.086790722052250699e-41
1.069721528780464091e-40
5.981772481057178667e-41
-2.287883362350491188e-41
-9.228834891263938241e-41
-1.073074017261457031e-40
-5.890177938841399246e-41
2.446442986022073570e-41
9.357523105455320363e-41
1.075289184414462073e-40
5.795317152677148499e-41
-2.597106305699783365e-41
-9.469209771813857456e-41
-1.075568274846667687e-40
-5.687327570459930905e-41
2.748125738593938121e-41
9.566980804271566861e-41
1.073442775434809372e-40
5.552924025481176289e-41
-2.920054863509220431e-41
-9.675342731565090984e-41
-1.071299408261370676e-40
-5.410529546792782753e-41
3.103782240978812862e-41
9.796492680856312157e-41
1.070454441709544339e-40
5.281693417754036060e-41
-3.273558109926105706e-41
-9.905294607032940867e-41
-1.068891598341366494e-40
-5.154206643352568228e-41
3.432591424608286698e-41
9.996927036982849318e-41
1.065586345712457403e-40
5.015908527292547866e-41
-3.591468669341481583e-41
-1.007782266902415668e-40
-1.060664010739192984e-40
-4.863637227564112985e-41
3.755449833964539845e-41
1.015213963662878777e-40
1.054116905178419217e-40
4.690995099502840100e-41
-3.937564443275332126e-41
-1.023782368694683406e-40
-1.047888081192434954e-40
-4.514558453420103679e-41
4.128238283369361142e-41
1.033517316072803911e-40
1.043077156119732198e-40
4.354554834516111759e-41
-4.301452452143120774e-41
-1.041701053572884608e-40
-1.037329281955271429e-40
-4.194972176801916777e-41
4.463443913691868959e-41
1.047961015943268084e-40
1.029454640682175009e-40
4.019015315549533066e-41
-4.631947115573831360e-41
-1.053794570586656950e-40
-1.020416294043265674e-40
-3.830085365294213519e-41
4.808827915780979890e-41
1.059666907324282070e-40
1.010634098877670963e-40
3.628930086114598514e-41
-4.998590343400181528e-41
-1.066551679153803669e-40
-1.001410746710019727e-40
-3.428466930788120003e-41
5.192366855107396155e-41
1.074304493515947783e-40
9.935279560817673080e-41
3.245516131941689956e-41
-5.366704925534570397e-41
-1.080314551020015639e-40
-9.845789173601455214e-41
-3.062425691755862118e-41
5.529716749620938254e-41
1.084314936786822983e-40
9.733046409590813838e-41
2.859431108994117871e-41
-5.704322775248678188e-41
-1.088473173021142663e-40
-9.613672229171357134e-41
-2.645722510626088681e-41
5.889199414865959229e-41
1.093289824249740776e-40
9.495980935897414771e-41
2.429325150537914787e-41
-6.079714291091652832e-41
-1.098809582608427746e-40
-9.385260745512749445e-41
-2.218269835259419788e-41
6.268425869173423218e-41
1.104703167348251401e-40
9.285081449761149174e-41
2.024030386949724590e-41
-6.436956241854370908e-41
-1.108730260995220014e-40
-9.173137407493855796e-41
-1.828832463193107841e-41
6.594795618400156739e-41
1.110787003368585683e-40
9.037631194957332815e-41
1.611999006758325065e-41
-6.767861892833535411e-41
-1.113523631426853194e-40
-8.900961940993272182e-41
-1.388125093095064251e-41
6.951257699664297820e-41
1.117387912856184197e-40
8.774587148830079100e-41
1.171871437369094522e-41
-7.131221076149217006e-41
-1.121424089226939610e-40
-8.654790623879377311e-41
-9.649555872383160342e-42
7.302823073419727328e-41
1.125146051601593981e-40
8.540077608853456932e-41
7.715639062263579323e-42
-7.455565450146223105e-41
-1.127001591321678294e-40
-8.412837367378153418e-41
-5.758895022307330833e-42
7.599519950637926919e-41
1.127120114506607227e-40
8.264179863944473320e-41
3.595063144566971119e-42
-7.759962315136724902e-41
-1.128289504765846742e-40
-8.119637842574730141e-41
-1.410102448831692786e-42
7.928433131595883975e-41
1.130783340701180436e-40
7.991814867611105322e-41
-6.048234089553668708e-43
-8.083807703388139250e-41
-1.132738048648580647e-40
-7.867933403374049585e-41
2.504299127315090696e-42
8.224898286114295780e-41
1.133613321101692027e-40
7.741731365205235853e-41
-4.326960355043561464e-42
-8.350944903858632625e-41
-1.132812906847998837e-40
-7.603264624720546739e-41
6.185084603712711813e-42
8.470976647146262300e-41
1.130681511066519467e-40
7.447994060250226479e-41
-8.211261452575860020e-42
-8.605701330509382167e-41
-1.129720162740632526e-40
-7.300801382714668610e-41
1.020572900133647442e-41
8.744083130454312711e-41
1.129950720936650212e-40
7.173152932561751279e-41
-1.196494735741543705e-41
-8.861034693372145375e-41
-1.128885509243811969e-40
-7.044930378589723230e-41
1.361153918227163091e-41
8.959953928822732355e-41
1.126092361417361439e-40
6.906898686041497962e-41
-1.525104649420529707e-41
-9.049338436947134759e-41
-1.121987920305711402e-40
-6.758264125311072287e-41
1.692997394866703921e-41
9.135222463228236271e-41
1.116999846726493020e-40
6.598608338877801968e-41
-1.871830476673253912e-41
-9.231399352794064512e-41
-1.113019659951708319e-40
-6.448662154364515297e-41
2.043307641502822869e-41
9.326219552927387165e-41
1.109859583500500116e-40
6.317517465607079239e-41
-2.188485027150545958e-41
-9.394137061930649736e-41
-1.104771404109634146e-40
-6.180766825646764440e-41
2.324494424374996930e-41
9.442550603854498420e-41
1.097497265771006931e-40
6.027729103201060721e-41
-2.466724880416873495e-41
-9.487569988933526181e-41
-1.089363633026494798e-40
-5.866522601139804748e-41
2.612770815017363007e-41
9.531329171056266265e-41
1.080789855626348703e-40
5.700366308403134333e-41
-2.763084748908456600e-41
-9.579504095796980107e-41
-1.072855085162600325e-40
-5.543314951500596436e-41
2.903568954028486801e-41
9.621777130614274339e-41
1.065249970843786709e-40
5.401613155938549608e-41
-3.018516052283834126e-41
-9.635022804184244056e-41
-1.055305425111729430e-40
-5.249836812033597205e-41
3.127371155189084558e-41
9.629204039581738853e-41
1.042919319493009320e-40
5.076775458846482275e-41
-3.248702047524770508e-41
-9.626114258801730698e-41
-1.030152405835498188e-40
-4.898197258380433202e-41
3.373682763067776752e-41
9.624057369712044367e-41
1.017387843220628077e-40
4.720630519362895587e-41
-3.496301394133344743e-41
-9.620219343972862316e-41
-1.004804246393042283e-40
-4.550187049156526407e-41
3.608025726865833736e-41
9.606699341713427074e-41
9.920128728896357300e-41
4.389754319634638333e-41
-3.697891661116880660e-41
-9.565116708807248886e-41
-9.766981199083492798e-41
-4.215527414980660440e-41
3.785654194677440439e-41
9.507015041027319874e-41
9.589325085076589929e-41
4.017015815063971662e-41
-3.891086701156532079e-41
-9.457635411688486950e-41
-9.413074022817312542e-41
-3.816149352413685112e-41
3.999719095048176078e-41
9.411556671969953866e-41
9.241341305275047017e-41
3.622254642983462145e-41
-4.099427342659069505e-41
-9.357436537707056693e-41
-9.066395306092162188e-41
-3.432609711361581533e-41
4.188252318492725687e-41
9.290544919911434157e-41
8.883670075507009712e-41
3.245933839181400463e-41
-4.261801041825969436e-41
-9.199926115220671526e-41
-8.676665605862463708e-41
-3.043024244756890731e-41
4.337907161368338910e-41
9.097717865587381229e-41
8.448353522808026084e-41
2.816020088657081356e-41
-4.434608685381672076e-41
-9.009223531557920331e-41
-8.226775206586827046e-41
-2.590603895805734254e-41
4.533080439804942717e-41
8.925390182116995768e-41
8.013415576415309819e-41
2.377381020189332664e-41
-4.616726729902169250e-41
-8.827647014846868896e-41
-7.791660288737234501e-41
-2.164656390621257091e-41
4.690943917605006449e-41
8.715517942359354554e-41
7.557180147702592398e-41
1.947257596711962953e-41
-4.758608288701020283e-41
-8.587233633832943372e-41
-7.302744085143681894e-41
-1.713562784285324545e-41
4.832940845027476226e-41
8.453781384609860072e-41
7.033263325626700738e-41
1.459659363780698865e-41
-4.927473383828514933e-41
-8.336801613942866960e-41
-6.774932500391536943e-41
-1.211505008903054192e-41
5.021388674590317563e-41
8.224499404646279656e-41
