4.528568496152125699e-38
4.527583589840626495e-38
4.524726399687327914e-38
4.520070917922283645e-38
4.513548573500945640e-38
4.505103500108325714e-38
4.494778376190977419e-38
4.482652074542113651e-38
4.468683087778215852e-38
4.452803089406131007e-38
4.435076821385509542e-38
4.415586080281760304e-38
4.394296131628510670e-38
4.371127593610756295e-38
4.346126899424401810e-38
4.319400384873573291e-38
4.290933682799582394e-38
4.260654954340221274e-38
4.228595655839971277e-38
4.194853766524457005e-38
4.159426404845205500e-38
4.122244310466686370e-38
4.083346789253933039e-38
4.042842505402799227e-38
4.000736496842985163e-38
3.956951060345593543e-38
3.911507082095175558e-38
3.864522819423585107e-38
3.816028330055805569e-38
3.765957219753180099e-38
3.714319382287838978e-38
3.661222368961477528e-38
3.606702059589326355e-38
3.550697734958717069e-38
3.493221610406511674e-38
3.434391585156180612e-38
3.374255934994514229e-38
3.312748482471204320e-38
3.249863189788977835e-38
3.185717136158525216e-38
3.120381117837078179e-38
3.053806026917791477e-38
2.985978277351205262e-38
2.917003004508045484e-38
2.846952351002109722e-38
2.775782244329023418e-38
2.703481007518988484e-38
2.630159795025337260e-38
2.555904716786012038e-38
2.480672542759443779e-38
2.404432486691811383e-38
2.327286912047579201e-38
2.249338996917965336e-38
2.170565618887116771e-38
2.090934849472347052e-38
2.010534832695892537e-38
1.929466255060222797e-38
1.847710425812533281e-38
1.765234884386288773e-38
1.682131743279485476e-38
1.598515223370152110e-38
1.514372104082265758e-38
1.429654039513162496e-38
1.344436346732474762e-38
1.258843456142931076e-38
1.172883930308055495e-38
1.086513287739974271e-38
9.997946732696136471e-39
9.128451335795558462e-39
8.256754584668229572e-39
7.382408055713334811e-39
6.506039602638166762e-39
5.628942923337147877e-39
4.751328543443227608e-39
3.872623223485705347e-39
2.993244708708419965e-39
2.114491932987676097e-39
1.236786135438655446e-39
3.596486063976991844e-40
-5.166114793602169315e-40
-1.390790121856640659e-39
-2.262477761609921040e-39
-3.132172809355598818e-39
-3.999590199949947266e-39
-4.863446868641060804e-39
-5.723195610263036516e-39
-6.579405709661397058e-39
-7.432030063328393095e-39
-8.279863775858118457e-39
-9.122199977794523745e-39
-9.959462715420184648e-39
-1.079167259091347107e-38
-1.161775113957420896e-38
-1.243701758424098842e-38
-1.324992913494534411e-38
-1.405655407255526919e-38
-1.485577221843380788e-38
-1.564676045890693062e-38
-1.642996610037696254e-38
-1.720569746838448239e-38
-1.797299001268365727e-38
-1.873090586666107577e-38
-1.947973648791163021e-38
-2.021979556639287335e-38
-2.095024327070708850e-38
-2.167020282987765225e-38
-2.237998842750461079e-38
-2.307998664205846675e-38
-2.376935239296309508e-38
-2.444706522904682815e-38
-2.511337807674294551e-38
-2.576886829548618200e-38
-2.641290642496672754e-38
-2.704444341865676018e-38
-2.766355788130942648e-38
-2.827078038732771662e-38
-2.886559967427577039e-38
-2.944704604553114909e-38
-3.001522374746279273e-38
-3.057075327238580110e-38
-3.111316018430471207e-38
-3.164135304053057469e-38
-3.215532329335574564e-38
-3.265582039387518280e-38
-3.314262499631927299e-38
-3.361469994862895447e-38
-3.407187993061745732e-38
-3.451482901059025471e-38
-3.494340593096474143e-38
-3.535666776934417917e-38
-3.575448892540036913e-38
-3.613761328779670529e-38
-3.650598526098983498e-38
-3.685858040297586634e-38
-3.719511530755566706e-38
-3.751639399360286062e-38
-3.782261073792936113e-38
-3.811287742905151168e-38
-3.838679752525197673e-38
-3.864504963512525595e-38
-3.888787750036561943e-38
-3.911447452698040237e-38
-3.932448791406724489e-38
-3.951867629130161547e-38
-3.969738800868248792e-38
-3.985979799143027915e-38
-4.000538077944784003e-38
-4.013486826571147916e-38
-4.024883262681693695e-38
-4.034663871540269479e-38
-4.042771967810569678e-38
-4.049266357912511103e-38
-4.054204510287112930e-38
-4.057531301371798872e-38
-4.059193572417941987e-38
-4.059256652634735949e-38
-4.057790232428837899e-38
-4.054742668447513459e-38
-4.050045020044112325e-38
-4.043752197739265999e-38
-4.035951209732565496e-38
-4.026612329492812258e-38
-4.015668841559424761e-38
-4.003162239710597016e-38
-3.989174323483673172e-38
-3.973682813486763639e-38
-3.956624324663928406e-38
-3.938044141809063832e-38
-3.918036700071703226e-38
-3.896586937279292301e-38
-3.873619258270961260e-38
-3.849162937117077351e-38
-3.823321482349334946e-38
-3.796103602890104453e-38
-3.767441348827954769e-38
-3.737352714474042205e-38
-3.705932488868609137e-38
-3.673193613136744121e-38
-3.639071955437191901e-38
-3.603587063566755510e-38
-3.566844944307419977e-38
-3.528869858505925640e-38
-3.489589775328874036e-38
-3.449005568255881845e-38
-3.407223602016081460e-38
-3.364290584285853039e-38
-3.320148802906341994e-38
-3.274791364064593522e-38
-3.228313303635887044e-38
-3.180762604963848377e-38
-3.132085340610487258e-38
-3.082274826412898643e-38
-3.031435096669546800e-38
-2.979628257007586652e-38
-2.926797772972879528e-38
-2.872917890674307351e-38
-2.818084774960135800e-38
-2.762378403780801684e-38
-2.705761697723954676e-38
-2.648205934961554267e-38
-2.589794845903028923e-38
-2.530606488460166375e-38
-2.470605892996765448e-38
-2.409763542088556941e-38
