1.909029507277853608e-43
1.544127546234015567e-43
6.161340912822276687e-44
-4.593619799435485107e-44
-1.225815932059668029e-43
-1.406015288512530526e-43
-1.020422080941488223e-43
-3.470782853358077191e-44
2.474538433937409605e-44
5.084684874125968769e-44
4.135919919899480680e-44
1.513050482894193921e-44
-2.099057490342643554e-45
5.046780497755415596e-45
3.163954723556192123e-44
5.562758751598470699e-44
5.219496784174950487e-44
1.073219011007237882e-44
-5.592595472717494862e-44
-1.160729686237642787e-43
-1.355684915342005998e-43
-9.713726002488025871e-44
-1.161564431740222156e-44
8.550751465836516172e-44
1.509485643776733322e-43
1.552179078803798009e-43
9.747566761409294880e-44
5.657450396443073671e-45
-7.812670005849461638e-44
-1.189073798630667412e-43
-1.054481884187347951e-43
-5.360604804819622457e-44
4.651641688305402419e-45
3.991692811167961606e-44
4.104142418379213022e-44
1.918785259533841043e-44
-1.516119156397438483e-45
-6.190927859811594508e-46
2.492038943594288659e-44
5.816337526671089219e-44
7.239432128094699760e-44
4.820911379730531810e-44
-1.262344487764898454e-44
-8.512885817338354929e-44
-1.328922586427473275e-43
-1.275358514435217632e-43
-6.512519060963413779e-44
2.983296360681717019e-44
1.154541455732508297e-43
1.530844682801846139e-43
1.266537539142155237e-43
5.045760743996282805e-44
-3.876296242539037036e-44
-1.010052996970327411e-43
-1.129601609636250349e-43
-7.814907103241417474e-44
-2.235117277315245864e-44
2.244833390255113769e-44
3.621935235751451532e-44
2.089392028598042317e-44
-3.156857812966252435e-45
-1.158027385605118805e-44
7.535365969839472847e-45
4.523074794644917880e-44
7.636005414608840547e-44
7.481061942660041538e-44
3.045963258708515296e-44
-4.224231074863263384e-44
-1.096922015917690293e-43
-1.362282306970996605e-43
-1.036712165233927358e-43
-2.239621957649712407e-44
7.247339148219890945e-44
1.380857348957120101e-43
1.452523624724701400e-43
9.289926794783516682e-44
7.897004785618598843e-45
-6.948424016286120954e-44
-1.064073616299946659e-43
-9.326436987932243338e-44
-4.625193136065528582e-44
3.948983585006374803e-45
3.047798995506906860e-44
2.506545845235570638e-44
1.014679249670273343e-45
-1.691312842069115653e-44
-9.322176866538491664e-45
2.455979276223644407e-44
6.523783336241623735e-44
8.408562972288845729e-44
6.094388575402783745e-44
-2.056604233013706036e-45
-7.886886546284205267e-44
-1.317949306893223885e-43
-1.313407859501764423e-43
-7.275665100648350255e-44
2.005107473387256406e-44
1.056930522801837949e-43
1.458231332637797967e-43
1.242141640696901015e-43
5.429482252898659791e-44
-2.874479974055046045e-44
-8.676405911601175361e-44
-9.799486663256462580e-44
-6.650489999036161821e-44
-1.723270851548871792e-44
1.988916171736431459e-44
2.735409547032614985e-44
9.120178276624298102e-45
-1.366208891701055018e-44
-1.734620977592261693e-44
8.122168376328462464e-45
5.154034779987832258e-44
8.599460735500936397e-44
8.463245046368728472e-44
3.764579472512427570e-44
-3.952728061571694714e-44
-1.121093708637233180e-43
-1.434265787769294775e-43
-1.145733429407133971e-43
-3.541022655344631300e-44
5.937334377141424211e-44
1.272634984719324894e-43
1.390647460732546121e-43
9.303564660002089804e-44
1.463280348225703106e-44
-5.773070686533410887e-44
-9.290198068480141754e-44
-8.208526456499862587e-44
-4.093203408699050579e-44
1.763270514577082278e-45
2.174492090332946336e-44
1.306984916623658713e-44
-9.808100329164784771e-45
-2.255445327469913578e-44
-7.558762250465373936e-45
3.351911121474878477e-44
7.901794964081265068e-44
9.913832153660918292e-44
7.377016168485466606e-44
6.021916474468017631e-45
-7.669873312599104908e-44
-1.354219709982766320e-43
-1.397076792969542699e-43
-8.419382090658311101e-44
7.612509032162807011e-45
9.459256968208971491e-44
1.384376297240058125e-43
1.224571975696113650e-43
5.892517026481756873e-44
-1.868089528912113166e-44
-7.400033693081628749e-44
-8.644946478425005245e-44
-6.011650200970150320e-44
-1.858936783893176562e-44
1.058349044005924406e-44
1.248247450672019841e-44
-7.116220526657057654e-45
-2.667229054594830174e-44
-2.366049926317847309e-44
9.812278843299287274e-45
6.015086355957985850e-44
9.864650817886031807e-44
9.775865938242898049e-44
4.809726735872863775e-44
-3.378285785071758519e-44
-1.117951906640359837e-43
-1.481165319060467739e-43
-1.229854264207787133e-43
-4.567548048653732833e-44
4.951427712909128420e-44
1.202472810866776663e-43
1.371127780753229462e-43
9.753249110611410806e-44
2.547592971314528536e-44
-4.245652243580478798e-44
-7.665965401199661876e-44
-6.900670179494436270e-44
-3.455720848361674052e-44
-3.027194744692562646e-46
1.196280244627662229e-44
-1.459885222954483691e-45
-2.489755241454987174e-44
-3.419244976818494442e-44
-1.313501479638401473e-44
3.456831826840159478e-44
8.530018431872823702e-44
1.080087488543483786e-43
8.228835350576122439e-44
1.174926578686025210e-44
-7.528225266390004806e-44
-1.388342087103864634e-43
-1.475407279786611924e-43
-9.522270009386082757e-44
-4.681301657792276025e-45
8.350059439263460119e-44
1.312021734628177519e-43
1.213120409666511431e-43
6.492085065249946811e-44
-6.270171724896214167e-45
-5.775269863229373681e-44
-7.021148710133371863e-44
-4.789614767677196864e-44
-1.328071796746545083e-44
8.175150053028031761e-45
3.900600377097923405e-45
-1.856856758726588314e-44
-3.711356153447525228e-44
-2.990266164635791859e-44
9.366354491267367909e-45
6.523411850668177576e-44
1.074769525632278891e-43
1.077849441963495611e-43
5.678369249766988019e-44
-2.842352469633550073e-44
-1.109797268071922168e-43
-1.522423523695364220e-43
-1.316095711217444902e-43
-5.749322438614362781e-44
3.661838153964030444e-44
1.089594139078482875e-43
1.301612607054161668e-43
9.689950962191609256e-44
3.160133039418470245e-44
-3.108939420752150245e-44
-6.327406998234342330e-44
-5.762799852866202773e-44
-2.874188623390738452e-44
-1.945088063203227396e-45
3.291092179237868694e-45
-1.456643932758632844e-44
-3.859160489239336325e-44
-4.464578960255601656e-44
-1.766393987134428647e-44
3.687929222614364213e-44
9.358377230137916196e-44
1.201002376655553836e-43
9.544906201364831532e-44
2.332918356261328039e-44
-6.741148045020756140e-44
-1.360392514430570024e-43
-1.502531946237267899e-43
-1.027898279204349276e-43
-1.532246033355029572e-44
7.250705489747016648e-44
1.230139443837170617e-43
1.187099512777970406e-43
6.937295293314154420e-44
4.695308972198363508e-45
-4.291150941816373871e-44
-5.557568082740033698e-44
-3.778607948698128455e-44
-1.091100157627931217e-44
1.716498036064982354e-45
-1.002067425536058366e-44
-3.661881483990801269e-44
-5.507154357656240153e-44
-4.388573089834479671e-44
1.954457813331260226e-45
6.525145172373081768e-44
1.140930756673441947e-43
1.188981433593036230e-43
6.959917420643107924e-44
-1.683919168938190694e-44
-1.032281530490844090e-43
-1.501548075378991805e-43
-1.358182298466181110e-43
-6.712021254441261934e-44
2.397541562807213276e-44
9.682189831630458422e-44
1.223459070880561714e-43
9.643041392803132398e-44
3.967962742565812224e-44
-1.565034671736171827e-44
-4.386276859379909825e-44
-3.891557985352428637e-44
-1.533754358264063687e-44
2.931689545925236628e-45
-1.300478086035140302e-45
-2.711720123896374226e-44
-5.571038160944703162e-44
-6.210411166271500571e-44
-3.151744586839511033e-44
2.941598484197839925e-44
9.365697412930175326e-44
1.271428450236109336e-43
1.074392270053751475e-43
3.725875133328735711e-44
-5.496775118814033814e-44
-1.282899613115100706e-43
-1.495041787902621288e-43
-1.098081432458843688e-43
-2.896135416538343335e-44
5.522038255852752087e-44
1.062554290931870558e-43
1.067955946183524693e-43
6.551709252312372919e-44
9.987464021740900386e-45
-2.991274129417110675e-44
-3.844344231413627935e-44
-2.115580965328011304e-44
8.840152617050671082e-46
5.863308897858997987e-45
-1.411090869773256041e-44
-4.731097280169013294e-44
-6.914196404021766982e-44
-5.749806028451159970e-44
-7.718693993080855403e-45
6.191425008030623196e-44
1.179978687536445503e-43
1.293759138321176696e-43
8.459876069312049697e-44
-3.516901477280758011e-46
-8.871652737098509451e-44
-1.408264635620567157e-43
-1.338664316624443798e-43
-7.307636703855032980e-44
1.152932350319083075e-44
8.100796046027278821e-44
1.072132606161919358e-43
8.582634669121664956e-44
3.609633296319229143e-44
-1.185196415549893381e-44
-3.454146721353537379e-44
-2.750730676406735880e-44
-5.734945862071746925e-45
7.572124050189433132e-45
-3.161642579413285903e-45
-3.508519806916376353e-44
-6.775080315433772680e-44
-7.526889769573600278e-44
-4.278611952410087263e-44
2.245153190894876316e-44
9.237871235677155692e-44
1.317537050571764991e-43
1.170184219940220711e-43
4.996699585959875499e-44
-4.157850778547027717e-44
-1.168658102416508969e-43
-1.423613295931559786e-43
-1.083441129105933697e-43
-3.318278017165001205e-44
4.683727556999410557e-44
9.645073583752107704e-44
9.879390707049513776e-44
6.206138962935788183e-44
1.243972658036966096e-44
-2.206595987935512900e-44
-2.746279503626848923e-44
-1.033307305595977573e-44
8.262930138639358424e-45
7.518504085697137528e-45
-1.880536551987780134e-44
-5.722157368318856285e-44
-8.181353509603834982e-44
-6.993332622237144855e-44
-1.719872941850842653e-44
5.720922974994755543e-44
1.186705579936895436e-43
1.347966265035148204e-43
9.313824398760242217e-44
9.068328756835640041e-45
-8.080743912440095735e-44
-1.365020281686765256e-43
-1.344211297259327134e-43
-7.864605599035039106e-44
2.127280271109127526e-45
7.009557289801022364e-44
9.771961439101660981e-44
8.050771415658077041e-44
3.671015597689522035e-44
-5.152450902620535830e-45
-2.334237889080861593e-44
-1.470273232037247561e-44
5.337378635512747146e-45
1.412995783779126853e-44
-2.535781066543689262e-45
-4.007172786896110860e-44
-7.646378077307557997e-44
-8.488856122226916182e-44
-5.040545758269088603e-44
1.905707273749181053e-44
9.425408379064647801e-44
1.386014893212787948e-43
1.273436258214800615e-43
6.145281170104404558e-44
-3.157104407288025511e-44
-1.107715004155674707e-43
-1.419122679402055495e-43
-1.141442173482214761e-43
-4.445043990975957771e-44
3.223050289118009404e-44
8.157530807119104866e-44
8.694225959786398350e-44
5.587624481522100796e-44
1.313216091188104949e-44
-1.513920935519149362e-44
-1.666804464140077732e-44
9.246299647404342184e-46
1.655512594491546394e-44
1.040160184835111681e-44
-2.210264210800952736e-44
-6.562995282084212105e-44
-9.280539086688375787e-44
-8.029951017457469551e-44
-2.393773106449028500e-44
5.616049680364685514e-44
1.240144323826080030e-43
1.457883418809938967e-43
1.077945628754217437e-43
2.459392737014356477e-44
-6.747112044344919369e-44
-1.280861882520805655e-43
-1.327548432089370750e-43
-8.417775836631953880e-44
-9.425206434205883540e-45
5.519509915184611938e-44
8.308651251826497502e-44
6.981657880328878754e-44
3.269477974816833821e-44
-1.525815753816438400e-45
-1.323592060281250599e-44
-1.130688664010905626e-45
1.836496423964163291e-44
2.276697905735742841e-44
-8.793497614186530287e-46
-4.603347544086011664e-44
-8.862177827773267731e-44
-1.002458716596655733e-43
-6.527107103487563913e-44
8.096972221035825407e-45
8.954773713633228220e-44
1.409758866492455712e-43
1.360162545911519715e-43
7.427417402865094605e-44
-1.762724000789917713e-44
-9.897526472842781543e-44
-1.350950403695640193e-43
-1.140527169089542617e-43
-5.125592862912956769e-44
2.010873368970444608e-44
6.720808290448779498e-44
7.418937956888854400e-44
4.839261187598308184e-44
1.334047145113904816e-44
-6.796838085706059139e-45
-1.928861711684770514e-45
1.859892576785924118e-44
3.295226666365130091e-44
2.173172293738085841e-44
-1.820113910686095746e-44
-6.953850337963545024e-44
-1.029593185330120728e-43
-9.374916073004207935e-44
-3.721166363990818614e-44
4.617538165618807963e-44
1.193948836265852986e-43
1.472002027393715665e-43
1.144353065278733997e-43
3.441922592752256925e-44
-5.729845719299478405e-44
-1.205979781493191709e-43
-1.305019612612059293e-43
-8.857216406206821426e-44
-2.025343487536584411e-44
3.990012467951778713e-44
6.669237419077306731e-44
5.628433787369761209e-44
2.550878055720340758e-44
-3.840590521634774615e-46
-3.929506059717645930e-45
1.402537422920042365e-44
3.556493593475436533e-44
3.782531504328565093e-44
8.656806625921587346e-45
-4.371105776699205032e-44
-9.317964280322610536e-44
-1.095912924252297116e-43
-7.627288329060715482e-44
-1.289113456884467259e-45
8.439427702548565895e-44
1.414884932171452406e-43
1.422250618773173834e-43
8.486458832420070633e-44
-5.027425948100888057e-45
-8.733029207787463372e-44
-1.273623306538376204e-43
-1.125072424925930587e-43
-5.684953949747423747e-44
8.165113347684265196e-45
5.143724278200038328e-44
5.831702917192047296e-44
3.637858255456450745e-44
8.234725667902671256e-45
-3.808856658703311006e-45
8.054838724027989407e-45
3.249729502818909962e-44
4.663788650076692622e-44
3.127484824291583854e-44
-1.540906201774509907e-44
-7.413258497477206619e-44
-1.135789314313256605e-43
-1.075797345973600006e-43
-5.084476356101828944e-44
3.587245413045208806e-44
1.146310950986781698e-43
1.489153073525848614e-43
1.222231922261693306e-43
4.665625484375921322e-44
-4.316016906387005915e-44
-1.075831711089325936e-43
-1.215177657018648420e-43
-8.571910817432016972e-44
-2.418922498259400096e-44
3.031446535228495235e-44
5.425580654940345025e-44
4.477261972799285277e-44
1.860195179729762586e-44
-2.348889682995117103e-46
3.691825187026074403e-45
2.732324399930612976e-44
5.106544186921709792e-44
5.142889805738734724e-44
1.682947585845386172e-44
-4.300447497596419043e-44
-1.000580746741065194e-43
-1.224072807157357765e-43
-9.219219673863638614e-44
-1.705403625938402044e-44
7.175500411121434854e-44
1.341350233138305296e-43
1.411840533624357798e-43
8.988079619030715775e-44
4.531850351802275103e-45
-7.577090131415439772e-44
-1.169007640071313458e-43
-1.060955552011130324e-43
-5.648543139198061488e-44
2.121183308596954314e-45
4.054209034028817657e-44
4.573768486258660536e-44
2.602404359772713787e-44
3.578676171348672527e-45
-8.241296986201295153e-46
1.846084867528216148e-44
4.800738462303916568e-44
6.356633204801822599e-44
4.568150646849385940e-44
-6.620978265329173459e-45
-7.247993572321240873e-44
-1.187896882758150705e-43
-1.178758856657235678e-43
-6.353435859865929402e-44
2.372340451394018582e-44
1.056170551112988559e-43
1.448586212021266464e-43
1.238734885348279296e-43
5.351335471163914115e-44
-3.285016332215010970e-44
-9.657407167633482114e-44
-1.130014130869908591e-43
-8.250967976338033559e-44
-2.784957981930059629e-44
2.010063043386743552e-44
3.977508456621027008e-44
2.971452169231057413e-44
6.971070159640989008e-45
-5.366113409226515773e-45
6.237130160585316220e-45
3.649564367053945683e-44
6.400107716961675181e-44
6.442435325519278514e-44
2.649260219078734915e-44
-3.884006175415040812e-44
-1.019149998122528127e-43
-1.292735898810455976e-43
-1.019977512503152550e-43
-2.727344372623813946e-44
6.357090133738140980e-44
1.299738389873735640e-43
1.422927451626496950e-43
9.652929480248576114e-44
1.583070110150422349e-44
-6.189056548693238941e-44
-1.034076095348969824e-43
-9.621941713548990732e-44
-5.282089176068277508e-44
-1.503874627099279501e-45
3.057557847713888247e-44
3.226775159853342431e-44
1.296316431066711026e-44
-5.326028256263714094e-45
-3.208388741872372720e-45
2.283510684958341641e-44
5.725152454868327449e-44
7.438045787856830199e-44
5.447927667000298931e-44
-2.617966671079083986e-45
-7.454762114770622423e-44
-1.265596140728783061e-43
-1.296628641265663451e-43
-7.690650115497036554e-44
1.136902825363131439e-44
9.660962541438055747e-44
1.409420110515208076e-43
1.259550597793547592e-43
6.143340580107024046e-44
-2.046364031078755402e-44
-8.222111146947722129e-44
-9.987421308303832406e-44
-7.371381715249085371e-44
-2.547229895046240767e-44
1.574608602153877492e-44
3.039421685892462037e-44
1.859383892440995226e-44
-2.040743418299192872e-45
-9.106569128959627240e-45
9.221899144025537676e-45
4.552233013095617218e-44
7.654627377247988253e-44
7.699699100749156206e-44
3.572668549838322446e-44
-3.526578034229998343e-44
-1.047931985809251602e-43
-1.378712186553806471e-43
-1.144180243248157664e-43
-4.097646998132181178e-44
5.125344476918267063e-44
1.213984773945143879e-43
1.391243054354995144e-43
9.939873822447580897e-44
2.407701193176860529e-44
-5.026648806138771359e-44
-9.143903730083182381e-44
-8.728040298033088349e-44
-4.967599520610154421e-44
-5.395337345134685289e-45
2.044920055096998370e-44
1.862648117536728535e-44
-3.429426074528115952e-46
-1.451239060137608887e-44
-5.728232815653273192e-45
2.756056944439014882e-44
6.777810583722500361e-44
8.782327854039950335e-44
6.746052852943220201e-44
6.976617955517280536e-45
-7.016298989342352263e-44
-1.278655299601200799e-43
-1.358967996897280966e-43
-8.634994421443076629e-44
1.042055134229181647e-45
8.796109712364578209e-44
1.363430789282666659e-43
1.270779657261324872e-43
6.872671845774866990e-44
-8.137491640613523739e-45
-6.756321460861014778e-44
-8.660710199205234000e-44
-6.558647082322687349e-44
-2.509972995844699911e-44
7.793397250671324512e-45
1.587947046436505648e-44
1.127397505744166861e-45
-1.811289570639430835e-44
-2.003660053072627317e-44
5.509893358286260849e-45
4.897518181960937890e-44
8.523475999560885250e-44
8.789727323815483018e-44
4.568197012483643829e-44
-2.874690332483737723e-44
-1.030954735166750629e-43
-1.411865962039844945e-43
-1.218828899521693599e-43
-5.089154899054017275e-44
4.117600552311381022e-44
1.137182015472717775e-43
1.362135804078343815e-43
1.028435322019089849e-43
3.407757388647757956e-44
-3.524333540657357593e-44
-7.451405867086685976e-44
-7.243893185485248806e-44
-4.062944097243511268e-44
-4.402430975536046360e-45
1.335748491906271733e-44
5.699573397344872318e-45
-1.528839803459104960e-44
-2.731129207461936531e-44
-1.313954356833905041e-44
2.697436267433951074e-44
7.342399759708722325e-44
9.749074459824679413e-44
7.813276941110490040e-44
1.570577842060676243e-44
-6.558755418082231257e-44
-1.285682108055697334e-43
-1.418452287297151483e-43
-9.645440706496209292e-44
-1.126284172041739123e-44
7.599318550524451704e-44
1.274047268774676659e-43
1.234302599801624480e-43
7.154443626168844549e-44
7.225051859843063326e-46
-5.479865279212646098e-44
-7.335387859956280105e-44
-5.559832217619430710e-44
-2.130246191416289944e-44
4.277858227968316941e-45
6.139726945640244252e-45
-1.187231075641284087e-44
-3.049026243041465669e-44
-2.821113912346549517e-44
3.777266324842408021e-45
5.405943717812302879e-44
9.574512495351118074e-44
1.012582970719217186e-43
5.891582293069652584e-44
-1.831298799239038627e-44
-9.735220298118489883e-44
-1.410059541273378509e-43
-1.270483918606673388e-43
-6.013386628707248492e-44
3.002765464980678835e-44
1.034005878425209213e-43
1.294620338893745677e-43
1.016544849432970901e-43
3.900596474732067171e-44
-2.546541797696017730e-44
-6.280435692336568658e-44
-6.259402592806541580e-44
-3.616129469544564490e-44
-7.379468653439584246e-45
3.033323152337757336e-45
-9.699405987147829435e-45
-3.202495613564129159e-44
-4.133555274362067304e-44
-2.126021656925292053e-44
2.629016019650288407e-44
7.982789737341051517e-44
1.090747247594925912e-43
9.208225848020044667e-44
2.901948719239246228e-44
-5.550261658172745958e-44
-1.234905567731535981e-43
-1.424921817568218272e-43
-1.023542834597509423e-43
-2.076018848684727329e-44
6.552542413922297078e-44
1.190726580024288699e-43
1.200624737418798623e-43
7.483567141737367993e-44
1.056404700096358946e-44
-4.050648639218222774e-44
-5.824902031119859042e-44
-4.384235629747645956e-44
-1.631649304215295246e-44
8.903793051734373017e-46
-4.902945418903725211e-45
-2.777309784980955105e-44
-4.725446760674340000e-44
-4.183225527627626985e-44
-3.764312034053032096e-45
5.380530109520647471e-44
1.021488587882866895e-43
1.122168183357042428e-43
7.148620815218442065e-44
-7.224952152134341809e-45
-9.038798470952165156e-44
-1.398845281164487680e-43
-1.322395032209130513e-43
-7.070099489264157956e-44
1.634923998499436723e-44
8.981906507046206418e-44
1.194278182867186213e-43
9.795802594859750042e-44
4.292329847080906319e-44
-1.467292352813715542e-44
-4.780501941904424838e-44
-4.727903032842039734e-44
-2.451308600602041699e-44
-2.284671000521399646e-45
6.225777603937050353e-46
-1.842171597452947396e-44
-4.417626870338503231e-44
-5.327107275780970569e-44
-2.962662426185462096e-44
2.370777366830801671e-44
8.367310694784880392e-44
1.184348946346265494e-43
1.048434787406468837e-43
4.239435175564878166e-44
-4.441175919135033077e-44
-1.171607992390639177e-43
-1.425072793984011598e-43
-1.090307358083167242e-43
-3.295950005950025662e-44
5.028695063006936489e-44
1.041448786827865637e-43
1.088531383188115096e-43
6.986302659061955191e-44
1.267420845339550830e-44
-3.245582676183233887e-44
-4.708093618639990788e-44
-3.320091073860820422e-44
-9.538933032857492734e-45
1.781326979988840276e-45
-1.005929689797655194e-44
-3.734515315243538568e-44
-5.842429623417451645e-44
-5.147462094098554414e-44
-9.287037964418193511e-45
5.389033223796471895e-44
1.080108202409987774e-43
1.228029453896536358e-43
8.481840739534686958e-44
6.342061405598647815e-45
